,350.0,351.0,352.0,353.0,354.0,355.0,356.0,357.0,358.0,359.0,360.0,361.0,362.0,363.0,364.0,365.0,366.0,367.0,368.0,369.0,370.0,371.0,372.0,373.0,374.0,375.0,376.0,377.0,378.0,379.0,380.0,381.0,382.0,383.0,384.0,385.0,386.0,387.0,388.0,389.0,390.0,391.0,392.0,393.0,394.0,395.0,396.0,397.0,398.0,399.0,400.0,401.0,402.0,403.0,404.0,405.0,406.0,407.0,408.0,409.0,410.0,411.0,412.0,413.0,414.0,415.0,416.0,417.0,418.0,419.0,420.0,421.0,422.0,423.0,424.0,425.0,426.0,427.0,428.0,429.0,430.0,431.0,432.0,433.0,434.0,435.0,436.0,437.0,438.0,439.0,440.0,441.0,442.0,443.0,444.0,445.0,446.0,447.0,448.0,449.0,450.0,451.0,452.0,453.0,454.0,455.0,456.0,457.0,458.0,459.0,460.0,461.0,462.0,463.0,464.0,465.0,466.0,467.0,468.0,469.0,470.0,471.0,472.0,473.0,474.0,475.0,476.0,477.0,478.0,479.0,480.0,481.0,482.0,483.0,484.0,485.0,486.0,487.0,488.0,489.0,490.0,491.0,492.0,493.0,494.0,495.0,496.0,497.0,498.0,499.0,500.0,501.0,502.0,503.0,504.0,505.0,506.0,507.0,508.0,509.0,510.0,511.0,512.0,513.0,514.0,515.0,516.0,517.0,518.0,519.0,520.0,521.0,522.0,523.0,524.0,525.0,526.0,527.0,528.0,529.0,530.0,531.0,532.0,533.0,534.0,535.0,536.0,537.0,538.0,539.0,540.0,541.0,542.0,543.0,544.0,545.0,546.0,547.0,548.0,549.0,550.0,551.0,552.0,553.0,554.0,555.0,556.0,557.0,558.0,559.0,560.0,561.0,562.0,563.0,564.0,565.0,566.0,567.0,568.0,569.0,570.0,571.0,572.0,573.0,574.0,575.0,576.0,577.0,578.0,579.0,580.0,581.0,582.0,583.0,584.0,585.0,586.0,587.0,588.0,589.0,590.0,591.0,592.0,593.0,594.0,595.0,596.0,597.0,598.0,599.0,600.0,601.0,602.0,603.0,604.0,605.0,606.0,607.0,608.0,609.0,610.0,611.0,612.0,613.0,614.0,615.0,616.0,617.0,618.0,619.0,620.0,621.0,622.0,623.0,624.0,625.0,626.0,627.0,628.0,629.0,630.0,631.0,632.0,633.0,634.0,635.0,636.0,637.0,638.0,639.0,640.0,641.0,642.0,643.0,644.0,645.0,646.0,647.0,648.0,649.0,650.0,651.0,652.0,653.0,654.0,655.0,656.0,657.0,658.0,659.0,660.0,661.0,662.0,663.0,664.0,665.0,666.0,667.0,668.0,669.0,670.0,671.0,672.0,673.0,674.0,675.0,676.0,677.0,678.0,679.0,680.0,681.0,682.0,683.0,684.0,685.0,686.0,687.0,688.0,689.0,690.0,691.0,692.0,693.0,694.0,695.0,696.0,697.0,698.0,699.0,700.0,701.0,702.0,703.0,704.0,705.0,706.0,707.0,708.0,709.0,710.0,711.0,712.0,713.0,714.0,715.0,716.0,717.0,718.0,719.0,720.0,721.0,722.0,723.0,724.0,725.0,726.0,727.0,728.0,729.0,730.0,731.0,732.0,733.0,734.0,735.0,736.0,737.0,738.0,739.0,740.0,741.0,742.0,743.0,744.0,745.0,746.0,747.0,748.0,749.0,750.0,751.0,752.0,753.0,754.0,755.0,756.0,757.0,758.0,759.0,760.0,761.0,762.0,763.0,764.0,765.0,766.0,767.0,768.0,769.0,770.0,771.0,772.0,773.0,774.0,775.0,776.0,777.0,778.0,779.0,780.0,781.0,782.0,783.0,784.0,785.0,786.0,787.0,788.0,789.0,790.0,791.0,792.0,793.0,794.0,795.0,796.0,797.0,798.0,799.0,800.0,801.0,802.0,803.0,804.0,805.0,806.0,807.0,808.0,809.0,810.0,811.0,812.0,813.0,814.0,815.0,816.0,817.0,818.0,819.0,820.0,821.0,822.0,823.0,824.0,825.0,826.0,827.0,828.0,829.0,830.0,831.0,832.0,833.0,834.0,835.0,836.0,837.0,838.0,839.0,840.0,841.0,842.0,843.0,844.0,845.0,846.0,847.0,848.0,849.0,850.0,851.0,852.0,853.0,854.0,855.0,856.0,857.0,858.0,859.0,860.0,861.0,862.0,863.0,864.0,865.0,866.0,867.0,868.0,869.0,870.0,871.0,872.0,873.0,874.0,875.0,876.0,877.0,878.0,879.0,880.0,881.0,882.0,883.0,884.0,885.0,886.0,887.0,888.0,889.0,890.0,891.0,892.0,893.0,894.0,895.0,896.0,897.0,898.0,899.0,900.0,901.0,902.0,903.0,904.0,905.0,906.0,907.0,908.0,909.0,910.0,911.0,912.0,913.0,914.0,915.0,916.0,917.0,918.0,919.0,920.0,921.0,922.0,923.0,924.0,925.0,926.0,927.0,928.0,929.0,930.0,931.0,932.0,933.0,934.0,935.0,936.0,937.0,938.0,939.0,940.0,941.0,942.0,943.0,944.0,945.0,946.0,947.0,948.0,949.0,950.0,951.0,952.0,953.0,954.0,955.0,956.0,957.0,958.0,959.0,960.0,961.0,962.0,963.0,964.0,965.0,966.0,967.0,968.0,969.0,970.0,971.0,972.0,973.0,974.0,975.0,976.0,977.0,978.0,979.0,980.0,981.0,982.0,983.0,984.0,985.0,986.0,987.0,988.0,989.0,990.0,991.0,992.0,993.0,994.0,995.0,996.0,997.0,998.0,999.0,1000.0,1001.0,1002.0,1003.0,1004.0,1005.0,1006.0,1007.0,1008.0,1009.0,1010.0,1011.0,1012.0,1013.0,1014.0,1015.0,1016.0,1017.0,1018.0,1019.0,1020.0,1021.0,1022.0,1023.0,1024.0,1025.0,1026.0,1027.0,1028.0,1029.0,1030.0,1031.0,1032.0,1033.0,1034.0,1035.0,1036.0,1037.0,1038.0,1039.0,1040.0,1041.0,1042.0,1043.0,1044.0,1045.0,1046.0,1047.0,1048.0,1049.0,1050.0,1051.0,1052.0,1053.0,1054.0,1055.0,1056.0,1057.0,1058.0,1059.0,1060.0,1061.0,1062.0,1063.0,1064.0,1065.0,1066.0,1067.0,1068.0,1069.0,1070.0,1071.0,1072.0,1073.0,1074.0,1075.0,1076.0,1077.0,1078.0,1079.0,1080.0,1081.0,1082.0,1083.0,1084.0,1085.0,1086.0,1087.0,1088.0,1089.0,1090.0,1091.0,1092.0,1093.0,1094.0,1095.0,1096.0,1097.0,1098.0,1099.0,1100.0,1101.0,1102.0,1103.0,1104.0,1105.0,1106.0,1107.0,1108.0,1109.0,1110.0,1111.0,1112.0,1113.0,1114.0,1115.0,1116.0,1117.0,1118.0,1119.0,1120.0,1121.0,1122.0,1123.0,1124.0,1125.0,1126.0,1127.0,1128.0,1129.0,1130.0,1131.0,1132.0,1133.0,1134.0,1135.0,1136.0,1137.0,1138.0,1139.0,1140.0,1141.0,1142.0,1143.0,1144.0,1145.0,1146.0,1147.0,1148.0,1149.0,1150.0,1151.0,1152.0,1153.0,1154.0,1155.0,1156.0,1157.0,1158.0,1159.0,1160.0,1161.0,1162.0,1163.0,1164.0,1165.0,1166.0,1167.0,1168.0,1169.0,1170.0,1171.0,1172.0,1173.0,1174.0,1175.0,1176.0,1177.0,1178.0,1179.0,1180.0,1181.0,1182.0,1183.0,1184.0,1185.0,1186.0,1187.0,1188.0,1189.0,1190.0,1191.0,1192.0,1193.0,1194.0,1195.0,1196.0,1197.0,1198.0,1199.0,1200.0,1201.0,1202.0,1203.0,1204.0,1205.0,1206.0,1207.0,1208.0,1209.0,1210.0,1211.0,1212.0,1213.0,1214.0,1215.0,1216.0,1217.0,1218.0,1219.0,1220.0,1221.0,1222.0,1223.0,1224.0,1225.0,1226.0,1227.0,1228.0,1229.0,1230.0,1231.0,1232.0,1233.0,1234.0,1235.0,1236.0,1237.0,1238.0,1239.0,1240.0,1241.0,1242.0,1243.0,1244.0,1245.0,1246.0,1247.0,1248.0,1249.0,1250.0,1251.0,1252.0,1253.0,1254.0,1255.0,1256.0,1257.0,1258.0,1259.0,1260.0,1261.0,1262.0,1263.0,1264.0,1265.0,1266.0,1267.0,1268.0,1269.0,1270.0,1271.0,1272.0,1273.0,1274.0,1275.0,1276.0,1277.0,1278.0,1279.0,1280.0,1281.0,1282.0,1283.0,1284.0,1285.0,1286.0,1287.0,1288.0,1289.0,1290.0,1291.0,1292.0,1293.0,1294.0,1295.0,1296.0,1297.0,1298.0,1299.0,1300.0,1301.0,1302.0,1303.0,1304.0,1305.0,1306.0,1307.0,1308.0,1309.0,1310.0,1311.0,1312.0,1313.0,1314.0,1315.0,1316.0,1317.0,1318.0,1319.0,1320.0,1321.0,1322.0,1323.0,1324.0,1325.0,1326.0,1327.0,1328.0,1329.0,1330.0,1331.0,1332.0,1333.0,1334.0,1335.0,1336.0,1337.0,1338.0,1339.0,1340.0,1341.0,1342.0,1343.0,1344.0,1345.0,1346.0,1347.0,1348.0,1349.0,1350.0,1351.0,1352.0,1353.0,1354.0,1355.0,1356.0,1357.0,1358.0,1359.0,1360.0,1361.0,1362.0,1363.0,1364.0,1365.0,1366.0,1367.0,1368.0,1369.0,1370.0,1371.0,1372.0,1373.0,1374.0,1375.0,1376.0,1377.0,1378.0,1379.0,1380.0,1381.0,1382.0,1383.0,1384.0,1385.0,1386.0,1387.0,1388.0,1389.0,1390.0,1391.0,1392.0,1393.0,1394.0,1395.0,1396.0,1397.0,1398.0,1399.0,1400.0,1401.0,1402.0,1403.0,1404.0,1405.0,1406.0,1407.0,1408.0,1409.0,1410.0,1411.0,1412.0,1413.0,1414.0,1415.0,1416.0,1417.0,1418.0,1419.0,1420.0,1421.0,1422.0,1423.0,1424.0,1425.0,1426.0,1427.0,1428.0,1429.0,1430.0,1431.0,1432.0,1433.0,1434.0,1435.0,1436.0,1437.0,1438.0,1439.0,1440.0,1441.0,1442.0,1443.0,1444.0,1445.0,1446.0,1447.0,1448.0,1449.0,1450.0,1451.0,1452.0,1453.0,1454.0,1455.0,1456.0,1457.0,1458.0,1459.0,1460.0,1461.0,1462.0,1463.0,1464.0,1465.0,1466.0,1467.0,1468.0,1469.0,1470.0,1471.0,1472.0,1473.0,1474.0,1475.0,1476.0,1477.0,1478.0,1479.0,1480.0,1481.0,1482.0,1483.0,1484.0,1485.0,1486.0,1487.0,1488.0,1489.0,1490.0,1491.0,1492.0,1493.0,1494.0,1495.0,1496.0,1497.0,1498.0,1499.0,1500.0,1501.0,1502.0,1503.0,1504.0,1505.0,1506.0,1507.0,1508.0,1509.0,1510.0,1511.0,1512.0,1513.0,1514.0,1515.0,1516.0,1517.0,1518.0,1519.0,1520.0,1521.0,1522.0,1523.0,1524.0,1525.0,1526.0,1527.0,1528.0,1529.0,1530.0,1531.0,1532.0,1533.0,1534.0,1535.0,1536.0,1537.0,1538.0,1539.0,1540.0,1541.0,1542.0,1543.0,1544.0,1545.0,1546.0,1547.0,1548.0,1549.0,1550.0,1551.0,1552.0,1553.0,1554.0,1555.0,1556.0,1557.0,1558.0,1559.0,1560.0,1561.0,1562.0,1563.0,1564.0,1565.0,1566.0,1567.0,1568.0,1569.0,1570.0,1571.0,1572.0,1573.0,1574.0,1575.0,1576.0,1577.0,1578.0,1579.0,1580.0,1581.0,1582.0,1583.0,1584.0,1585.0,1586.0,1587.0,1588.0,1589.0,1590.0,1591.0,1592.0,1593.0,1594.0,1595.0,1596.0,1597.0,1598.0,1599.0,1600.0,1601.0,1602.0,1603.0,1604.0,1605.0,1606.0,1607.0,1608.0,1609.0,1610.0,1611.0,1612.0,1613.0,1614.0,1615.0,1616.0,1617.0,1618.0,1619.0,1620.0,1621.0,1622.0,1623.0,1624.0,1625.0,1626.0,1627.0,1628.0,1629.0,1630.0,1631.0,1632.0,1633.0,1634.0,1635.0,1636.0,1637.0,1638.0,1639.0,1640.0,1641.0,1642.0,1643.0,1644.0,1645.0,1646.0,1647.0,1648.0,1649.0,1650.0,1651.0,1652.0,1653.0,1654.0,1655.0,1656.0,1657.0,1658.0,1659.0,1660.0,1661.0,1662.0,1663.0,1664.0,1665.0,1666.0,1667.0,1668.0,1669.0,1670.0,1671.0,1672.0,1673.0,1674.0,1675.0,1676.0,1677.0,1678.0,1679.0,1680.0,1681.0,1682.0,1683.0,1684.0,1685.0,1686.0,1687.0,1688.0,1689.0,1690.0,1691.0,1692.0,1693.0,1694.0,1695.0,1696.0,1697.0,1698.0,1699.0,1700.0,1701.0,1702.0,1703.0,1704.0,1705.0,1706.0,1707.0,1708.0,1709.0,1710.0,1711.0,1712.0,1713.0,1714.0,1715.0,1716.0,1717.0,1718.0,1719.0,1720.0,1721.0,1722.0,1723.0,1724.0,1725.0,1726.0,1727.0,1728.0,1729.0,1730.0,1731.0,1732.0,1733.0,1734.0,1735.0,1736.0,1737.0,1738.0,1739.0,1740.0,1741.0,1742.0,1743.0,1744.0,1745.0,1746.0,1747.0,1748.0,1749.0,1750.0,1751.0,1752.0,1753.0,1754.0,1755.0,1756.0,1757.0,1758.0,1759.0,1760.0,1761.0,1762.0,1763.0,1764.0,1765.0,1766.0,1767.0,1768.0,1769.0,1770.0,1771.0,1772.0,1773.0,1774.0,1775.0,1776.0,1777.0,1778.0,1779.0,1780.0,1781.0,1782.0,1783.0,1784.0,1785.0,1786.0,1787.0,1788.0,1789.0,1790.0,1791.0,1792.0,1793.0,1794.0,1795.0,1796.0,1797.0,1798.0,1799.0,1800.0,1801.0,1802.0,1803.0,1804.0,1805.0,1806.0,1807.0,1808.0,1809.0,1810.0,1811.0,1812.0,1813.0,1814.0,1815.0,1816.0,1817.0,1818.0,1819.0,1820.0,1821.0,1822.0,1823.0,1824.0,1825.0,1826.0,1827.0,1828.0,1829.0,1830.0,1831.0,1832.0,1833.0,1834.0,1835.0,1836.0,1837.0,1838.0,1839.0,1840.0,1841.0,1842.0,1843.0,1844.0,1845.0,1846.0,1847.0,1848.0,1849.0,1850.0,1851.0,1852.0,1853.0,1854.0,1855.0,1856.0,1857.0,1858.0,1859.0,1860.0,1861.0,1862.0,1863.0,1864.0,1865.0,1866.0,1867.0,1868.0,1869.0,1870.0,1871.0,1872.0,1873.0,1874.0,1875.0,1876.0,1877.0,1878.0,1879.0,1880.0,1881.0,1882.0,1883.0,1884.0,1885.0,1886.0,1887.0,1888.0,1889.0,1890.0,1891.0,1892.0,1893.0,1894.0,1895.0,1896.0,1897.0,1898.0,1899.0,1900.0,1901.0,1902.0,1903.0,1904.0,1905.0,1906.0,1907.0,1908.0,1909.0,1910.0,1911.0,1912.0,1913.0,1914.0,1915.0,1916.0,1917.0,1918.0,1919.0,1920.0,1921.0,1922.0,1923.0,1924.0,1925.0,1926.0,1927.0,1928.0,1929.0,1930.0,1931.0,1932.0,1933.0,1934.0,1935.0,1936.0,1937.0,1938.0,1939.0,1940.0,1941.0,1942.0,1943.0,1944.0,1945.0,1946.0,1947.0,1948.0,1949.0,1950.0,1951.0,1952.0,1953.0,1954.0,1955.0,1956.0,1957.0,1958.0,1959.0,1960.0,1961.0,1962.0,1963.0,1964.0,1965.0,1966.0,1967.0,1968.0,1969.0,1970.0,1971.0,1972.0,1973.0,1974.0,1975.0,1976.0,1977.0,1978.0,1979.0,1980.0,1981.0,1982.0,1983.0,1984.0,1985.0,1986.0,1987.0,1988.0,1989.0,1990.0,1991.0,1992.0,1993.0,1994.0,1995.0,1996.0,1997.0,1998.0,1999.0,2000.0,2001.0,2002.0,2003.0,2004.0,2005.0,2006.0,2007.0,2008.0,2009.0,2010.0,2011.0,2012.0,2013.0,2014.0,2015.0,2016.0,2017.0,2018.0,2019.0,2020.0,2021.0,2022.0,2023.0,2024.0,2025.0,2026.0,2027.0,2028.0,2029.0,2030.0,2031.0,2032.0,2033.0,2034.0,2035.0,2036.0,2037.0,2038.0,2039.0,2040.0,2041.0,2042.0,2043.0,2044.0,2045.0,2046.0,2047.0,2048.0,2049.0,2050.0,2051.0,2052.0,2053.0,2054.0,2055.0,2056.0,2057.0,2058.0,2059.0,2060.0,2061.0,2062.0,2063.0,2064.0,2065.0,2066.0,2067.0,2068.0,2069.0,2070.0,2071.0,2072.0,2073.0,2074.0,2075.0,2076.0,2077.0,2078.0,2079.0,2080.0,2081.0,2082.0,2083.0,2084.0,2085.0,2086.0,2087.0,2088.0,2089.0,2090.0,2091.0,2092.0,2093.0,2094.0,2095.0,2096.0,2097.0,2098.0,2099.0,2100.0,2101.0,2102.0,2103.0,2104.0,2105.0,2106.0,2107.0,2108.0,2109.0,2110.0,2111.0,2112.0,2113.0,2114.0,2115.0,2116.0,2117.0,2118.0,2119.0,2120.0,2121.0,2122.0,2123.0,2124.0,2125.0,2126.0,2127.0,2128.0,2129.0,2130.0,2131.0,2132.0,2133.0,2134.0,2135.0,2136.0,2137.0,2138.0,2139.0,2140.0,2141.0,2142.0,2143.0,2144.0,2145.0,2146.0,2147.0,2148.0,2149.0,2150.0,2151.0,2152.0,2153.0,2154.0,2155.0,2156.0,2157.0,2158.0,2159.0,2160.0,2161.0,2162.0,2163.0,2164.0,2165.0,2166.0,2167.0,2168.0,2169.0,2170.0,2171.0,2172.0,2173.0,2174.0,2175.0,2176.0,2177.0,2178.0,2179.0,2180.0,2181.0,2182.0,2183.0,2184.0,2185.0,2186.0,2187.0,2188.0,2189.0,2190.0,2191.0,2192.0,2193.0,2194.0,2195.0,2196.0,2197.0,2198.0,2199.0,2200.0,2201.0,2202.0,2203.0,2204.0,2205.0,2206.0,2207.0,2208.0,2209.0,2210.0,2211.0,2212.0,2213.0,2214.0,2215.0,2216.0,2217.0,2218.0,2219.0,2220.0,2221.0,2222.0,2223.0,2224.0,2225.0,2226.0,2227.0,2228.0,2229.0,2230.0,2231.0,2232.0,2233.0,2234.0,2235.0,2236.0,2237.0,2238.0,2239.0,2240.0,2241.0,2242.0,2243.0,2244.0,2245.0,2246.0,2247.0,2248.0,2249.0,2250.0,2251.0,2252.0,2253.0,2254.0,2255.0,2256.0,2257.0,2258.0,2259.0,2260.0,2261.0,2262.0,2263.0,2264.0,2265.0,2266.0,2267.0,2268.0,2269.0,2270.0,2271.0,2272.0,2273.0,2274.0,2275.0,2276.0,2277.0,2278.0,2279.0,2280.0,2281.0,2282.0,2283.0,2284.0,2285.0,2286.0,2287.0,2288.0,2289.0,2290.0,2291.0,2292.0,2293.0,2294.0,2295.0,2296.0,2297.0,2298.0,2299.0,2300.0,2301.0,2302.0,2303.0,2304.0,2305.0,2306.0,2307.0,2308.0,2309.0,2310.0,2311.0,2312.0,2313.0,2314.0,2315.0,2316.0,2317.0,2318.0,2319.0,2320.0,2321.0,2322.0,2323.0,2324.0,2325.0,2326.0,2327.0,2328.0,2329.0,2330.0,2331.0,2332.0,2333.0,2334.0,2335.0,2336.0,2337.0,2338.0,2339.0,2340.0,2341.0,2342.0,2343.0,2344.0,2345.0,2346.0,2347.0,2348.0,2349.0,2350.0,2351.0,2352.0,2353.0,2354.0,2355.0,2356.0,2357.0,2358.0,2359.0,2360.0,2361.0,2362.0,2363.0,2364.0,2365.0,2366.0,2367.0,2368.0,2369.0,2370.0,2371.0,2372.0,2373.0,2374.0,2375.0,2376.0,2377.0,2378.0,2379.0,2380.0,2381.0,2382.0,2383.0,2384.0,2385.0,2386.0,2387.0,2388.0,2389.0,2390.0,2391.0,2392.0,2393.0,2394.0,2395.0,2396.0,2397.0,2398.0,2399.0,2400.0,2401.0,2402.0,2403.0,2404.0,2405.0,2406.0,2407.0,2408.0,2409.0,2410.0,2411.0,2412.0,2413.0,2414.0,2415.0,2416.0,2417.0,2418.0,2419.0,2420.0,2421.0,2422.0,2423.0,2424.0,2425.0,2426.0,2427.0,2428.0,2429.0,2430.0,2431.0,2432.0,2433.0,2434.0,2435.0,2436.0,2437.0,2438.0,2439.0,2440.0,2441.0,2442.0,2443.0,2444.0,2445.0,2446.0,2447.0,2448.0,2449.0,2450.0,2451.0,2452.0,2453.0,2454.0,2455.0,2456.0,2457.0,2458.0,2459.0,2460.0,2461.0,2462.0,2463.0,2464.0,2465.0,2466.0,2467.0,2468.0,2469.0,2470.0,2471.0,2472.0,2473.0,2474.0,2475.0,2476.0,2477.0,2478.0,2479.0,2480.0,2481.0,2482.0,2483.0,2484.0,2485.0,2486.0,2487.0,2488.0,2489.0,2490.0,2491.0,2492.0,2493.0,2494.0,2495.0,2496.0,2497.0,2498.0,2499.0,2500.0
33_1_LESCA_1_T_1_00000,0.11764402855331106,0.1253258252110834,0.18208143789855474,0.15155974170160794,0.05881578412288681,0.11613468285930399,0.1366323963428803,0.11867774860431472,0.13438053109742637,0.12156668584595075,0.10998195613951375,0.1270631387863111,0.1253760867783018,0.12751357086675089,0.13421502442880928,0.09902097232938034,0.08624941051819196,0.10384874621808923,0.12334597275269628,0.11347206922041758,0.09242188667987655,0.08442587048682706,0.08708938136390212,0.10301439920011798,0.12128736879696105,0.10537546523062401,0.09321297083760269,0.09432132746472476,0.09435903540491054,0.11388456751035274,0.12554281563145617,0.09768845978121357,0.08521630522437866,0.08711931737227374,0.0924450623337735,0.08239392318522232,0.10158576268225011,0.1385784032213716,0.10645967104787267,0.10332604614516051,0.11731476934257536,0.0972795747765685,0.09300887798704029,0.10059873487606319,0.10796951429662938,0.11091345387296693,0.11144157231415663,0.10950468581851829,0.09716193135513147,0.10851779197111197,0.1287634201139236,0.11349812597130161,0.10627345193375967,0.1090444779055869,0.11319222212802617,0.10779739833119885,0.11036728492976595,0.12580356878200574,0.1263657135889946,0.11581970202742327,0.1064187576302154,0.12341023648236636,0.12370078015978582,0.11390914674908705,0.11580817106120495,0.12243673080769668,0.12089563439715068,0.10768364302560388,0.11462422238196315,0.12195713750824426,0.12236424881645563,0.12774022665771695,0.12920141004803054,0.12569655818129336,0.12022764288551831,0.12184186063737362,0.12478816774124249,0.12221517217957022,0.12469303234134638,0.12842350050357013,0.12929415491560003,0.12316700674103545,0.12488432109842823,0.13357527446807885,0.13232223201538704,0.1305757089316501,0.13102360438977037,0.13377843098877407,0.13217037138006468,0.12966507954384743,0.13017252615137892,0.13149646642921564,0.1346962713746896,0.13889769184332756,0.13928857502266492,0.13818096190585924,0.13661607103116782,0.135106884077221,0.1352054483761263,0.13668799848413749,0.13847540536576444,0.13812251759142505,0.13859616764760738,0.14143985539727053,0.14227796269944287,0.14231222387868173,0.1418878737814453,0.1400362039670554,0.13878401166850937,0.13898679978792336,0.14073649824359674,0.13973762456229957,0.13904995347302385,0.14163722893378033,0.14025116400074142,0.1401557890054584,0.14325329832092926,0.14188506834872594,0.14081852156665925,0.14138984933643317,0.14214892085226535,0.14171960619984184,0.14117542072460865,0.1423357181122647,0.14288150181104228,0.142651304845441,0.14199483256670534,0.1415531312606879,0.1421330120827209,0.14330956824983,0.1425230029734837,0.14006005834731475,0.13794709008081282,0.13972505948981914,0.14079857216778574,0.14094433007129348,0.14113355066358524,0.14125804532334696,0.14152417621813884,0.14193359020385563,0.14187430345739363,0.14125481422814276,0.14075100018485104,0.1424579848018439,0.14303991702383723,0.14311306274683497,0.1451402950838805,0.1451056646763803,0.14446248974954706,0.14544931537080816,0.14717806888495377,0.1493946116477995,0.15145140342027658,0.15130595680962952,0.15184873989998698,0.15412795119792203,0.1576117807228871,0.16060676954564998,0.16302456540809038,0.1655322448507331,0.1685730821762082,0.171822357411802,0.17513591091189956,0.18005399618428228,0.18514488036835858,0.18969742462276296,0.19447514679356484,0.19980454025347058,0.20577821013881265,0.21228419548418448,0.2180048039073112,0.22297182761014334,0.22791458237033257,0.23552029865165697,0.24265156139184108,0.24692624662713158,0.25177179587222026,0.2574257396388647,0.2633664826025858,0.2680835900862362,0.27181930677792265,0.2751094604735494,0.2788732084649031,0.28272130204581225,0.2859934022753205,0.2882208241886519,0.29118559814239287,0.29416441480041794,0.2963064368508002,0.29708297910576276,0.2982607408383415,0.30032966762763763,0.3021504884546824,0.3031383449218208,0.3040073466327753,0.3062456844633032,0.3077899871837274,0.30833286891305883,0.3082295293639237,0.30890766722579227,0.31002582823253755,0.31098112333630834,0.31090820239188904,0.310729600015887,0.31064636857066313,0.31002505845060796,0.30955247546981146,0.3090578634188513,0.3079746263081207,0.3059524706185816,0.30387593074621533,0.3024940682243335,0.30044331095112303,0.29812302066437657,0.29583879041322625,0.29346832204370404,0.2909203754070462,0.2881293878668758,0.28506912159357567,0.2816975397991436,0.2782734697879424,0.2751082192213034,0.27123120746704216,0.2676369773790576,0.2649940322542381,0.26103279061528156,0.25766461318643386,0.25548305283770967,0.2522049024111143,0.24920185685467916,0.2467403403108306,0.24436878080163937,0.24213243570611925,0.24014943199588637,0.2384999792101972,0.23665836328399678,0.23474749601612693,0.23295150572897513,0.23137339990212877,0.2297716812250027,0.2280391481126511,0.22619489545890364,0.22490482800536774,0.22393575673391375,0.2225150202660308,0.22143059445298083,0.22045420064181762,0.2192707840095778,0.21871013590984179,0.21836164701323627,0.21791890752596124,0.21774408542768142,0.21736175852594503,0.21645522722007557,0.2148361306019492,0.21283237002043878,0.21094582255182603,0.20973687157735646,0.2085940569798165,0.20777707116059774,0.20750300986017486,0.2069049655891654,0.20530329466266123,0.20261971853067673,0.2000205449949012,0.19748307167677231,0.19512271120154043,0.19315392898020037,0.1914804618972469,0.19033515583163763,0.18994583480621222,0.18946387364180775,0.18864625545325447,0.18760396577401603,0.1873178240003077,0.1868922372742167,0.18618252535328225,0.18656072214135466,0.1862983037501275,0.18510606310434966,0.18357887377686993,0.18292240530236026,0.1823652450921001,0.18077763257031199,0.17904013190007392,0.1777343427641417,0.17704387067034566,0.17639691069348024,0.1750212409328703,0.1729731734761905,0.17126958825568972,0.1698935184371646,0.16867620114149634,0.1673182382359111,0.16577152998866185,0.1640744226392598,0.16224777790359204,0.16001353802579682,0.15805952627935452,0.15665478123996987,0.15522633609758704,0.15361853393265978,0.15207284963715068,0.15120930848983377,0.14998080407464628,0.1485690938649915,0.14745386327753873,0.14607578113890132,0.1445512256192623,0.14299758262939144,0.14124497838053254,0.13951957942730578,0.13798875922554757,0.1368178921437452,0.1354437653433755,0.13409765183872274,0.13339244309806744,0.1324831680537675,0.13178741660200577,0.13165661617280014,0.1306072851802246,0.12987493894073496,0.13000735760296953,0.12980093368157936,0.1296919258604531,0.12982827424710447,0.13019235848650024,0.13057735598360118,0.1308787856167214,0.1310655871919775,0.1313011549874694,0.13187426255112314,0.13292207898923442,0.13412076622930988,0.13550530216925555,0.1372384782189776,0.13966534168237738,0.1425942995226887,0.14632977289965457,0.15137942778526184,0.15759233497784025,0.16504648667803593,0.17383905183493414,0.18409163920209845,0.19567894330994504,0.20830756021764796,0.22137060793502603,0.2355137279924887,0.2504555281111104,0.265220378436365,0.2803030487360154,0.29545157087272245,0.31028871843287914,0.32495863377250417,0.3392028614855341,0.3528924796062711,0.3663176932937894,0.3791888928991803,0.3915374610997037,0.4037156610115366,0.4152835391923272,0.42626052523702485,0.4368121355371088,0.4471779719395785,0.4573666253276387,0.4672142038647209,0.4762257338675349,0.48497169538674106,0.49358576441027424,0.5016249862627681,0.5090705330739294,0.5162222149604309,0.5235464994390924,0.5300784009816363,0.5361666993768195,0.5422183009324979,0.5475071369660448,0.5525893334596286,0.5576905141099743,0.5623559667887669,0.566549051801677,0.5703546856250481,0.5739496233048328,0.5774029439895756,0.5806530877196228,0.5835828665677099,0.5859859990569476,0.5884685143712002,0.5911727918112424,0.5931841010525863,0.59499314524881,0.5968425227157603,0.5988424297927449,0.6004076630394376,0.6015777575230137,0.6026073853934696,0.6038169920769539,0.604749068245124,0.6052646992985081,0.6061644307293544,0.6067202937248356,0.6070599590227707,0.6080324313243544,0.6085698993220625,0.6089034510240632,0.6095135699468883,0.6096150987840876,0.6097888647708599,0.6103359662707017,0.610521355416663,0.6107040366747165,0.6109462276551079,0.6110625910493287,0.611138725113074,0.6111071670358876,0.6109246706626068,0.6110557006798523,0.6112466575370394,0.6113047603080516,0.6113958132488363,0.611490505386547,0.6115224032305031,0.6113773222023701,0.6114698649525129,0.611342636115645,0.6105397144692059,0.6107900705010344,0.6113206555301216,0.6114153766134729,0.611066465894519,0.6110582107114761,0.6113355576782025,0.6110985865644536,0.6107163632430318,0.610576837479584,0.6109305467441251,0.6109710234705055,0.6108594409340106,0.6107778929408906,0.6107726247853014,0.6105320083429493,0.6102079226458833,0.6103154152529476,0.6105921276475818,0.6106886212469561,0.6103968091808795,0.6104865321188644,0.6106161244814805,0.6105134670493522,0.6101306577280037,0.6099114009477575,0.6098941267803012,0.6098588775403616,0.6097952025936997,0.6097626295638623,0.6097860426518419,0.6095928377681195,0.609654307606749,0.6100102869760513,0.6099596236190173,0.6098263834500601,0.609759486189519,0.6098354474955544,0.6097929226008949,0.6097256201762271,0.6097182802814398,0.6095802658195826,0.6096918548449154,0.6097736279944205,0.6087040902690944,0.608190769336028,0.6083414203887203,0.6086697551716758,0.6089131115307636,0.6089703675518221,0.6088578401794014,0.6088118217778566,0.6084720601644812,0.6081358731704889,0.6085879604047311,0.6087914205040791,0.6086412626463396,0.608324630302933,0.6081932264536685,0.6081104857340571,0.607957854750432,0.6076475703281415,0.6076174286698461,0.6077941790353885,0.6078600663774255,0.6078671378753997,0.6075767343301282,0.6070251392344044,0.6071567965802239,0.6076665659561873,0.6080590389452419,0.6076206161420311,0.6066964968809817,0.6061958816168432,0.6068181009729581,0.607039721622577,0.6070196684363439,0.6070232529581058,0.6073487078984746,0.6073719282871989,0.6072124962704493,0.6073230768853587,0.6072770161798857,0.6070464911550081,0.6067469293532126,0.6067167058636009,0.6068550096059188,0.606963546802052,0.6067471720596901,0.607005514053675,0.6070270843323092,0.606182044632032,0.6065180217022098,0.6070405430740571,0.6071142248625955,0.6068745363179422,0.6069228258516675,0.6069683690868107,0.6064619633274787,0.6065007872857915,0.606781156597037,0.6068937611236954,0.6065662926015916,0.6064525139509804,0.6063874528568308,0.6057092986632762,0.6058322924772058,0.6061677723284655,0.6059883229616474,0.6056051752529759,0.6055632469400517,0.6058613543899622,0.6059020454186418,0.60593780437347,0.6057680295455349,0.605233320421281,0.6049503234064213,0.6050935148015354,0.6055231283949076,0.6056944940906018,0.6051601455294255,0.6045964474064172,0.6049661171298606,0.6052105207098393,0.6053109306008284,0.6051514179338613,0.6039262067918233,0.6039889058287943,0.6048831394564869,0.6047491299682652,0.6046501363569752,0.6042579246308066,0.6035531126348619,0.6038989722955155,0.6041266554447952,0.6039903195358223,0.6038560473323453,0.6035346877154558,0.6032040106713139,0.6030882328828606,0.603466858952556,0.6030448688288411,0.6023913855849024,0.6035942252978292,0.6034381198887667,0.6026305723250027,0.6024219459175982,0.6024772473510609,0.6025025113236654,0.6022902683724646,0.6017370602065891,0.6015598532496276,0.6015449846334486,0.6013671125722624,0.6014019439808025,0.6012999650334712,0.6010113781769468,0.6008372520623553,0.6010281251357072,0.6011286688117914,0.600681281763907,0.6001564472467553,0.5999362775764616,0.5998042387861049,0.5988614403613396,0.5985833099703571,0.5985481928106727,0.5980886593280859,0.59804918478458,0.5979118376276293,0.5975145452058275,0.5971479233915787,0.596721991692485,0.5964899439406793,0.5965329237039955,0.595825641427833,0.5950949885484209,0.5947399757276448,0.5947438887364386,0.5947481763843462,0.5944703009392642,0.5938604746915745,0.5936095604422226,0.5933757064841773,0.5930417938994481,0.5927074479228293,0.5919269964186903,0.5914187976594962,0.5915551924031578,0.5905473767890872,0.5903080551267544,0.590666506032245,0.5899534823560374,0.5906487967635601,0.5908504429236119,0.5896201852089495,0.5912909369459494,0.5906600156192472,0.5884943312949392,0.588849652971861,0.5892147926805703,0.5888966315020462,0.5880721465748587,0.5882319326840139,0.5896319179897702,0.5907888997038521,0.5898466044841962,0.5894466637809461,0.5889714569195715,0.5882882798829269,0.5884877238131894,0.5890525189223995,0.5894672798933704,0.5894698159774333,0.5902504961814793,0.5902720842585127,0.5895432199578472,0.5898044779546925,0.5899887082883336,0.5898890774265704,0.5896554465834297,0.5900272535185338,0.5900460330680922,0.5897910822019929,0.589945201028425,0.5892689118640344,0.6101876332703554,0.6103403371197853,0.609696825634668,0.6096965209967214,0.6097506121389772,0.6094579240893031,0.6098472367869618,0.6111887910525148,0.6122816995250409,0.6126588802576967,0.6122710077440876,0.6118990882759002,0.6116467742388052,0.6104997756241348,0.610404624384136,0.610284901495547,0.6100904998368625,0.6097445527620298,0.6103580151372768,0.6102715339962809,0.6103381972216958,0.6104802041500976,0.610807989993828,0.6118974119290852,0.6125482753706152,0.6126294911176254,0.6125905249874705,0.6122216891740306,0.6114897148132759,0.6112418361768401,0.6116597796678634,0.6118417810800229,0.6120648328943314,0.6118760160101274,0.612002019630229,0.6118939383615511,0.6110173335836139,0.6116131859476824,0.6117951192422156,0.6115129238948684,0.6116334422239263,0.6111559306743192,0.6109770523189662,0.6111884228480629,0.6119785299323429,0.6126929986219848,0.613634146394025,0.6147310447382234,0.6151578205377576,0.614238320953661,0.6131082496315381,0.6114259863762005,0.6107087433443962,0.611021989317878,0.611022576635968,0.6119772596032396,0.6120946014167187,0.611574370903559,0.6117165978763652,0.6107331246601084,0.6104434764840331,0.6104672969796315,0.6107252470360867,0.6101207947500976,0.6105934741429078,0.6107795985833264,0.6107977979554905,0.6115493925468909,0.6114072553627874,0.6102260246327255,0.6095443187436113,0.6096923828393923,0.6094295338457895,0.6094136647250723,0.6094685848046472,0.6094353723969469,0.6086956561702547,0.608988168265727,0.6096743310254155,0.6094628444326592,0.6088776678056222,0.6088755208044934,0.6086406404244556,0.6087571373306591,0.6094427033165353,0.6087652700057855,0.6082571460294196,0.6082998565693543,0.607969201689691,0.6081754664925799,0.6081728638021344,0.6079230489523665,0.6079669453473113,0.6082532804536133,0.6081908819309432,0.6083111433148615,0.6080991066940418,0.6074260242595866,0.6076572426698238,0.6078843483878762,0.6079514013284091,0.6080766820599884,0.6072852366828629,0.6064182553073553,0.6058841524356544,0.6057236868354102,0.60628883325253,0.606431036331358,0.6068470890816937,0.6065381047819381,0.605715942693747,0.6049824592478592,0.6043949226683359,0.6043276463667012,0.6048381979718342,0.6046602690933369,0.6043417445397046,0.6042508185535855,0.603879219945267,0.6040905995823425,0.6038168964210837,0.6032457740399543,0.6026557728896857,0.601507405328561,0.600931436627915,0.6004204013259681,0.6007130131124413,0.6010277579524093,0.6010351401658071,0.6000562622803248,0.5991857884331743,0.5986336366172385,0.5976382510763223,0.5969152943688464,0.5961662148659396,0.5952126338449986,0.5946233023167771,0.5938552639229127,0.5933718591198172,0.5925907608596647,0.5916019920642166,0.5906448384220785,0.5897208093040931,0.5886585817648822,0.5877259501151488,0.5862423775003593,0.5854820353668995,0.5856166204794554,0.5846784155547294,0.583192948836708,0.5820364006754014,0.5805604779926998,0.5797250691772842,0.5799193625932532,0.5795725161270369,0.5790755142389707,0.5785202162131202,0.5777772253901974,0.5772890225810059,0.5770414434016063,0.5765329457062784,0.5758930677733043,0.5754351676666266,0.5753059106476649,0.5751917605155303,0.5750311986078002,0.5751237326206996,0.5750203170681748,0.5741797460051986,0.573748314113381,0.5738068336633431,0.5736369475362286,0.573363365544223,0.5732415380323076,0.5732788219240684,0.5729809497060145,0.5723748557603848,0.5722063188328081,0.5722764086712718,0.5720115949994561,0.5717664040013836,0.5718725972772879,0.5715106060292447,0.571351984560011,0.5715730618432927,0.5709937141836497,0.5707387078083924,0.5711370166551304,0.5708593723922404,0.5703500498647296,0.5701835106419059,0.5696443887702455,0.5693668358495548,0.5698175281081215,0.5698975835327073,0.5696227592366925,0.5694767601097503,0.5696062076489823,0.5691197596693719,0.5684298858086718,0.5685742266064036,0.5686784058407189,0.5683767222968822,0.5683087913129746,0.5682968070401644,0.568345554711528,0.5686051062715578,0.5686522261927877,0.5687521627752455,0.568790831852212,0.5686968729756301,0.5686704154576977,0.5685753573029136,0.5686474734452205,0.5688593693796915,0.5689483016698653,0.569244055782117,0.5693702302496173,0.569466382810554,0.569030191991081,0.5685537348221652,0.5687527060416672,0.5693008997491837,0.5692645801530043,0.5691970667032136,0.5694654049829699,0.5696392504224457,0.5697885553959572,0.5697346833858423,0.5695575875751663,0.5695611547409393,0.569423507872385,0.5693959073343925,0.569715907180642,0.569844400964092,0.5697081971104583,0.5696417834924263,0.5693755332162636,0.5697457897042273,0.570133940787259,0.5701775478220261,0.5700381066702465,0.569844511095175,0.5698936653352477,0.5701632687814665,0.5700890115463423,0.5702486867573339,0.5702066519858892,0.5695301645382077,0.5694455875555244,0.5699232563929125,0.5699716509605525,0.569902728925474,0.5699031643194217,0.5697672576771732,0.5697085357837492,0.5697609845940539,0.5697677823966059,0.5697746087230751,0.5697762629597953,0.5699173606349952,0.5696508617306991,0.569638975042418,0.5699362643642704,0.5698430491713999,0.5696846082017564,0.5695830348713472,0.5692227554355518,0.5690226273851686,0.5690190431059172,0.5690002876246001,0.5689676170786103,0.5687801447915026,0.5685836829542378,0.5685045741913348,0.568316573795358,0.568143728827901,0.568172902121151,0.5680864209395834,0.5678111682415884,0.5675899187692744,0.5674207803320209,0.5673173697719882,0.5669863817735934,0.5666843547114451,0.5663535422521327,0.5657960080517903,0.5656397621872515,0.5657209668667894,0.5654780572401755,0.5653071354340408,0.5651042700325238,0.5646898620787241,0.5642383560394438,0.5637419257092697,0.5635532475731231,0.563422675075037,0.563096155503739,0.5630845702934517,0.5628140567955179,0.5619133021677462,0.56149885742358,0.5615809452499908,0.5612946011251662,0.5609710323048465,0.5605904015655988,0.5599281103955169,0.5592768989978842,0.5591914227068184,0.5589158414199265,0.5584042915672969,0.5578992735855846,0.5573322656019334,0.5563420446602093,0.5557264573725867,0.5555072072688625,0.5548351750096808,0.5539167248397604,0.5532237566875849,0.5525614465493445,0.5517057453969224,0.5509553119692272,0.5500328661328544,0.5485127830071871,0.5476126007084122,0.5473838629908089,0.5465163230044904,0.5455470714070075,0.5446062761296577,0.5430925563284372,0.5419249619175089,0.5411466214650068,0.5404055471762017,0.5391315860644301,0.5379906119003262,0.5370117114435635,0.5360193035920036,0.5349662486117736,0.5341290909978251,0.5331088440110736,0.5318810444004869,0.530686602482302,0.5294399484864393,0.528426343972752,0.5274853668913672,0.5264345495162247,0.525598150201915,0.5245576702586067,0.5231543301660742,0.5220357654566739,0.5210582264432815,0.5200627126209157,0.5192195308341319,0.5182143518825533,0.5171124677800536,0.5160536850092056,0.5149098991523016,0.5138162025958036,0.5128928773183263,0.511758798839796,0.5106244035061029,0.5094450124518551,0.5082840618107246,0.5071053679481263,0.5058363493587512,0.5045932372662902,0.5032267377924902,0.5018768872673143,0.500139476087497,0.4981035462852655,0.49627549660606834,0.49446337602088275,0.49224406803130827,0.4899895914735274,0.4875982524829642,0.4848906817862544,0.4819596980751846,0.4789789361576701,0.47582117151787906,0.4724817815789186,0.46867739772438627,0.4645637037091254,0.46044010222577547,0.4560544954828038,0.4513273445297274,0.4466223265389511,0.44159997505714255,0.43586538142981907,0.4302788805091098,0.4246937680540473,0.41913064565880626,0.413163841760396,0.4069045373618004,0.4008811808007624,0.3946673004329732,0.38848897180720227,0.3824211345608136,0.3763660991851151,0.3700338304264885,0.36412370715395875,0.3584855941523007,0.352933563229498,0.34749220628203825,0.3422041790897164,0.33692174801470653,0.332125680554188,0.32772329542719103,0.3232695481825186,0.31895544127237735,0.3150200553629897,0.31121355866586553,0.30759309919449285,0.3043611037636517,0.3012869434771735,0.2982678271187621,0.2954668340286212,0.2929689020934925,0.29064121800485826,0.2884740734953666,0.2864155329895379,0.2845929013084716,0.2828621905039843,0.2812237949444739,0.2796482860152877,0.2782534755831102,0.2769967093763028,0.27592526414658586,0.27507434462318237,0.27410970073925084,0.27320322452474194,0.27246384577841953,0.271762305679609,0.27107773630892396,0.2705380348330974,0.2700760393696231,0.2696156153014711,0.26916866405962514,0.26885276397216434,0.2685840357421857,0.26825319039841283,0.26801952560655157,0.26797866922780617,0.26788402217504753,0.2677060448484105,0.2676570098160171,0.2677527204496696,0.26778701959949924,0.26778849976909425,0.26789056675218204,0.26807940219894316,0.2682025666180912,0.2682933602174822,0.26850890309704134,0.26873926460081654,0.2689935152809166,0.2693869923270357,0.269767563719724,0.27012831212183835,0.270485719385325,0.2708442022320967,0.2712649146768542,0.2715783163610052,0.2721146756548976,0.2726908341274356,0.27335476648146484,0.2741408521239076,0.2750841654064946,0.2759144038244815,0.27672429486071043,0.2777929733558568,0.27896634694466704,0.2800393396634491,0.28127054856709605,0.2824788338527233,0.283531438887517,0.2847207192026043,0.28609615599981036,0.28741911368085155,0.28865457153688323,0.29000983546269926,0.29148269891409134,0.2929584897868935,0.2944925549375764,0.29595989083448354,0.2974067631592906,0.2989392921518321,0.3004784337899774,0.3020035859799094,0.30364179974698174,0.30518552380879366,0.30661705426040814,0.3081011083058159,0.30951045827455587,0.3110960034808552,0.3129131997057605,0.31447995497613757,0.3159700501000961,0.3175491363247261,0.318943939583912,0.3204784210032902,0.32234641335331965,0.32395803927155464,0.32536179716137364,0.32687398726564126,0.3283454385787232,0.3298185665150944,0.33144537105542365,0.33291453085395445,0.3341367524996954,0.33553689645732065,0.3369718720347309,0.3384168793319209,0.3400934846541512,0.3415888804534053,0.34299205802001537,0.3442321279221639,0.345704131154217,0.3471826408582877,0.3486514459116614,0.3502964161477227,0.35169353498762,0.3529077588903734,0.3542289581076958,0.3555115322680699,0.3568656941680441,0.3582790183129009,0.35961205138519176,0.3609091734742674,0.3623026774998871,0.3637740400328303,0.3650321825754166,0.36621471306048053,0.3675271459867165,0.36872358856620396,0.3700003917708393,0.3715904040422193,0.37276612752344773,0.3735697109308289,0.3747052066016633,0.37589127490579416,0.37698897201864073,0.3781521777541727,0.379367604479084,0.38059279781411787,0.38163017818430717,0.38258882520564624,0.3837662739402919,0.3849443561193323,0.3859505511123297,0.38710149430957075,0.3881877524261344,0.3889902851759976,0.38988023595033827,0.3908849743423036,0.391937096508761,0.393002900835159,0.393892033625063,0.39474875571214574,0.39574311057344763,0.3966756266988722,0.3975015680481696,0.3984080288252314,0.39937314228952986,0.40022480520485665,0.401015270150783,0.40191122478329844,0.4028182663884108,0.4035665145915326,0.40434173932319756,0.40531125748943775,0.40614248524407753,0.40673445157895577,0.4074780144600847,0.40837086414703383,0.40912444505808254,0.4097030149201849,0.4105228239826426,0.41157333692017833,0.41233496372760253,0.4129579163388924,0.41382414819522023,0.41471659686648055,0.4154173759352876,0.41624902674049147,0.4170594893953169,0.41744394836252313,0.418153896533227,0.4193566507591339,0.4202307092323995,0.4209708156604433,0.42174076484748907,0.4223609969288784,0.4230343936575178,0.4237310218914669,0.4244960073832019,0.42546534717076817,0.42612272524623296,0.42649002113818424,0.4271353100711162,0.42780011356800957,0.4283437614965305,0.4290093772412639,0.42970786737170674,0.4302025481323567,0.4307959037299939,0.43172873075262497,0.4324137679185918,0.4326935752884243,0.43333622886860496,0.43430134101681866,0.4349607572970174,0.43565913711466003,0.4363213100797276,0.43660072910658193,0.43708336284362986,0.4377503146602919,0.4384330278208504,0.43941745074055233,0.43997308780140426,0.4400878433690911,0.44056438292199257,0.44093225016433946,0.44137467504733635,0.4424202126038986,0.44299163362034283,0.44300479443756835,0.44336467410311053,0.4437243552398035,0.4440939194917776,0.44469582416250225,0.4452305617525205,0.44568356295524725,0.4461195839408957,0.44675239530500893,0.44708801719038527,0.44687327189391446,0.44719280002924644,0.44789311085535366,0.4482101194154396,0.44854607278052727,0.44899365479702424,0.44916973059783466,0.44944884523594536,0.4501132988896254,0.4505446069952572,0.4507749908966059,0.4509599410727787,0.4509341042144002,0.4511421407170193,0.45159721286654503,0.4517167788634242,0.45173491742386795,0.45188198434107285,0.4517321102121358,0.45172619422910515,0.4522064447456019,0.4522804164253164,0.45183652552946363,0.4518511516456643,0.4522092381570787,0.4521245896030866,0.45195617470666727,0.45190880592636284,0.45141008038231395,0.45125585167214066,0.4517508085667662,0.4518274253933547,0.45148487905368956,0.4515380781156075,0.4517355175126964,0.4518406927831677,0.45232059580311823,0.45240660991410414,0.45202077542288216,0.45191559101129436,0.4517026832073377,0.4517578500652438,0.4523604666679831,0.45231342643230765,0.4517996925990026,0.4518557469448948,0.4519817430690557,0.4518085846330798,0.451911621735906,0.4519018929863418,0.4512968954024369,0.45118399769435236,0.4518275036394318,0.4516254469268304,0.4508712799442514,0.45055615002150895,0.44999434172039643,0.449729819787067,0.4501024733352753,0.4498124677158481,0.44897063224926265,0.4487072089380498,0.4486622715370566,0.44831206798575696,0.4481686794885323,0.4478442039601961,0.4469524998459335,0.44655501638984507,0.44658814514985207,0.44629112607837595,0.4459696696014663,0.44561739319363725,0.44510204967179495,0.4446804411559039,0.44429088953149376,0.4438826486585524,0.44347433827476335,0.44313316048883755,0.4429277265177035,0.44237967849097953,0.4416371407520644,0.44124079092041646,0.440591998388687,0.44007059049125125,0.43977259890768183,0.439166238047288,0.4384556855983723,0.4382514383178706,0.4381043010068502,0.43755229805327384,0.4371175697433822,0.436525544439602,0.4356497920181888,0.4350566984399573,0.43473204533545856,0.434510832827521,0.4340945229274945,0.43341408275928184,0.43269028486075883,0.43192625947593105,0.43117332068167785,0.4308640024680264,0.4304908767430773,0.4293328437904179,0.4287427646641994,0.42850270009016217,0.42786549473321717,0.42740489194932746,0.42672419319297183,0.42527858665915025,0.4243298183283426,0.42386720221915064,0.42328630371873993,0.4228226474787383,0.4220195727062811,0.420895388566907,0.42018184169122436,0.41952442039765303,0.418898868992483,0.4187176287296876,0.41785287104839536,0.41626657964704783,0.4155312462183821,0.41516431199030196,0.4145076964879147,0.4141656162436045,0.41340871402736257,0.41201428817641583,0.41103046518100234,0.410673268964416,0.41049157438439365,0.40987936065890945,0.409017490588789,0.4084142465917194,0.40808401989535903,0.4077166086476163,0.4073078352807783,0.40657136496150803,0.4053960871095818,0.40477849895451656,0.40478020189534447,0.404493700485222,0.40419854451410886,0.40372303376526925,0.4027073231792798,0.4022061293743342,0.4018991039325031,0.4011740528402765,0.40111669464618627,0.4014619408781179,0.40128155323806536,0.4011908077500593,0.4008537128759757,0.40064329700834145,0.40083302367456736,0.4007051789012314,0.40019111812106567,0.39990247581416183,0.3995874084752691,0.39949195778516855,0.3998747311784609,0.399653112251793,0.3988852040419463,0.39832129416291695,0.3984673825325043,0.39620849057848445,0.39575940026818124,0.3958255513940338,0.39611720574453113,0.39585889205611546,0.39631446075012516,0.3973044645813766,0.39734573264243117,0.39669421232392577,0.39662411824712623,0.3961748329886589,0.3960072245123297,0.39580364887964165,0.39665144352549037,0.39708588091153857,0.3970775934795818,0.39757131937415174,0.39734397269203114,0.3970849640987828,0.39643621762600983,0.39635975515933747,0.3964398341722971,0.39624200553735794,0.3964286663722627,0.3967917906572166,0.39617539895027104,0.3953012261329053,0.39511483162263433,0.3949224532135139,0.3948257641934359,0.39579505592543657,0.395734058597581,0.3949250110080825,0.39446389254160913,0.39393785105004053,0.39331202225972783,0.39338219934128776,0.3925055607585099,0.3917131443924184,0.39080643637511614,0.3900569950638989,0.3892092937850563,0.38806659263308374,0.3881520064130112,0.38723398360344186,0.3854504170578132,0.385125675490277,0.3841178085459685,0.3823649386781938,0.3808039849126178,0.3796325565418239,0.3775745521877802,0.3750385601081239,0.37367759936803757,0.3720964319497426,0.3697339669892266,0.36791618022471617,0.36550965225066284,0.3619419175065462,0.3587757473230294,0.35571431181327956,0.3528429007617025,0.3488733576473178,0.3449917821928646,0.34128689088098585,0.3363331007288673,0.3313174525854225,0.32726598792137385,0.3225540571232117,0.3173693491036504,0.31207614802142825,0.30667337050706733,0.30038477776819167,0.2939962229161278,0.2880419359393219,0.28221449798983755,0.2753363448850524,0.2686606449930421,0.2626958946223545,0.25556550564329356,0.2485541314368203,0.2418963467076929,0.23562137966575245,0.2280844300095759,0.22092190090976174,0.21512598530592947,0.2088568812648797,0.2021133160333539,0.19629530958820854,0.19071960203348687,0.18489520528006756,0.17932861890673432,0.17411286667240444,0.16905062577893668,0.1641569337424699,0.16028001303821438,0.15730048246924377,0.1539491481002686,0.15045228027918295,0.14744840959672625,0.14471616926068456,0.14203777982880328,0.14000393776012018,0.13813896261911499,0.1362660177114959,0.13438637354998184,0.13285365869694432,0.13210133661549414,0.13101544501694665,0.12904797080905722,0.12783339074176103,0.12705282466979534,0.12637763813799213,0.12605174589188614,0.12569609891842648,0.12569975863082697,0.12531783923767045,0.12455264242392892,0.12345754164221572,0.12291723995204698,0.12271977016715153,0.12270079466687765,0.12290712293366318,0.12296795674373202,0.12278082802379144,0.12291987660079087,0.1231907710467783,0.1236687694880552,0.12389374150311032,0.12407523210753646,0.12385922855736906,0.12362570070746437,0.12414040959601008,0.12459992205387264,0.12474215560581388,0.1248773213119303,0.12510320405747813,0.12491523181382533,0.12496599658617122,0.12525291829051768,0.1257427282245843,0.12605909623356182,0.1261981533350393,0.12624565995593234,0.1271587274775131,0.12806822364233017,0.12828911373381316,0.12880164702268143,0.12955232450619855,0.12997905583293637,0.13003704418116085,0.13059387912169038,0.1315915716395158,0.13200157660054912,0.1322511639146514,0.13316622328909378,0.13362308794565447,0.13346180468820015,0.13401204350960086,0.1349536966416185,0.13572151798085716,0.13673081909523277,0.13767295795808057,0.13879342812694626,0.13930659024837433,0.13960055093541027,0.1405022881701282,0.14127919439722963,0.14186003669557112,0.14265113627625003,0.14377064488330352,0.14476475778102285,0.14562231867947353,0.1464526935560191,0.14760101240624374,0.14844219373030523,0.14905015391872609,0.14947777522842207,0.15032699530843446,0.15107410922968448,0.15131763698012904,0.1521024232159948,0.15333296068708416,0.1552700697782853,0.15590411334526655,0.1561511222855088,0.1571293960196042,0.1575484789100242,0.15817516123193587,0.1595192170205897,0.1609922378547283,0.1620932745108354,0.1630740206261159,0.16366593478543362,0.16465958292018673,0.16570871653170535,0.1662438736890259,0.16719360749284368,0.16901278141168546,0.17021336026931538,0.17080997765481568,0.1718005530884413,0.1730149986783695,0.1741863988470436,0.17465895730742453,0.175496903832913,0.1770232713022731,0.1780962101643744,0.17894888665561065,0.17995983680243247,0.181154085942655,0.1819962682815547,0.18283886248035228,0.184086092087029,0.18520185698260536,0.1858502083740666,0.18669129479848862,0.18805844943812317,0.18913517507312844,0.18955719933426202,0.1900419604203914,0.19098182524988072,0.19216572439630833,0.19312670474908805,0.19434431459266238,0.19546140060964945,0.1965997845761362,0.19729275401106436,0.19769683895055767,0.19838006383822318,0.19851522712011993,0.19914021776974508,0.20017936110881812,0.20116210352836406,0.20212258622758086,0.20307692942893674,0.2037325450652108,0.20433234518769508,0.20489290381053143,0.20495512110919462,0.2054570140365838,0.20620572802610115,0.2070436396289332,0.2082809826347072,0.2090949286352672,0.20978566118535394,0.2104110893091494,0.21067183886584342,0.21177972712966905,0.21242921780600973,0.2132678477344287,0.213722267492872,0.21341084587604944,0.2140964902198186,0.21562058122145053,0.21629869386033954,0.21713384375856798,0.2177476812263538,0.21720141179812302,0.21749572196380948,0.21883863543907206,0.21933855205633235,0.2199249165128706,0.2204215432741269,0.2213453779513515,0.22254734230978496,0.22310257289536972,0.22361024654924916,0.2241620688067932,0.22386316893760286,0.2243754156321034,0.22600533378289536,0.22682475158290255,0.22706966793507263,0.22776245709501963,0.22850886677726107,0.2291801106557944,0.22981008005935694,0.23085493517911207,0.23129921929507188,0.2311250670686634,0.23147520977229713,0.23177471754481466,0.2323642462596516,0.23349286585665874,0.23409041514267467,0.23432310643589752,0.23502463006801858,0.23600077504399455,0.23652416087479372,0.23716659845330346,0.2377581376130999,0.23808571591355981,0.23783045484558687,0.2382387915719994,0.2389245388744561,0.2398160452681264,0.2412241868276917,0.24189419028060657,0.24267622352518423,0.24305681475997262,0.24198170169257616,0.24256215163195258,0.24459561192467427,0.24530922597156518,0.24608394064156672,0.24684387811200256,0.24681006047739104,0.24658836872485904,0.2469959607078839,0.2482571664021858,0.24898865096412687,0.2496035908251708,0.2500748742469451,0.25044559085146945,0.2510236741681396,0.25167674737039364,0.2520862745062979,0.2524092522366306,0.2528987675984656,0.2533509242848387,0.25361529537296296,0.2535893137006228,0.25427867421433564,0.2558393253264196,0.25626417731106615,0.25636236551552083,0.2565158516056974,0.2573213779725294,0.25753827442120636,0.25801645964449366,0.2597805764853205,0.26065401364781376,0.26064572933268876,0.2608066192160911,0.2610568346548536,0.2614347411207261,0.2612112353425048,0.2615836363990854,0.2630537309746688,0.26374755924768783,0.26427324620064013,0.26451012964006504,0.2642887895273312,0.2636703549672116,0.26430390764977446,0.26538975338720316,0.2657733460053705,0.2667716075469245,0.2669927357434994,0.265736385567759,0.2659948433202098,0.267005618151111,0.26770389586472126,0.2691869219604306,0.26970593782938773,0.2690642105674068,0.2696978977942419,0.2710037835755739,0.27154719748561057,0.27259011593745675,0.27319444442656093,0.27272451701831457,0.2726041787536325,0.2730211328135989,0.2727753636377744,0.2728778231973122,0.27280183898057747,0.27301426370688,0.2735880388759848,0.2738035137608257,0.2738382446639699,0.2739951326482961,0.2738934049257947,0.27432403373429426,0.2754339878290339,0.2758358092442507,0.27595637179875615,0.2764333681810203,0.27682922548217453,0.2770511590153551,0.27749228010760824,0.2778408790437418,0.2778532941342146,0.2779158323779932,0.2782810304428023,0.2783465628370174,0.2784135048474383,0.2781257213063046,0.2783895476695614,0.2789070852464032,0.2793736188063273,0.2802099482832317,0.2805291133106971,0.28054547676366814,0.28067997109165127,0.2808169468068046,0.2807616849752411,0.28022781996944746,0.2803858611429757,0.28097772256250014,0.28116696996885554,0.2813020941073809,0.28192842325301215,0.28304782129468736,0.283229222136134,0.2827950763978246,0.2833091622532296,0.2841512442107541,0.28429099860812285,0.28397360066446264,0.2836184209711629,0.2837474122593113,0.28314910219309447,0.2822395303455662,0.2816392701709748,0.2821504842138058,0.28244915548087335,0.28212403277516457,0.2831042511310306,0.283401695862112,0.2816889868311706,0.28137637339720367,0.2828864447136982,0.28314179906511383,0.28247380480935275,0.28222878884436736,0.28183223435976096,0.2817827790754782,0.28236015325598524,0.2822795103084663,0.28191376256703926,0.2817295739885488,0.2812801018589541,0.2807716233000233,0.2803842793539111,0.2799568721841076,0.2795685912183189,0.27852506708019126,0.27779355100117437,0.27715146219019793,0.2765963086438019,0.27605001600673773,0.2754012392493888,0.274718722286165,0.2742905817596437,0.2738920463189652,0.2734605020128929,0.27365042401313683,0.27284500620035473,0.270547797351826,0.2702627439668379,0.27157259675079565,0.27074248983526134,0.26990270063781874,0.2690101593362603,0.26565047492214944,0.2641034844786413,0.26447848708172866,0.26406059349088445,0.2636707887543571,0.2631707448774678,0.2625216521367691,0.26193751158736833,0.26169264871371495,0.26112894334939185,0.26035507400096314,0.2601244979996243,0.2588030256065914,0.256896938154796,0.25684024740996836,0.25634798246972024,0.2557721737524459,0.25613063010939074,0.25553384046816235,0.253519822781273,0.2529588793557296,0.2532997154226888,0.2525743612050527,0.2516019677152816,0.2511819501953547,0.25044775694627536,0.24976524443014775,0.25006514213193537,0.24963748879870504,0.24791177279479498,0.24738735126371408,0.2478066374340693,0.24735261806197076,0.24670252653326877,0.24653858272163198,0.2464342202267463,0.24566954854174017,0.24488473848077122,0.24456752217277378,0.2435234686929564,0.24290869596175854,0.24400825959421385,0.24357043395919162,0.2418522409746916,0.24042371618982128,0.2399354489519223,0.23886623392893377,0.23789355017660585,0.23805818386998737,0.23752366172024436,0.23651757261116432,0.2365971347891195,0.2368499183645669,0.23622518220850355,0.23502475204356696,0.2348110005851347,0.2348418698662526,0.233399287130923,0.2320408365747331,0.23181258824483014,0.23107827619034607,0.23073170484710157,0.23270251050956597,0.23226543783563292,0.22904445405765342,0.2287363550969323,0.22990724416374747,0.2304168831082058,0.23166454318565985,0.23200116558573153,0.23218049738251015,0.2307604220579029,0.2279573088728558,0.22705248554098412,0.2254595222537947,0.22465299429158392,0.22601512563392068,0.22543430420431035,0.22342317433003256,0.22274480715134334,0.2218917693689512,0.22172699864782938,0.22354245409298035,0.22323207457031188,0.2210488836725302,0.22075063636032302,0.22118675171119995,0.22044102032189844,0.21942106975991416,0.21947303708875704,0.21994381044773023,0.21870859571166637,0.2169786808222866,0.2173335773719157,0.2175939386479631,0.21705132159447965,0.21861705099250667,0.21815213153931723,0.21517535472553365,0.2133068444389542,0.2135120270685061,0.21540980547042435,0.2152885485857107,0.21432158194172507,0.2142838172426636,0.21156917269411601,0.20972832085041151,0.2106494417410179,0.21050210895574917,0.20852841219993062,0.2061066445393601,0.2050003400253993,0.20419960922773694,0.20400451966410044,0.2041967803030481,0.20181168927280194,0.1978192891474047,0.19644472138823743,0.19803650528698585,0.19885545389411488,0.19935505280745083,0.1987035547192056,0.1977207112735948,0.1991460342835157,0.19906050624739643,0.19795506997545353,0.19679513751754382,0.19535034066158757,0.19666819951192532,0.19645512436009346,0.19393828547225317,0.1953427604247632,0.19448653200266033,0.19082899376160872,0.19124337864665117,0.18888643300969662,0.1856920512271365,0.18914578598051876,0.18857722068073368,0.18375956301520752,0.18619368888837878,0.18714564122963773,0.18621478659122606,0.18839753914460272,0.1840287593067377,0.1801632365473231,0.18235192661763075,0.18330259537719296,0.18419328780113806,0.18215163173880497,0.17842982778991587,0.1803113680198873,0.18149223757801125,0.17968730145329725,0.1794788736629014,0.17786422073423055,0.17404571077488798,0.17426758858697644,0.17795046870650932,0.17740460157707835,0.17684706780820225,0.17790996722138924,0.17459808286043513,0.1719337563371425,0.17229759640218253,0.17127528531487846,0.16856062170251765,0.16737836989164712,0.16669958787968386,0.1650187527478656,0.1649596176977171,0.16423961971399978,0.16254629001865867,0.162333627808741,0.16385999408863727,0.16585101385359183,0.16798500708812822,0.168735608446261,0.16478652085046983,0.162486819585822,0.1630558280788014,0.16168081321783193,0.1606543633234162,0.16018935043575094,0.15932469656824338,0.15803280937885134,0.1555933870686032,0.15283470124966075,0.15075810733253286,0.15182720518900353,0.15661623822579573,0.15894059578209066,0.1580072498979837,0.15449331510682102,0.14632864154086378,0.14285642430857876,0.14635038890876723,0.1475647640004362,0.14923749493893534,0.15409489692704592,0.15298912774659187,0.14723590027818975,0.14607783298545376,0.1474519754917663,0.14571245576291877,0.14192594131860423,0.1436110645791751,0.1446752184814322,0.1418241839282225,0.1422820120640651,0.14459097337799176,0.14287879479786308,0.13829116703990485,0.13868190685115478,0.1394484889537107,0.1389630849409538,0.1457535256564444,0.1462766016304322,0.13555059785258658,0.13326026674863548,0.13556193354055998,0.13558470202407127,0.13826652770394285,0.13986422289404918,0.1410766308610837,0.14380676762443118,0.14394070722793698,0.14667243329589122,0.14622277051948054,0.1366769091904057,0.13794695963045925,0.1404179009734709,0.1336463496214733,0.1377011282996786,0.13809286426271822,0.13117308812752407,0.12853503272059752,0.1259263586980616,0.13008016862892616,0.1337285528769671,0.1308188030178121,0.1248874392289926,0.11861886883196182,0.1210098072357667
33_1_PETVI_1_T_2_00000,0.16974857536813953,0.18389941504898424,0.1765565260882165,0.1521180812094704,0.12175533181315593,0.1050260612124535,0.11584005887491192,0.1406577219137067,0.15126195251798374,0.12461354561790751,0.11468472846994324,0.16016933373311876,0.18490089533690654,0.1605200868348106,0.10513085510108248,0.11273501628384354,0.12112319747724312,0.11907467296044928,0.12257433240000416,0.1381564954580116,0.14459821322871322,0.12498026601183548,0.12256102120770597,0.14237302634836968,0.16941141611569016,0.15463828147690017,0.14103167724576168,0.1394319708819987,0.13437281992673358,0.14479666205322886,0.15579210190302828,0.1465687323627453,0.13509542239478994,0.14075502005931817,0.16238809280951602,0.13723229666256292,0.12990723068310334,0.15060205542893523,0.1437786639351288,0.14727080131072043,0.1581035630728185,0.15785979956621507,0.14415583048858677,0.14000065913824744,0.1585837506590607,0.16298398754999144,0.15263680414842712,0.13805890729432532,0.14801810990858927,0.1527437719942568,0.1512570479418301,0.15789731106422172,0.14854341153970677,0.1403739051542137,0.15295824933814556,0.15587256843963185,0.15498075882275572,0.15464909592493262,0.14750830760533318,0.14443368405015583,0.14809913721787327,0.1543801866467919,0.15700910060430498,0.1555881970238992,0.15254553346904992,0.15324634088737288,0.15650959822989316,0.15964288786511696,0.15854341274832934,0.1560961537772431,0.1547413792029166,0.1569520007402606,0.15598017260264768,0.1537329514061794,0.15685127424892953,0.15994345300994461,0.16108764253249505,0.16014217554069973,0.16278846059241422,0.1639751283661627,0.16151594409074002,0.16192857985928635,0.16325577889100218,0.1650061643678569,0.16828457832171256,0.16825807819104124,0.16676115454772944,0.16790989299149883,0.16730999225808516,0.16578527216876737,0.16497935617775028,0.166271051459329,0.16806922963498622,0.16939149975524234,0.17063154827253446,0.16977281160687666,0.16830799596524154,0.17037578868281597,0.17115200267173214,0.1712400554515554,0.17241791304151954,0.1726787188165644,0.17206373946834008,0.17126417207600522,0.17240110680161472,0.1727190606724787,0.17192712596719592,0.17322412068285634,0.1735510750270098,0.17292619467038814,0.17274307426543398,0.17154260042292735,0.17108941831709365,0.17284508809054655,0.172872939849407,0.17327323867001954,0.17486170324092398,0.17465092679286326,0.17327083716412803,0.17206638194672985,0.17349627533754922,0.1728329081262062,0.17148627387532628,0.1728019121026448,0.1737932943077904,0.17406098793693223,0.17376893281113928,0.17356631010780965,0.17291217833813227,0.17178804274522,0.1710029974622546,0.17149535549675637,0.1730006347642531,0.1743400226645187,0.1737196392844679,0.172385149140564,0.17228305909964836,0.1723743664985493,0.1731809507972478,0.17466762026001167,0.17463488886434325,0.17422257251855264,0.17419904680899634,0.17513498399853186,0.1746204056381365,0.17371173242421484,0.17521932329912243,0.17665917862252548,0.1772132218679254,0.17682663947643645,0.17740225360758777,0.17867511460229304,0.18001763904049378,0.1802924204504244,0.18063146592836452,0.18158732089020857,0.18327912206517855,0.18474764176250033,0.18638081651879973,0.18899825761124395,0.1907531583965825,0.19182474727526885,0.19295507082853783,0.19555511396188416,0.19838013201995638,0.20082740813961633,0.203745048697217,0.20664168536502558,0.2095340939969903,0.21281533396438673,0.21621639908001955,0.21958584424888822,0.22281255348013768,0.2259260360021461,0.2290867941529239,0.23235630939273913,0.23541954222668068,0.2383263512176491,0.24104336433295778,0.24338062810721894,0.24545888148990433,0.24741295283733813,0.24941347957517332,0.25144764603726766,0.2534389640014501,0.2551982878854352,0.2556884775253573,0.2563278582890982,0.2580173911792525,0.2593795553419842,0.26016767334574886,0.26055323183238144,0.26128707515434146,0.2621882290368699,0.2630590328450545,0.2636435232196555,0.2645331847842683,0.2652316823139872,0.2652505448848018,0.26587238765613636,0.26660902833522965,0.2669482383511066,0.26662163484983065,0.26644314856868995,0.2666494586101501,0.2669195924083209,0.26632273377514887,0.26525731856609436,0.2647440270709384,0.2639691374610322,0.26301984171119613,0.26207262506575557,0.2608576444739303,0.25938988963736775,0.2578527631178579,0.256887876303978,0.2555044723043773,0.2535632697468265,0.25169958558846817,0.2501096010470894,0.2484976725391504,0.24639263562380642,0.24431259773094802,0.24239973929849343,0.2406764773586585,0.238933054641715,0.23724628282956856,0.23561140568793473,0.23375106253732533,0.23230394787039552,0.23124321446730708,0.23002096676534306,0.22883149852403237,0.22769910914839342,0.22661468072914423,0.22565365946100907,0.22476587477436896,0.22388721822927599,0.22296272616350446,0.22208721411845941,0.22137498956626217,0.2210346342671878,0.22072902809855918,0.2203025291669243,0.21969246345278012,0.2191536350195331,0.21892790445590973,0.21909812882169952,0.21878924313577802,0.2183349082241429,0.2179353523914909,0.217010901851054,0.21603739609990166,0.21515593254456328,0.21409577803388657,0.21320749401648456,0.212300996402173,0.21094458821076748,0.20965934601549513,0.20855079764602993,0.20755813598858466,0.2062457114767409,0.20495197262291856,0.20391537590619524,0.20307508319740805,0.20228135419007517,0.2015237140829658,0.20093064698388197,0.2004299567540532,0.19998542960963325,0.19956194762164925,0.19899596374055414,0.19859934488677328,0.19857912011920406,0.1984886854985649,0.19824377209593128,0.19791240593669335,0.1978820466824113,0.1973727866441466,0.19669823769548528,0.1968881095662475,0.1967888697360979,0.19645716242568917,0.19622428151770657,0.1959053698950922,0.19552388408686774,0.19503663008315797,0.19406246512274372,0.19354061053533986,0.19340453811879446,0.19238641751737975,0.19125165042348075,0.19026584046705144,0.18951009027467147,0.18865495816612418,0.1877026019751029,0.18668438695565184,0.18536016055786583,0.18425359149714127,0.18351888031713492,0.1825261110582387,0.18148029389379927,0.18051517131186107,0.17975561354531058,0.17885750486682198,0.17797460212578145,0.17732747529173953,0.17629081092697002,0.17503191456567227,0.17375030315114837,0.17240821577247634,0.17100331564541438,0.16965002671486337,0.16867140456892069,0.16774595855256735,0.16670539533179882,0.16547811803219256,0.16474161412852958,0.16429655424534773,0.16380467910023847,0.16332048241375685,0.16277599040279334,0.16221439903752077,0.161946595652849,0.16176359774638344,0.16167893065306452,0.16188726382917842,0.16195376659757602,0.1620043429540198,0.16230896141771942,0.16262465806712492,0.16305539841817812,0.1636924607260504,0.16442964305910382,0.16548088230020325,0.16689005246140712,0.16843757240964485,0.1706283202067112,0.1734921686997863,0.1768255623505841,0.1806276491538434,0.1850108373113447,0.1900969892966959,0.1959935172340537,0.20245311792211684,0.20933898620949315,0.21682239819949867,0.2244911490227697,0.2323271984107159,0.24061393670527875,0.248988155221905,0.2574754828399204,0.2661864060862844,0.27489015613231255,0.2835676938212138,0.2921489535931645,0.30025742856171966,0.3084878226619842,0.3168775289413579,0.3248531043891369,0.3329407885927435,0.3409416470696665,0.34845400598225756,0.35627742706530824,0.3639347393959529,0.3710436062580228,0.3782445942501127,0.38532872866544027,0.39219959261568954,0.39895920636808035,0.4054340937763091,0.4116284194831105,0.41765755826146245,0.4233734083357444,0.428900239830861,0.4343657479742654,0.439597547646504,0.4445685289361087,0.4492262563986944,0.45339039822422256,0.45743226175633556,0.4613628531295961,0.4649529131133941,0.4681543038777737,0.47115891311059194,0.4741522656213336,0.47700246654034856,0.47963752215533484,0.48202388945239816,0.4842578470785229,0.4860974757132211,0.487676760894211,0.4894204813193288,0.49108489331865585,0.49261527432965374,0.49398625326926315,0.4950385143055898,0.4960457888967743,0.49716914445332955,0.49826874284432204,0.49905834824915274,0.49960813088209005,0.5003046893635639,0.5010969831236628,0.501737728930642,0.5020238618794459,0.5026833222377961,0.5031457060399184,0.5031640242087522,0.5036680076229927,0.5039731234371698,0.5040691631973114,0.5045511027326393,0.5046800588463841,0.5046478635264157,0.5048927167658558,0.5053055532196286,0.5056380986811437,0.5057288161044476,0.5056226758266011,0.5056299322094576,0.5057805559135288,0.5058423876534488,0.505832869152693,0.5058803258135278,0.5061082792775033,0.506266206401444,0.5063640708158323,0.506423533299108,0.5064171812957081,0.5063631679718748,0.5063289845618548,0.506430769863824,0.5066046510030585,0.506697940606159,0.5065908361315938,0.5065775814374796,0.5066203948547179,0.5066693839397886,0.506734271347489,0.5067022894245392,0.5066630250854256,0.5068601130064108,0.5067256748096552,0.5064812182773436,0.5065087627002139,0.5068246064544425,0.5069580990597992,0.5067788538400502,0.5069208294935761,0.5068204577232153,0.5066284156809993,0.5069021994127352,0.5071419296157519,0.5072072536021218,0.5071255287872275,0.5073360898207857,0.5072877902003048,0.5068912579875455,0.506858237241296,0.5068695135423655,0.506828160400347,0.5067346379113971,0.5069183644395954,0.5070160169453474,0.5068102803154984,0.5069750747017954,0.5072127363527457,0.5073283297716641,0.5072410659436358,0.5070086425936128,0.5068181167043383,0.5068710193681338,0.5070370163765002,0.5072079130321338,0.5073158054782679,0.5073963745346913,0.5072545721970526,0.5071072531756975,0.507475984400528,0.5073357864579918,0.5072114652068996,0.5076608745428186,0.5073864109495875,0.5070303435268202,0.5070247934304557,0.5073788182994531,0.5075094713220194,0.5074753769991688,0.5076047346014264,0.5073915984135393,0.5072061839395822,0.5073243828436937,0.5073090908310894,0.5075367808407485,0.507850516785136,0.5075718809517792,0.5075036662451866,0.507780626676121,0.5082097263753739,0.507917962080462,0.5077232397074198,0.5080132908259258,0.5082423662058166,0.5081337599665601,0.507890014472784,0.5079498044728464,0.5077796067994023,0.507819211365215,0.5083020166675297,0.5083980477597768,0.5082364517165605,0.5080466154976757,0.5081672250675313,0.5083700128368771,0.5084433603030077,0.5083113589327678,0.5086585276913692,0.5085704168976141,0.5080126153037166,0.5085512142385811,0.5089850407837785,0.508979873593842,0.5086274773861822,0.5087238253638883,0.508940159640088,0.5089689912995754,0.5089257271233131,0.5088782103537518,0.50885147724925,0.508840307090824,0.5089153236909973,0.5090286715311348,0.509090053041218,0.5089261850043207,0.5088941441000611,0.5090354670129771,0.5090446938341571,0.5088782081612016,0.5087384297296267,0.5088329540211827,0.5088797548002831,0.5091966896047752,0.5096154392735686,0.5090807104533818,0.5090455211714826,0.5093177343588468,0.5091662467309584,0.5091835763818794,0.509172854351178,0.5090484276442604,0.5091263849019071,0.5092753578658256,0.5094121923784143,0.5094642724694496,0.5094027208244208,0.5091838453772416,0.5089341490120025,0.509277622907323,0.5095427992632489,0.5094911903425019,0.5092099453801545,0.5092401440822362,0.509170678904338,0.5087377312735962,0.508760366601097,0.5090951811776491,0.5094098248723378,0.5092229727839893,0.5091844189675508,0.5092389995034335,0.5091885284684942,0.5089138590205925,0.5087605907521742,0.5088249808782808,0.5089415653408838,0.5089805944251937,0.5089696507126393,0.5089300793077857,0.50862647051556,0.5082457692961173,0.5080680235772647,0.5084591017407124,0.5083614380309193,0.5081192674955874,0.5082233784888753,0.5078575242486338,0.5078318340481732,0.5080839314957405,0.5074903335863701,0.507570107779916,0.5076303194981786,0.5068500216449784,0.5067287952507518,0.5069877383477784,0.5072607836360966,0.507156154642621,0.5070638109360595,0.5067493099381,0.5060563950757885,0.505856642701183,0.5058434860065127,0.5056740420067326,0.5050247734585787,0.5049708376564673,0.5050099250263471,0.5045675594423791,0.504557477649149,0.5040538670857213,0.5032159016974296,0.5032122921805161,0.5030858244950819,0.5026157290411281,0.5019520313379063,0.5019307647293142,0.5018735357750903,0.5016657203844177,0.5016315618983311,0.5016380238285791,0.5016854383933148,0.5017363652477775,0.5015385923996061,0.501773737833903,0.5019654784781765,0.5011482933439063,0.5014159093780665,0.5015084428655876,0.5007973471587974,0.5010620213159244,0.5017217051276878,0.5025287008482712,0.5031917683030214,0.5026112313744016,0.5024114380688397,0.5030708362603133,0.5028724898523597,0.5026817399161376,0.5025612422409436,0.5024109707842068,0.5025404440303153,0.5025521171357755,0.5024514809090882,0.5026996847347949,0.5031200488475033,0.5032937639318665,0.5031036321263578,0.5036477119879351,0.5038900748680227,0.5040291249147405,0.5049090428566829,0.5045554804775282,0.5150351403651696,0.515220901409139,0.5151826589797215,0.5149774495153407,0.5144056533698209,0.5127401454737597,0.5118530449974148,0.5117973816546421,0.5116432243062248,0.5118314682477448,0.5121128123095116,0.5118276195800663,0.5120783514871504,0.5130889491225245,0.5142416007335602,0.5155594970907984,0.5161881103573598,0.5163397051043277,0.516109372589947,0.5157104092877317,0.5150905787176374,0.5151354625789083,0.5152733367333978,0.5155475066573206,0.5159015560790525,0.516128034556636,0.5165365421341434,0.516220486533842,0.5160980454077811,0.5162035865751108,0.5160252812185575,0.5160174547579849,0.5163161698779046,0.5169545351645951,0.5170962958028973,0.5172814823286063,0.5173562713994103,0.5171895108660528,0.5173466689456909,0.5174629043244163,0.5181290827399706,0.5188165653258335,0.5191761633872556,0.5196820966055818,0.518978892320336,0.5186226387077515,0.518127711268628,0.5179916332232947,0.517473538090746,0.5179898536114347,0.5187856274165318,0.5191039286918593,0.5194021053645262,0.5196679333522586,0.5195612328436034,0.5190388619303365,0.5186803493092174,0.5185863136062976,0.5186567275952552,0.5191578665045661,0.5193990985023595,0.519732522415355,0.5198081311729392,0.5202615020815524,0.5204345496237057,0.5205917352734595,0.5210128548790111,0.5207030278898974,0.5203236567123072,0.5201911013401218,0.5201869489354308,0.5208108961940217,0.5211163167559396,0.5212895405112795,0.5214757654808901,0.5213798885294316,0.5206594721110452,0.5206303667316704,0.5207762655048086,0.5206140227043272,0.5210766496445192,0.5210152190141395,0.5206317092904099,0.5209345319352672,0.521242646140191,0.5214851000688213,0.521555323842179,0.5213043185979375,0.5209544721131246,0.5205908417720835,0.520537762980659,0.5212229418807139,0.5212554142720849,0.5210655938145419,0.5208451228164465,0.5206189901255222,0.5205183361965667,0.5204896816314007,0.5200660650020467,0.5198860384715465,0.519808694140887,0.5196773809097494,0.52015792565321,0.5206129159975834,0.5204222379034416,0.520246037380219,0.5198956185705583,0.5197677120218,0.5195802321139437,0.5194325435718431,0.5193868678068284,0.519355464859479,0.5190840747593551,0.5189643339063315,0.5188838394621723,0.5188390650121297,0.5187312036337072,0.5182201510107535,0.5179118136174908,0.5178545772333563,0.51780349464302,0.5182649351885555,0.5179677962585463,0.5170308681539187,0.5164691363599635,0.515642069843681,0.5150700441988432,0.5150651890465984,0.5153022004302129,0.5147295629030968,0.514016555747661,0.5136762968823513,0.5132446365672999,0.5127156413946525,0.5121763035911887,0.51124194019185,0.510104433752266,0.5092742772722761,0.5088577824708652,0.5081141811157632,0.5074132313655305,0.5065623784402095,0.5055727950198902,0.5043686803698133,0.5037148813122342,0.5028465994151666,0.5020010834764509,0.5015711210029808,0.5005673328613005,0.4997103240847622,0.49920146481761773,0.49816317604679516,0.49712679481152405,0.49636288980655363,0.4958863938077771,0.49580179138867714,0.495365202349995,0.4951226321294225,0.49465273720687675,0.49347023513853056,0.49293699562644927,0.49287889845729577,0.4927308989905686,0.49219008406698084,0.49202918454434086,0.49191475457319833,0.49151552469545134,0.4914297079845245,0.4915494224035678,0.49137342095222863,0.4912457936026426,0.49100354662758877,0.49053554249245607,0.49041243198184176,0.49046025654587877,0.49033486368559864,0.4904751509698536,0.49039738555167567,0.4899817779600169,0.4896434515129637,0.48975472969713413,0.4898242429438379,0.4896438947952493,0.4895755682976027,0.4893465585876212,0.48884879347075144,0.48901636296774065,0.48915261028668205,0.488973227792332,0.48867210464745914,0.4885918407597559,0.4881910226755199,0.4881285570339544,0.48864598316707586,0.4886022299469862,0.48815004692236996,0.4881629438174048,0.4883078685111998,0.48824996477900395,0.4882882097603274,0.48838265394121483,0.48838441340804134,0.488307576457681,0.48832178715888247,0.48858778108867956,0.4888997246076739,0.48892396240388675,0.48897977277840493,0.48917048454957446,0.48931480232932634,0.4892325768058586,0.4893378472687689,0.48964617397470434,0.4898153018126088,0.4898252208987628,0.4900566200660378,0.4905700013831517,0.49080035387769577,0.49093602766163985,0.4910554051248732,0.4912472056416235,0.49150039832029907,0.4917675519395082,0.4920267289827033,0.4922947545340086,0.49246250449611984,0.4926375126007622,0.4930317513298642,0.4931179199396783,0.49272935874425017,0.49292582736601515,0.4935353177112685,0.4936925986088009,0.4937580532103778,0.49403984091448033,0.4942033856302991,0.4942760291683737,0.494458318196445,0.49487819697685836,0.49494105819181083,0.4948055670481306,0.49500089035764994,0.4953255035855861,0.49542839883040546,0.49553707255075574,0.4957087701892254,0.496010955477168,0.4960336872562914,0.4958796133071998,0.49600127759517126,0.4961348496108997,0.4961570632475374,0.4962987958950678,0.49638534953130087,0.4962227084675644,0.49628004004791687,0.4966564996987408,0.4967930174313598,0.496794908399706,0.4968472296932913,0.4967831134374304,0.49679841879373265,0.49709276870312274,0.4971600900433451,0.4971308841046524,0.4971875751183191,0.49730362667906963,0.4974859443994006,0.49740539502237296,0.49727727858250914,0.4971937145824578,0.496812536649302,0.4966620637130952,0.4967283475216946,0.49679358781086225,0.4969163754420939,0.4969666615097341,0.49708781149661635,0.4971428710373127,0.49710463862324655,0.49703969991055746,0.4969160832517177,0.49691438522052206,0.496898475759545,0.49664970888198523,0.4965339937208882,0.4967093625066564,0.49660652600437283,0.4964071007304648,0.4962893705004079,0.4961625118774703,0.4959159515016603,0.495624944044361,0.4954437452365862,0.4952119407064875,0.4949292134506596,0.4947012953014455,0.49454490115471067,0.49431807068739125,0.49407507948272344,0.4940755001099417,0.49387610330366144,0.49328087691703754,0.49298633577867634,0.49294403710409845,0.49270989892340955,0.49250483534907663,0.4923696562965924,0.49189886111348186,0.4911022611067336,0.4907088677453414,0.49052019726352686,0.4899108182277988,0.4891780695401069,0.4887212539370527,0.4881461529603252,0.487495874270345,0.48718185444677253,0.48659315314689144,0.485539919580127,0.48475388731591934,0.4842060672816649,0.48349643988461893,0.4827679077843093,0.481912387875959,0.480954615048968,0.48001733984428335,0.4788823444349587,0.477895335598855,0.47712791698741336,0.4762205105148786,0.4754047835324595,0.4743425996249606,0.47322887756438126,0.47214305548662805,0.47112831229929464,0.47019353909284173,0.46915582620935325,0.4680564926406894,0.4670956472217248,0.4662420821358335,0.465147339012404,0.46389338595906043,0.46299153774624274,0.46222161071504225,0.46115759853628696,0.46013361545414616,0.4592439954601788,0.4581527751915828,0.45708062721433507,0.45628697543107,0.4554147771893605,0.45434992618196157,0.45325778472352707,0.4521487276590449,0.4512125071952709,0.4503220637335894,0.4493346437918186,0.44849277028471707,0.4476139876552162,0.44668822996778385,0.44560530529210907,0.4444811239534522,0.44341392179804684,0.44226680855258416,0.4409137583300983,0.4397158932633035,0.43880074211070097,0.43737755164224507,0.4356132786872973,0.43412420045407096,0.43268530700679964,0.43089704410996,0.42916336647017295,0.4271995152754428,0.4247712723403953,0.42244500392496187,0.42032323019227474,0.4177771857564729,0.4149405800681084,0.411993977775374,0.4088404794751367,0.4055507108056469,0.402090570321318,0.39855884659475305,0.3949772224892068,0.3911504919351845,0.38707195733036276,0.38302961673119523,0.3788982916410204,0.3745874705742517,0.3702326654620153,0.36581460598459864,0.36149974750722486,0.35709938797467583,0.3526471736864132,0.34817883254416176,0.34391999016472996,0.3395401729712316,0.3354174462658052,0.33160813260307187,0.32778374860541265,0.32394905489351494,0.3202511600518123,0.31665053828870093,0.313267418700448,0.3099617874420472,0.30684887415054996,0.30398640683510875,0.30122695033995783,0.29850643188581016,0.29605267830465476,0.29393259294127916,0.29176533870350374,0.2896690154519847,0.2877347423456169,0.2857973864936126,0.28408025187459274,0.2826991757075059,0.2812604272763126,0.27984080195156225,0.2785586879594534,0.2773402568526756,0.27618738791133973,0.2751369620121672,0.27424783855674517,0.2733414999863386,0.2724443099780963,0.2716740993389867,0.2710041716788432,0.27035510445142985,0.26978980310845957,0.26922923595156195,0.2686621050698578,0.26821964304579415,0.267841186722783,0.2675298638888547,0.26737461141727337,0.2671195442787747,0.26679290862473426,0.2666377610468797,0.2665544938551545,0.2664573299883384,0.26648047289052024,0.266475795603316,0.26646414413762837,0.26639828283687533,0.26627191962216384,0.26627560511682613,0.2662463519933883,0.2663031696070313,0.26659998393927364,0.26675324925398824,0.26682447636198836,0.2669281684167398,0.266923435286307,0.2670667067192866,0.26731640631479886,0.2675696614962731,0.2679577882600632,0.26828402973736765,0.26855405679350147,0.26883524729502667,0.26921836496888785,0.2696280963201501,0.27007476828370225,0.2706214503270517,0.27111788775286294,0.2715667879158508,0.272141526991378,0.27275345386228156,0.2734579184603972,0.2743239379210254,0.2750203814528728,0.27564230987546284,0.27643186099719613,0.27724721857519063,0.27802521673049596,0.2788896180626171,0.27978266913865074,0.28059877391119514,0.2814861400962502,0.28257540210053445,0.2834878397926313,0.28415694026981975,0.28513546860990957,0.2863280106889281,0.2873229412945091,0.28837624436837084,0.28940607064073726,0.2902660422233033,0.2911997811726705,0.2922492825909988,0.2932515936018043,0.29414696859366535,0.2951382740181928,0.2962259682671114,0.2972758044516422,0.29835338554795515,0.29939673653639176,0.30037615200681345,0.3014239670091322,0.30253967858829695,0.30357828024844863,0.304623362022677,0.30564761383564615,0.3065444511073783,0.30753408019526474,0.3085781576056227,0.3096379732408053,0.3109008568312581,0.3119184643531328,0.3126189987931529,0.31358389865074304,0.3146029330359597,0.31555770682263945,0.31656354734131203,0.31783054943481004,0.31880859384113613,0.31956697929384364,0.32044689982337815,0.32134008506224554,0.32224506131870323,0.3231255929753828,0.3240488896043673,0.32504557889183583,0.32593385370150574,0.32676872989833733,0.3276539730037365,0.32849185068875253,0.32940435334573803,0.33044656079965673,0.3312922282104917,0.33201025595214123,0.3328886588900289,0.3337913385227309,0.33458768877323286,0.3354115022783743,0.33627639083352434,0.33708724696201475,0.33781523162845184,0.33855472302859574,0.33937683985469436,0.3401073951022512,0.34086049301599725,0.3417858006141361,0.3426125268533374,0.34327313305974927,0.34403211898969926,0.34494535864975906,0.34569249807822117,0.3462590586905267,0.3470199664321955,0.3479146871434207,0.348604452398707,0.34921035539408524,0.3499703324643112,0.3507127483242472,0.3513695702076847,0.35217514252005516,0.3528639548497827,0.3532552572650637,0.3538610890141347,0.35468316761448837,0.35533780061446535,0.3559247427255069,0.3565431146404742,0.3571135602453901,0.357694592963,0.3582873641407088,0.35890843784661763,0.35952827653058445,0.3601388168389376,0.36079932278179366,0.36143232895940164,0.3620335342778011,0.3626272622636989,0.36321851199421024,0.36380013148899615,0.364334288224366,0.3649075767460163,0.3655198206090077,0.36611400204160766,0.36668612735078576,0.3673055698815103,0.36796498586836157,0.368581805650722,0.3692404227902427,0.36984375877200454,0.3703996109111515,0.37092407838581465,0.37131354617782414,0.37186007910348834,0.37255178427751456,0.3730981703224634,0.37365345730132377,0.37421311506276445,0.3745402214644205,0.3750822086305745,0.3759547855621131,0.37656859834464573,0.37703061218151757,0.37763460131057824,0.3782876246898643,0.3787629314474966,0.37917355068327263,0.3797016860195813,0.3801095788705424,0.3805350351834946,0.3811632245343158,0.38171588793984446,0.3820777668291632,0.3825675309304537,0.3832532899920631,0.38377003450347813,0.38421526330163325,0.38468202177710165,0.3849325263007975,0.3854007683800039,0.3862299694059458,0.3867334963094072,0.3870292304990741,0.3875092819590712,0.3879362374316165,0.3882892303436692,0.3887128048533096,0.38923429397271875,0.38978709489974367,0.3901642086466271,0.3905733777140009,0.39097300682335945,0.3911079709190367,0.3913436273596867,0.39169794300564986,0.3921012788658377,0.39265192191330556,0.3929666317301596,0.3930907838660309,0.3934161477029119,0.3937173764055459,0.3939686716405051,0.3944222532730599,0.39476511252740193,0.3948491777400428,0.3950833761731165,0.3954872343423799,0.39575637835066274,0.3960583305416954,0.39623174357701824,0.3961069594010843,0.3962482116399072,0.39664283549327617,0.39669271568652015,0.39653100779559847,0.39669740642249907,0.396905128492099,0.3969310330519928,0.39713534344061074,0.39729820610707156,0.39712143905534825,0.3971233427009754,0.3974753010919677,0.39757286483789467,0.39735597941379003,0.3974277809401297,0.39772249089627854,0.3977447200368553,0.39770389038674664,0.39777626144257283,0.3976751590931743,0.39766763423127527,0.39801647051096617,0.3980414779815021,0.3976616409396314,0.39763365311679666,0.39786785925655027,0.3977520383195853,0.39753731933906533,0.39745043978936967,0.39712344835476515,0.3969575077031359,0.39711806217351076,0.39708411330615995,0.3969475949294444,0.3967517472789756,0.3965185007631046,0.39627297856390237,0.39587291270633274,0.3955836549850867,0.3954040919135172,0.39516974459406484,0.3948899137710121,0.3946742105701141,0.3945917151296254,0.3942442451452083,0.3936785805846357,0.3934258695435404,0.3932289099002283,0.39284451092378686,0.39258473438171043,0.39228898550596464,0.3917032456469001,0.3913447954850176,0.39127522226822486,0.39102328703649386,0.39062307445711736,0.3903698199075736,0.3903019370124777,0.38993324580287864,0.3893420072539217,0.3890442477585542,0.3887654135242378,0.3883486581809394,0.38808120389678696,0.3877891498138305,0.387247707584872,0.3871913496523886,0.3869438746381087,0.3863169625726053,0.3859789391047418,0.3856447844835933,0.3852970665212152,0.38526319951016486,0.38490545700664114,0.3843246659508733,0.3840601449952707,0.3836964900620458,0.3831412816385771,0.3826973696460281,0.38235459490130586,0.3820910636106699,0.3819070467423915,0.3816908965449259,0.38133706669879786,0.3808290578400809,0.38054320396767677,0.3805586263719216,0.380277835333567,0.37991440373312724,0.37957854757823756,0.37895810018497506,0.3786024008621307,0.3785367740098902,0.3782162311340801,0.3779561940995388,0.3775345955255701,0.37677419365010933,0.3763082764467296,0.37598279927774686,0.37542530766673554,0.37481563139743856,0.3743871693273302,0.3738715704575448,0.3734433078418801,0.3733583921861419,0.3729694349814632,0.3722390737945335,0.37179331684181605,0.3715163653717933,0.37106635392544807,0.3706383726314598,0.3701818026128302,0.36949506726285863,0.36915817954777763,0.36903630058982767,0.3687362899881365,0.3681106502412158,0.36748621678983207,0.3672522269366574,0.36718008252003903,0.3670946755818727,0.3669361018118913,0.3662917853011833,0.36568363551730426,0.3655293810670246,0.36528930171206186,0.365215522404749,0.3652476710564692,0.3650042242274917,0.36496918882700485,0.3649723693025009,0.36477577788007515,0.3644303398503417,0.36411175905522186,0.3640762111896823,0.36389354415318315,0.3639501344344703,0.3641774198450306,0.3641193944725546,0.36420714662627046,0.36417660479591885,0.363675842079036,0.3636043005401827,0.36388686789694036,0.3639587050982536,0.3640337470390192,0.36429267224731027,0.36446781763165775,0.3646732209968311,0.3651204766140291,0.35710231037376927,0.35657768578354243,0.3567167085079884,0.35748569919167483,0.3585333723000833,0.3590912673768715,0.3594032091366637,0.3594220031164574,0.35879815343097154,0.35859225971878034,0.358299511608681,0.35826869767305575,0.3582064127437538,0.3587874877953789,0.3595119154209739,0.35928342030194,0.3595142842147888,0.3596942848479998,0.3595560533788495,0.3590413848098408,0.35898519134006707,0.35891801633914255,0.3587018299543484,0.3591514852122857,0.3596006815918907,0.36016937133115506,0.3610387187784953,0.3611508173534566,0.3609115942492119,0.3606573184069557,0.35952006821369853,0.3591915654051073,0.359273227685569,0.35950391390717096,0.35970485924104817,0.35927976149152085,0.35850334751569274,0.35829763498143263,0.3580602061200585,0.35795414157352323,0.358014699146956,0.3587321398093175,0.3582812349010172,0.35709840431977724,0.3562870206076295,0.35517400560896284,0.3540861651721438,0.35393434750657105,0.3531283089480438,0.35214004917673747,0.35057308597648773,0.34969965175004236,0.3484716546424386,0.347205560790375,0.3461643190422076,0.344671571249633,0.3429062703594497,0.34116337803278524,0.33955954205414585,0.3374146059037037,0.33534780913868933,0.33314239473462814,0.3313531743141769,0.3290766903437947,0.3264653996836889,0.3232531468026188,0.3198087335653019,0.31672443972754233,0.3134030841616327,0.31000339052993864,0.3066381773038802,0.30329476721741383,0.29947342057698834,0.2956175953651269,0.29217566413358365,0.28856882141860346,0.284342380767472,0.2797562129685012,0.27539253813185094,0.271333083204036,0.2670061716562696,0.26262904936083026,0.2585023614666685,0.2541621526057016,0.24936519327038167,0.24477376748946633,0.24058666499589182,0.2367137981572832,0.23236467185803333,0.2278687880073342,0.22381199926336257,0.21949802603579757,0.2157545189667111,0.21239422320005275,0.20984239018651374,0.20665298886479117,0.20358392050964944,0.20085653619590732,0.19786051266649513,0.19567251345591097,0.19399314297672518,0.19181245043498002,0.18906365762036745,0.18727025379241505,0.1858222740587861,0.18430748382500622,0.18297292284223174,0.1816004288808294,0.18029595550872474,0.17940129783657804,0.17889860007112326,0.17852320456993215,0.17765766193202986,0.1758986991297815,0.17493944251462457,0.1739965933673459,0.17358295675270047,0.17353666138916274,0.1732833049154075,0.17277614151236922,0.17235281343173822,0.1722407083545544,0.17223011480405404,0.17204557748777596,0.17186209507517608,0.17173750614416813,0.17142508009986943,0.17138127084359583,0.1715510500406663,0.1715863427271636,0.1716630287168351,0.17204363251859325,0.1725274827792031,0.17274438455950397,0.1729186280011353,0.17297440661448069,0.1731658848660243,0.17315505740972084,0.17353814832212763,0.17446878474217134,0.1748445994605749,0.1749821411347282,0.17522525549167725,0.17531811551084153,0.1757789454382669,0.17625745196919038,0.17672486155084074,0.17728108510656163,0.17781381792715265,0.1782492116873326,0.1788245614366441,0.17936116536731334,0.17989856407572083,0.18006158947225337,0.18037697934384703,0.18158804949831658,0.1826193973623215,0.1830593637440505,0.183699186752069,0.1842704264458608,0.1847885860269626,0.18536396978344385,0.18584205842119983,0.1862399581433588,0.1864318979439929,0.18707641768274133,0.1882105139658006,0.18916521505872053,0.18972556756736886,0.19051750605175166,0.1910549107326903,0.19167238732313996,0.19255973028236442,0.19322386529309854,0.19331430653378087,0.19398498497569241,0.19494191381786127,0.1962552606182137,0.19720393679771894,0.19770703500353673,0.19828980026247317,0.1990894301320181,0.19983854912040128,0.20092682197283165,0.20171136501649103,0.20231185054192952,0.20290693310338698,0.20324230627018067,0.20400761869440925,0.2050923845102523,0.20584198378327198,0.20635074380269283,0.20702667902842545,0.20800185092856077,0.2087246468167333,0.2093167224585129,0.21022910999416308,0.21095816122099595,0.21114620837362344,0.21160697061680261,0.21224660993593647,0.21303227802796726,0.2138169563136418,0.21457929792008035,0.2157703360101362,0.21711856613089703,0.21770086047422366,0.21825615532383474,0.2189208644643551,0.21928370028570088,0.2198860909627693,0.22076952731038704,0.22158881427425015,0.2223721679561248,0.22313506734158184,0.2242628641099631,0.22496099840792988,0.2251692537881857,0.22566028104258856,0.22627835556295758,0.2260411754352805,0.22665922090665294,0.22787545945983934,0.2285959072527996,0.22930565315093165,0.23010939897271526,0.23085671725513182,0.23140423024018597,0.231875851444045,0.23258285080229188,0.23376273344842347,0.23363483861624013,0.23363304581653305,0.23484013400459636,0.23524619429002636,0.23505086849587792,0.2353885124725295,0.23604951098562613,0.23636919138058637,0.2364640050474543,0.2368879577258448,0.23756719950572638,0.23792081350295982,0.2382318985873189,0.23864752978332301,0.23907616316960192,0.23903681414115552,0.2392960636174393,0.23979003814442654,0.23996513634110836,0.23975094947894782,0.24000059985457478,0.240476749603641,0.24072123239158444,0.2408200981649196,0.24141981456402528,0.24247979923913915,0.24288510595068832,0.2433300904415779,0.24377474259156204,0.24360716212215724,0.24350510018800386,0.2436988305543294,0.24436614988824562,0.24478979881557217,0.24511411003437789,0.2455339224570643,0.2462683318477069,0.24658833060749138,0.24660479251543926,0.24670553745284002,0.24658693271098311,0.246659558350922,0.2469460306678682,0.24709055670201846,0.24699444472551482,0.24717756760638707,0.24767580706288345,0.24849638450948422,0.24868809610701692,0.24870329314256068,0.24932425262275612,0.25006218134771296,0.2502623102636674,0.25074542614908574,0.25118333270034104,0.25059105856954417,0.2508019788946033,0.25228975901727996,0.2528777908355897,0.2526813621555893,0.2531079795992248,0.2537406728183119,0.254136572830753,0.2546624017238233,0.25573640173100287,0.25617683146004117,0.25626798133331136,0.2562685481830114,0.25569908033053124,0.25594051106091337,0.256493518749539,0.25685109964307695,0.2577215872357427,0.2583136630331968,0.2585164694657816,0.2587559596972375,0.25885223870604923,0.25933869530831516,0.2599849839309746,0.26057142373146974,0.2610233821659708,0.2617076238837539,0.262191033838577,0.2622132829339427,0.2626370273867331,0.2634385308656692,0.2640291191193519,0.26447216097352355,0.2650482323058304,0.26568633238967787,0.26630608074209833,0.26722194392056403,0.2677625588212191,0.2678720218426947,0.26824783750728837,0.26846494348387223,0.2690528300667096,0.2691345043410378,0.26895900477145657,0.2694879444241784,0.27014130395913516,0.2705540133535983,0.2714718111797881,0.2721311910931333,0.272549388628918,0.2725114751144954,0.2719132084593011,0.27228547261705766,0.2730490236415093,0.2730488398936635,0.2731828595429066,0.2737045100447519,0.27401636942042135,0.27353359376772685,0.2742584632189268,0.27503597960998416,0.2756877226424335,0.2760439249258617,0.27620987180571116,0.2763088227582997,0.27682150225397784,0.27715707185141525,0.27746150576604406,0.27848486666552985,0.2788892886250477,0.2782621458111563,0.2783871211043413,0.27907196301690484,0.2794530231977819,0.27996937838791325,0.2803284960048524,0.28086766572444877,0.28065625333408944,0.2791198090243597,0.2787881940590193,0.27904220533397317,0.2794579946882595,0.27973008137344674,0.28122607138802286,0.28162260122834903,0.28085185302077015,0.2808366267220862,0.2812701873032613,0.2813884300630524,0.2809657272426782,0.28141923356307147,0.28258902032123767,0.28311657830387854,0.284035479665288,0.2846021362485505,0.28443119598373084,0.2844009182588545,0.2844710181730378,0.28442507191151617,0.2836870514569182,0.28382894376174195,0.2841946425050641,0.2850922469463843,0.2852608487231933,0.2855150374198692,0.2857031346416515,0.285188532049652,0.2854521053322215,0.2864555403108286,0.2869748815454943,0.28760344843367125,0.2878584822667984,0.28757322549616643,0.2877578149494721,0.2882095750990047,0.28822504068750654,0.2878454849382269,0.2881470444392792,0.2890774851984251,0.2891109853058398,0.2887014741153819,0.2889638273996414,0.2891501001251739,0.28877974736750994,0.2888887776785777,0.2896081581955895,0.2900445741894218,0.2900201741518189,0.2898578705642079,0.2901296653617774,0.28989243433376644,0.2886636342028989,0.288227796547383,0.2880729711720598,0.28809638675835686,0.2884138541661515,0.28853368407746116,0.2893208683103882,0.2890947258049999,0.2875631241710859,0.2872153102983416,0.2868662779223252,0.2868429485926239,0.28831918071717616,0.2886215190176353,0.2880971594613383,0.28781232520118316,0.2872274392531741,0.28658589548362445,0.285785722117605,0.2854709285102288,0.28556386549601653,0.2853107263120223,0.28490890918402445,0.28504774066680927,0.28413624610337546,0.28188068901097024,0.28118373430867616,0.28079196860957395,0.28031863181861816,0.28047026464067526,0.28051290908006954,0.2811213473843342,0.2803246396429127,0.27831506068339534,0.2778142621761241,0.2771320957814894,0.2763676204409819,0.27699697178851657,0.27698852337576535,0.27600009690856003,0.27503458329367275,0.2741002962991431,0.27355430719906065,0.27279111983983356,0.2720929672966862,0.27148323099820854,0.2719879337390334,0.27205972403179546,0.27135657535228075,0.26998053662549565,0.26825837688605647,0.26701998443921826,0.265047574141638,0.2631344472235587,0.263701305423795,0.26385612436252814,0.26421637391829317,0.2637751674569702,0.26376915555323655,0.2633232028394866,0.26169565283560586,0.26112870457230447,0.26170334523729927,0.26108856601900915,0.2594720579573942,0.2589281818625214,0.2586632216550586,0.2582943660926837,0.25829908376275923,0.25839296191884314,0.25877750800942817,0.2585504065382431,0.25790557790681784,0.25772141338358695,0.2570356856222624,0.25698022002615506,0.258248387455527,0.2586195166067077,0.258833809541637,0.2586856020845065,0.2579950379171187,0.25722857690103673,0.25621597158428994,0.2547519207673662,0.2533812282570528,0.2532772044814534,0.2549829566783823,0.25466018739128243,0.25280852716052327,0.25262435569905084,0.25159500859134276,0.250397946332105,0.2513582093473935,0.25243304078339796,0.2513319332052783,0.24977740841164497,0.24971905665534438,0.24839345907174126,0.24747857470433907,0.247587018495621,0.2476238110615574,0.2470718386307405,0.24681313945627367,0.24758184034429312,0.24726286326320546,0.24532339468273578,0.24532413864563862,0.24642710505521526,0.24689872846366448,0.24840921866473273,0.24869635161290476,0.24788918501703278,0.2472043569558198,0.2461238878547895,0.24534292148247203,0.24427592952252786,0.24370572197946103,0.2433155434419932,0.24331269506454,0.2445760758698832,0.2441318949360497,0.24200842802612949,0.2420844973525318,0.243009081926019,0.24271274627483014,0.24339996539902223,0.2438264825447221,0.242817703225802,0.24173996639625783,0.24126718649787285,0.24073832469095285,0.23878648779673126,0.23790933253215898,0.23861816092812765,0.238606582071815,0.23847788199547418,0.2377827881640558,0.2377513443335767,0.23836905871945344,0.23880124994164761,0.23957736460733367,0.23953839993422488,0.23782403239203295,0.23558782299268866,0.23475644265192416,0.23551862727177877,0.2365188314455293,0.23734618086072087,0.23580895729232884,0.23337835256087944,0.2335944562219353,0.23488778418592482,0.23523479759514357,0.23500977461247524,0.2347726215774331,0.23400551747823067,0.23448410020885177,0.23603677219450622,0.23433280677047164,0.2316959222387513,0.23151281781108404,0.23174540507462538,0.23232230872180148,0.23362203931693726,0.23408145343433073,0.23274729152272458,0.2312252239197809,0.2314543163158434,0.23279016022173263,0.23268807431309466,0.23024813421044532,0.22797505864042245,0.22639590697368728,0.22643025072947942,0.22834226520411252,0.2282098484491041,0.22720936355939603,0.22756749223762665,0.22844972109927197,0.2297982406995493,0.22906594005125933,0.22576761788036065,0.22528485763439646,0.2255052930398882,0.2221421266472731,0.22169262114197932,0.2236955120688533,0.22452114879219076,0.22663517930376495,0.22749242899695807,0.22442013684778622,0.22126681226201317,0.22205811812345974,0.22246272979725173,0.22025352702700507,0.22036414926419653,0.22050843232531794,0.21641907471169888,0.21443362661431337,0.2152586666671545,0.21339901757203655,0.21527719340247772,0.21884847436535843,0.21727180580174038,0.21789065423784568,0.22103514206375985,0.22217148052853164,0.22220924409411413,0.21953895825212472,0.21351106964299946,0.2095625216515696,0.2084608539300493,0.20621394614249977,0.20683106957366776,0.20912988666319554,0.20752586102978549,0.20741513706763515,0.20967642108260784,0.20959280615905965,0.20920404404845308,0.21028774024659816,0.20952517283035343,0.20387990603883,0.20122860382368604,0.2041449979508386,0.20260827552651361,0.20209970970772329,0.206128054192034,0.20550555099721032,0.2023140741407422,0.20229172811217153,0.20338348646437004,0.20045923986569517,0.19739033486464913,0.19911292182682097,0.1981377793991189,0.19355600289466723,0.19462304465092936,0.19725568342472075,0.19433465640998712,0.1942881510988354,0.196351312512352,0.19545144890472665,0.19812213222628683,0.2002227018993212,0.19635056578998944,0.1907244369821384,0.1896526510402609,0.19003248195580166,0.19882275466772367,0.20053321828235135,0.1950658182846179,0.19408389361131728,0.1930588822881772,0.1909254475588629,0.19161600431940315,0.18978694411436367,0.18239525601935444,0.18021073471886842,0.1828971838169231,0.1818352952380439,0.18098020871561912,0.18564292163400187,0.17968196082259658,0.18131274779608975,0.18618926588561607,0.1824113435678574,0.18107050671615357,0.18132512420917815,0.182633872302248,0.1884786807522074,0.18742982047251838,0.17880463597080443,0.1741402956621038,0.16870265906001328,0.17135128162202262,0.1838085979041281,0.17987277614264424,0.16800749694414405,0.16809382293652134,0.17201082471556756,0.17619317602528026,0.1773265762451817
33_2_ANDGE_1_M_1_00000,0.09697828398022681,0.10279435038756744,0.17661734309620294,0.18643714879064532,0.12222414290888334,0.13521401823419296,0.11746673656438252,0.09128423303636808,0.11938151841065142,0.11283564702332012,0.0863638728368605,0.06683875661449222,0.05841182114879769,0.08330046071574762,0.12268651844546612,0.09152333568832588,0.06541857645706556,0.07276800952237159,0.11117173189279916,0.07864832220024305,0.04314559446165757,0.08914400781981968,0.10385156608074785,0.09390269080404724,0.08205476145860666,0.10870450559769627,0.11014290693065336,0.0807423959313435,0.0605969030107069,0.07884724179074641,0.10852375189020018,0.10871742426122856,0.08346906829874878,0.0677993173382837,0.08074459469388393,0.0811521732287444,0.08312439694197911,0.09099111662994581,0.09747963961580688,0.09265511851631478,0.08453343808521675,0.08835283746430957,0.09202917530965694,0.09837615657199222,0.10693607659451061,0.09204999512455787,0.08569312086157528,0.09706988409611715,0.09743630751117072,0.0956935792917906,0.09132252725361568,0.07946820421486407,0.07997329989603678,0.0853139493060261,0.08509829265161727,0.09708351228127576,0.10702373631867519,0.10418343789792835,0.08809414671380013,0.084066281040341,0.09260996255567387,0.09086218425004668,0.09005246130694404,0.09361301020370635,0.10130929745859907,0.09556438025111565,0.08875212907971283,0.09105901577283596,0.09039497403913897,0.09076010287052928,0.09381863900566978,0.09817110739812594,0.09762428976295325,0.0940412737914244,0.09398955923398881,0.09363942690932964,0.09322111182808919,0.09361011901325203,0.09417439871154916,0.095594214157632,0.0977645739703668,0.09855995033187966,0.0978282461910434,0.0971671648247164,0.10060027172243023,0.10073386396376724,0.09894985207385508,0.09973627329058551,0.10049205086060327,0.10030043463072583,0.09908901461657059,0.09900487640273485,0.09933173053391452,0.09966362557586429,0.1003188824161974,0.10164319294349158,0.10289280291998602,0.10245343543295755,0.10177582387085753,0.10194727714508274,0.10360840166485324,0.10495682023997846,0.10430113852784555,0.10177797872682084,0.10291033282728602,0.10335280062816579,0.10219199204803966,0.10313366648504123,0.10404733334393462,0.10434394808887631,0.10410190819341711,0.10537128635258829,0.10635733747443721,0.10500039552783587,0.10224786647394978,0.10149006474974333,0.10383259012553261,0.10545345790998467,0.10537918343146056,0.10408832157251345,0.10368825697330987,0.10220160002785528,0.10140027654943413,0.10384658012187031,0.10384520365750842,0.10265847628139836,0.10231064099086333,0.10322008267943684,0.10381546499444223,0.10350820291863583,0.10333379102982997,0.10423895291773512,0.10507127288873797,0.10306113618279637,0.10370538884703671,0.10515054236336763,0.10405139718763147,0.10327553073432648,0.10349323943635119,0.104441438551533,0.10377937743913375,0.10371388676229568,0.10471926096535607,0.1049461684270296,0.10487903430061817,0.10516878564180467,0.10659252073191004,0.1066337011732911,0.10657294653400468,0.10804547069984669,0.10955775906097047,0.11038187732290292,0.11043204725460533,0.11083559072373486,0.11194106858030554,0.11349850066971563,0.11453060402523473,0.11599915033498231,0.11760538316160707,0.11865301410660951,0.1203276102370076,0.12260114952748745,0.12513522895551119,0.12728318903557964,0.1294037709843871,0.13172669667593376,0.13413111137058228,0.13654635738386214,0.13915249810390432,0.1423592230733754,0.14583484266125213,0.14896015035042598,0.1511930948394299,0.15418486628502165,0.15740091418835078,0.160102575219193,0.1619293867860325,0.16437882330697712,0.16770703179269378,0.17011709149212667,0.1719958207466862,0.17374537089548608,0.17591600050119247,0.1776526993954417,0.17916982814763482,0.18086071590321903,0.18189301047327872,0.1828388450154381,0.18406672693426812,0.18475887610076763,0.18573526688959135,0.18705908590172426,0.18770002590570015,0.18804041180576972,0.18837095026023404,0.18900352092936384,0.18968538273863245,0.19046537977349404,0.19133871190835347,0.19153505513756358,0.19176826511398934,0.19240509369750058,0.19261778490191914,0.19249140266294845,0.19231782325397218,0.19278045069099045,0.19248771550256272,0.19167877578736872,0.19130995969723966,0.19075500158966427,0.18985143411978192,0.1886381732653204,0.18774983031441073,0.18666623173707061,0.18511993038715727,0.18350270619523715,0.18213943982652234,0.18101081918718379,0.17977026854733386,0.17782770990884122,0.17554692335967864,0.1736900620206977,0.17211693198201744,0.17058461570191807,0.16892816421383766,0.16744573402122379,0.16569032639376707,0.16367195854096653,0.1623594638565658,0.16094071232794382,0.15950469761445926,0.158802052382464,0.15768182032254344,0.15641432214630893,0.15563471621011987,0.15479349007746773,0.1539741945587049,0.15322918508294084,0.15220102437386535,0.15121693836217917,0.15038389870991645,0.14941599733419622,0.14879749085239793,0.14851192724436174,0.14823941370446558,0.14716766538022805,0.14607355515202705,0.14592241504162987,0.14584109917072713,0.1454596469123962,0.1447487982528682,0.1444254760102497,0.14431043613326358,0.1441396176880557,0.1434739779467971,0.14259827668313654,0.1415006439155407,0.14009767228940379,0.1392795183114695,0.1391781895278565,0.1395920760921964,0.13981439053410577,0.13918706565412034,0.13765487785037753,0.1364806879928898,0.13538775012429904,0.13424806946810175,0.13300086646869158,0.13175694451678155,0.13066575534129965,0.12991720169627072,0.12998383087136817,0.1301326835250627,0.12978444379145238,0.12960566223881248,0.1293627411150311,0.12906183087810075,0.12924036731982388,0.12915624598635772,0.12875639643104586,0.12841342371792408,0.12803463317081334,0.12770832386480802,0.12751486599395254,0.12720892172570633,0.12681205014146865,0.12638028113475144,0.12602281394368448,0.12537517074412452,0.12449096790618405,0.12392949422280176,0.12339558130588302,0.12264219116547219,0.12145037513710613,0.12030965503536083,0.11916433969084447,0.11793661144225717,0.1169384105146135,0.11621358069564337,0.11560655620389725,0.11452642691085385,0.11366952592751019,0.11305649812484375,0.11219335711888309,0.11164541062789005,0.1110687957720657,0.10999587056046951,0.1095972397537063,0.1091327091920061,0.10805624911893473,0.10718898906494029,0.10634000987084527,0.1053682633232571,0.10415315504225638,0.10317875528408445,0.10249456675575237,0.1019279544400419,0.10144201216084531,0.10095930014231069,0.1004280929930797,0.09990382328212076,0.09946795495498595,0.0991506750714907,0.09887051469671077,0.0987745790949304,0.09885407182857484,0.09897955968030903,0.09897665226458655,0.09893280697863814,0.09903322249652026,0.09936569738484487,0.09985468890179042,0.1004552684130763,0.10129765369348735,0.1022685383114047,0.10337980210859105,0.10481598036111138,0.10634848417598214,0.10818034970847008,0.11069138693405937,0.1135962875199896,0.11679797563057308,0.1203022822053207,0.1244326482961594,0.12913295107058193,0.13432083067731868,0.13996733593408942,0.1457395050193105,0.1516611444602078,0.15801681083681893,0.16498852655063173,0.17212843911510822,0.17891635273401071,0.18579037290775552,0.19267454604087314,0.19946069669377786,0.2059935218672005,0.2124726009719778,0.21897368986889393,0.2254301296589315,0.2316889767335202,0.23781210477054696,0.2439128647111665,0.2498599314079604,0.2556517277163178,0.2613243638466704,0.26703189277330003,0.27274256203396646,0.2783759896654839,0.2838567192578275,0.2889294846523036,0.29372110884666386,0.2985715606259367,0.3032922253914211,0.3077739476295687,0.31198982990281193,0.3161287920022764,0.320078600854418,0.3238245196598605,0.3275666015862993,0.33092332767602406,0.3338460138697475,0.336493277856295,0.3393930247761046,0.3421927867661771,0.34446845589735475,0.3467090865486706,0.34877808378086606,0.35062283558337765,0.3524739395631507,0.3542188014111661,0.3557402824934401,0.35690602129779925,0.3580358342742667,0.35922449383377475,0.36048647242971626,0.361835004459903,0.36283157903843133,0.36334399221172714,0.36398560562027693,0.36464780388622764,0.36526847798841267,0.3657925039097288,0.36634939614003764,0.36681610852421587,0.3670544553891187,0.3674134275453654,0.3677645703093274,0.3680033220562292,0.3682282149256524,0.36825114191313973,0.36825024287466557,0.3687640255874071,0.368997787893488,0.368991695222673,0.3690251127505337,0.368953281135508,0.3690622805891119,0.3694474006327734,0.3696382553331421,0.36970100493934765,0.3697146622065691,0.36979260000409786,0.3697031659642992,0.36958073222766263,0.3696215558181889,0.3695352257783559,0.3694324660912146,0.369399442098627,0.3693382249402585,0.36946637710264896,0.36964111800080984,0.3693925473581489,0.3694262186173717,0.3695762738959301,0.36949359342272,0.3694967258740156,0.36946779310027505,0.369352629036845,0.36934285092325614,0.3692217111929048,0.3690913330948119,0.3692924066459749,0.3693301131435597,0.3692237464433181,0.3691018420332007,0.3688351684451902,0.36873213478695516,0.3688451039456302,0.3686431759182693,0.3685476817148259,0.3685419868860272,0.36836886335252805,0.3683200438233251,0.36836386904108914,0.3684089089415117,0.3684351266026059,0.3685271815633238,0.36858530064756384,0.3681530445355828,0.3678081934962221,0.36777003252153156,0.3680322598256448,0.36778841674385254,0.3673889740761249,0.3672641416501335,0.367415777873954,0.3675147231403216,0.367452499601141,0.3673672515394515,0.36748893424851586,0.36759896111688223,0.3673668137442492,0.36701388122038137,0.36699610845643965,0.36737505512569113,0.3671712014260515,0.3671797097027703,0.36732798438216435,0.36692444423928006,0.3669921871476332,0.3671167259674802,0.36675462392019803,0.3665681425234407,0.36649840957121305,0.3664984921624106,0.3666354892564882,0.3665342056504695,0.36618873269961844,0.36580602809055635,0.3656980666770429,0.36589227312048167,0.3662422323452754,0.3662774872887104,0.3661598177062363,0.3659672147620429,0.36570462669508214,0.36581280394756394,0.3659325652909736,0.36564434539848434,0.3656574952943392,0.36591642965485205,0.36617808685837433,0.36591045675498063,0.36556526018356167,0.3653110836108023,0.36521510660678425,0.36558677260394895,0.36581489508255766,0.3655111443981321,0.3654050730260362,0.3652593470479577,0.3651929926237335,0.365647731099038,0.365624610260946,0.3654682842353154,0.36567441647465476,0.36539777431338666,0.3652016602571752,0.3653297735227128,0.3654310050548756,0.3653011993903677,0.36510365569335973,0.36513770183994515,0.3651077608371575,0.36503175800838367,0.364973500733981,0.365054782644659,0.36486168679561315,0.3644609914633422,0.36426752595554884,0.3645820468255401,0.3647219034722448,0.36424123602379554,0.364373750021408,0.364318037908808,0.36398054336815094,0.36405563072978087,0.36410178854960595,0.36401610656813255,0.36386306899924553,0.3641135184902054,0.36426030854799085,0.3640790724683207,0.3638499972668555,0.36365748236042056,0.3634914513687001,0.3633011201470513,0.36314869125624005,0.36308756960932864,0.3630964642900147,0.36297932794276727,0.3630210132537824,0.3630713243251128,0.36279819510791506,0.3626422899779452,0.3625593444334547,0.36247633302763377,0.36244985130254825,0.36246229228031834,0.3624628918727923,0.3623820889772045,0.3623219570493762,0.3621715884483033,0.36190434934209514,0.36190253074428236,0.3618898355152502,0.3617714026056753,0.3616194924355147,0.36178411691340734,0.3619117333556866,0.3616562857950679,0.3613374022428985,0.36113024427793605,0.36093487674900115,0.36038349440831224,0.36006445628067024,0.3599535685215604,0.3599160921829133,0.3601224827354494,0.36024861193671004,0.36005168548528127,0.3593971355036115,0.3591249517663862,0.35940280262827534,0.359976835849907,0.3597832359387652,0.35935771952065393,0.35911091080366336,0.35924194393307096,0.359117569562804,0.35856869594392327,0.35783476394766683,0.3583026305770277,0.35853243810011004,0.35815648122186844,0.3581330241142505,0.3574977203595969,0.35680913842412565,0.35676313976795576,0.35683926929374077,0.3566712960548766,0.35631493099316763,0.35626228768099216,0.3557030612446444,0.35549200260508723,0.35612676655139613,0.35496004772343354,0.35411430373092195,0.35408701379429613,0.353778353590174,0.35370165299791856,0.3537925114097058,0.3537696874180721,0.35290784423630656,0.35275596692491606,0.3531122032040447,0.3524884916974826,0.3524926622109172,0.35294241996549397,0.3533600883613701,0.3533632985074499,0.35365483115516816,0.353850462577657,0.35307033134847876,0.3527728287997552,0.35261609620232764,0.352312733700362,0.352230728192019,0.35263886546047796,0.3532068252890956,0.35333241105117164,0.3528557672180602,0.35241769268131357,0.352464222034281,0.3530554048392806,0.3529996092975849,0.35232368207413367,0.35163914945395847,0.3520172337235001,0.35259584678041256,0.35271459247329595,0.3520965531527061,0.3527765485415195,0.35325840309887635,0.3523069452526593,0.352392293475441,0.35281189838343485,0.3526146295432012,0.3510460878592475,0.3519767292329556,0.3438127898961633,0.3437531032592031,0.3444127705261861,0.3448427598100571,0.34502535322869526,0.34565675438250804,0.34631954240995516,0.34733940610003516,0.3481684018557486,0.34801157763348195,0.34826343018249784,0.34861273583181634,0.3482351196811448,0.3484775200875073,0.34844845000233843,0.34738220512775614,0.34700656036062566,0.34684504357794077,0.3468690124693977,0.34680035241110674,0.34722188179977737,0.3476048261468835,0.34742906659683104,0.3475253243121384,0.3478393661964506,0.34804513607119913,0.34852311703115,0.34875937354212844,0.34883941809854463,0.3489178019190399,0.34889095631890865,0.34889850172097375,0.3491525145834317,0.34844524958633155,0.3477885560469771,0.34780665120893584,0.3478809838534411,0.3492082582841262,0.35047180831118135,0.35028285486405214,0.34980760711657394,0.3485677070520262,0.34766107341112307,0.3478012813036059,0.34801227033152,0.34834505648345143,0.3492339895541556,0.3498827396776658,0.3498444359706709,0.34954909108852483,0.3486714522155351,0.3480397793500201,0.3480552507355203,0.34832517590620843,0.34937837112167147,0.3500163004914764,0.3496498790837536,0.34919523246076944,0.34830478714530627,0.34781719768256897,0.3477374980817577,0.3482719082476623,0.34838618408200583,0.34882507733031537,0.34908681253893387,0.3484097109696013,0.34841724423142173,0.348432556731427,0.34812676153867944,0.34885546630946507,0.3492376224688535,0.34907346979996573,0.3494859694828552,0.349255531948421,0.3489088663254498,0.34890499331355773,0.34931328800710454,0.3489218910964223,0.3489108303231576,0.3491576868902915,0.3487023202227056,0.3490790728392052,0.3497214048123646,0.3498534309625072,0.3501279785267511,0.34994998122336435,0.3496575852622815,0.34973420052512666,0.34989415574357,0.3504150494847484,0.3506231915383922,0.35050855561334776,0.35047852847855493,0.3504561529715701,0.35029512675427077,0.3501770026831508,0.35029077069990827,0.35033473658719555,0.3505848971654158,0.35121018672568555,0.351387795771593,0.3511798400412061,0.3512671799601333,0.35097514922559564,0.3504090783933281,0.3502484509347614,0.3503562597881903,0.35037404313699605,0.3503349838458426,0.3509509554588408,0.3510298416984567,0.3508632403792326,0.3503636425914788,0.3494239193178101,0.3494442993447169,0.3496856753214899,0.35000740284514775,0.35077464163531413,0.35049418704454766,0.34995259012436003,0.3497602048711002,0.34932425518781957,0.3491164808571532,0.34961054449114687,0.34948336963712884,0.34898988021050387,0.3487534981127284,0.34836672739755753,0.3474215312455888,0.3473603909333404,0.34773501103868076,0.347548861825271,0.34731600963867204,0.34688536120513935,0.34618857970487427,0.34561897257653384,0.3452458936829624,0.34465783733643995,0.3436856814485857,0.3430304204246099,0.3426432718220895,0.34197035049002406,0.3411971950982599,0.34059636286556944,0.33998134667193675,0.33942191834181595,0.33929737898308393,0.33893827203422117,0.338252833019463,0.3377369213755029,0.33702897957234795,0.3364140641629451,0.3362117087512464,0.335705307696587,0.3354239571037054,0.3354944105077445,0.33540765499675484,0.33526650472168007,0.3349961898769498,0.33449427749467636,0.3343013097056219,0.33402973743686865,0.3342611091779286,0.3344601496655464,0.3341797667096935,0.33379503256153903,0.3334391587832923,0.33345138611059516,0.33363766694914077,0.33367471569933316,0.33372701184330106,0.33378652434133166,0.3337437738192668,0.33378324075990745,0.3340623007380381,0.3340554534288381,0.33364273330501437,0.3336687688564572,0.3339197640244979,0.3339323933225348,0.333980448726947,0.3343947334304872,0.33420099465813674,0.33394969416600245,0.3342192739432672,0.33430228814942575,0.33416714863389196,0.33406435460216294,0.3340364680795336,0.3338230911360991,0.3337646613286826,0.3338906699161954,0.3340639615159992,0.3343751548598253,0.33433410935239855,0.33417179770610966,0.33422141503054614,0.33407754193341144,0.33397606650679834,0.3345508196202096,0.33484200818984294,0.3343945163346168,0.3341351439731335,0.33446186212260176,0.3345822636264898,0.3343726076798636,0.33447619634180825,0.33467110730761185,0.33449625759544327,0.3344843344073625,0.3351515877847015,0.33525393871337,0.33445948016900445,0.33454044978360353,0.33538932272197614,0.3355508576517329,0.3355345987750951,0.3357334684605396,0.33582739851927446,0.33563849431171067,0.33558421231107816,0.33586403479622,0.33581185228427524,0.33561880606758243,0.3359774018332101,0.33626904863214896,0.3363342796475187,0.3362089481338787,0.33627839644060187,0.33627215951830314,0.3362731367962119,0.33638884069650915,0.3364761502486097,0.3364621176122472,0.33648293629463577,0.33661201074906744,0.3367257590023967,0.3368204772347286,0.3368183937047492,0.33703046603033937,0.3370323831344804,0.33697380862764803,0.3371728853895648,0.3372440582756669,0.33722966579050495,0.337225414947349,0.3370311707281484,0.3371197784985334,0.3374451685706699,0.33756190309432343,0.337794548572763,0.3378380212919588,0.3375785324217974,0.3374942237637694,0.33741228236827114,0.3373810740383086,0.3373628069984921,0.33747110460642316,0.33784059564088603,0.33793422827130465,0.3379317724137449,0.3380044179780732,0.3378480885311147,0.33760222804392065,0.33770482969025356,0.33782474800480283,0.33780325252403964,0.3377181026187304,0.33771533065594406,0.337664510463336,0.3376322872843518,0.33777036409712763,0.3377205483586449,0.3374154834624389,0.33733637041075326,0.3373414249626834,0.3372690709985452,0.33724311999955575,0.33726074601826134,0.3373926627696042,0.3372966019374213,0.3371069092423664,0.3369033646903502,0.3368736768227416,0.3364673033626509,0.3360551653004304,0.3360978869770664,0.3360094062771597,0.3357467344832266,0.33563819562197755,0.335868509369993,0.33570012964115864,0.3352628394418699,0.3350466722801583,0.334798413554403,0.33455693067969217,0.33436905493673175,0.334205953960312,0.33409646875553795,0.3338704168150857,0.33350333395642184,0.3333969104179669,0.3335661514566173,0.3333321642795351,0.3328865992287012,0.3327249307278804,0.3324562035262231,0.3320990717954772,0.3320952444521793,0.33223569058648444,0.33206789670145503,0.3315745737606347,0.3312337597493743,0.3308741601948821,0.3306202514337091,0.33046639250140286,0.3301136218823563,0.32968584646118154,0.32938193297961776,0.3290446543246655,0.32860346133065543,0.3283507400474385,0.32788434128212823,0.3268946277497779,0.3264068604603665,0.3264302760218864,0.3259464986699722,0.32524379650930174,0.324787039320416,0.32429374066478084,0.32361512447981317,0.3230024725331127,0.3225058180704071,0.321754709569653,0.3208908028171503,0.32013941453512973,0.31955676510459746,0.31895265182436716,0.3183461886538412,0.3175626131959503,0.3167292365387238,0.3160712794023458,0.31535584990387366,0.3145806610027587,0.3139257425881858,0.31332291331270246,0.31259202747828485,0.31187250569852587,0.3113936554207279,0.31074777634785433,0.30982412893284356,0.30907240028257277,0.30841497157313663,0.30776216329957834,0.3071346935001189,0.3065090694015212,0.30604232528461894,0.3053643014366034,0.30440239709731387,0.30368532597247894,0.30301276053196485,0.30232060044751574,0.3016130845898901,0.3011472428794174,0.3003032946209089,0.29922070588039235,0.2981890563651562,0.2970298899050472,0.2959791338420589,0.2950746977365282,0.29384020378677905,0.2924692371561621,0.2911057506318953,0.2896195284466942,0.28800375801422334,0.2864533787277287,0.2846453394608008,0.2824921872958352,0.28039183451516153,0.2783736547477815,0.27602931000217523,0.2735023940539973,0.27085576387059157,0.26788265151545887,0.2649697385729717,0.26211659985770797,0.25907233265730384,0.25593792640666896,0.2526834588342221,0.24914033151544074,0.24572801257008142,0.242223902803968,0.23860785726203815,0.23510431464166384,0.2316393573489647,0.22807881650468934,0.22440763707419523,0.22100442436696718,0.2176464622378826,0.21432627749560232,0.21115214913219457,0.2080566109643171,0.20485477353399775,0.20196241824413239,0.1993660927096042,0.196761236941267,0.19418335670594636,0.19184348195112538,0.18964878736494029,0.1875778199751143,0.18570760481560988,0.18393221119187547,0.18227274834730767,0.18068686609531184,0.1792349089731449,0.17785782240825102,0.17649588111761141,0.1752998272980244,0.17423231154776955,0.1732775292315034,0.17250171566753894,0.1717602194300106,0.17115461839306914,0.17055192793098733,0.1699423111082326,0.16932270524391924,0.1688208015254161,0.16831401106996832,0.16797882597249228,0.167854768628955,0.16755669308617943,0.16723088593331378,0.16702253030697087,0.16681496394478892,0.16660575285948326,0.16645486738173115,0.16639413710983017,0.16637107355600722,0.16627279165061076,0.16626027381792088,0.1662287902539501,0.1659988277909128,0.16599848068337442,0.1662912859349684,0.1663422938737964,0.16626560171732455,0.16633216059489978,0.16638751110513006,0.16643650701752294,0.16660985976626702,0.16673165823510092,0.16668411298620034,0.16680070190529345,0.16710337860781513,0.16729679326523214,0.1674529580629721,0.16767993418190336,0.16785171881133096,0.16810102375792524,0.1684945822453964,0.16885287457111614,0.1691985571901396,0.1695748490800382,0.1699629768948849,0.170320800608283,0.17084245438760373,0.17146706442221657,0.17202484005493393,0.17265459340397113,0.1732658194998123,0.17376213435292653,0.17449198100908614,0.17545338821921924,0.17615207862207247,0.17674442759151968,0.17757066245663278,0.1784136973969975,0.17919528767619602,0.18014471411850402,0.18102510721951903,0.18171173997191567,0.18253224748462302,0.18348262750716232,0.18444786517659853,0.18545189303659487,0.1863559482710727,0.18729680663241896,0.18821708240030932,0.18896298413642268,0.18985736046824553,0.19088593108246005,0.1918753099761546,0.19292529923617893,0.19387805583450665,0.1947715017544898,0.1957000942488048,0.19654189494703445,0.19746747422945596,0.19852351696578288,0.19948343732277393,0.2003882212026791,0.20133661393439917,0.2023116167767846,0.20321190776088877,0.20403524438361087,0.20496585226422848,0.20588245932675447,0.20682239568406977,0.2079592838476898,0.20895410921628774,0.20980369497976156,0.2107092308198865,0.2115470141582142,0.21244737977222236,0.2133903765421743,0.21442160722348375,0.21534356566868476,0.21627067463465818,0.2171353915460077,0.21790886992917666,0.21876898290980432,0.21966050594610365,0.22048357123891535,0.22127848385827212,0.22214608865388386,0.22306156238746913,0.22379265582647054,0.2244081307732666,0.2253014633728496,0.2262490661904292,0.2270027317777868,0.22785833396837152,0.2287510554930351,0.22945703999069667,0.23017815122853538,0.2311073025344956,0.23192000945018135,0.23248176902552675,0.23318032462869268,0.2340852200686819,0.23481355981341037,0.23533583478896603,0.23603863475947726,0.23682734956372672,0.2375784516991767,0.2384146151981205,0.23912222274175765,0.23970049948204722,0.24041435357973784,0.24122027120086104,0.24183553126129656,0.24238097158193034,0.24301700566907544,0.2434965160334301,0.24412430922413975,0.24501340678195788,0.24570635319249987,0.24630123139979548,0.2469177714787582,0.24753415398451312,0.24807116910445917,0.24846234580295454,0.2490405126822948,0.24970296945721093,0.25028550325466603,0.25102642506709133,0.2515897372742683,0.25187101095543357,0.25236416713221105,0.25295521961450884,0.2534848182388589,0.2540566750076149,0.25463017263746207,0.2552372706271613,0.25571015991163243,0.2560268911165881,0.25655548406281864,0.2571473381697085,0.2576283018595401,0.2582221105595277,0.2587869752168255,0.25917121787159947,0.259636218304967,0.2602969370032268,0.26078696950403496,0.26104054333434007,0.26149915634354254,0.26206812962205045,0.26255339828642704,0.2630675629313968,0.2636288514074565,0.26419433450661833,0.26469786078637175,0.265226173965731,0.2657537848120615,0.2662219735527945,0.26665215730746317,0.26705980074499913,0.26755399926792656,0.26814139480815163,0.2685241622560105,0.2687143933186033,0.26916637066136123,0.26975049089174724,0.27010569083262653,0.27044208291312805,0.27092550299173723,0.27126844444511816,0.27161185610667554,0.2722639807057508,0.2727462818441274,0.27286825201505094,0.2732373815289113,0.27379595615711033,0.2742689309264277,0.27482158090205816,0.27531491342742853,0.2758011671838272,0.27615796512715857,0.27636950322630455,0.2766711461865393,0.27688058457482917,0.27713770326248,0.27753312049603507,0.27787902035850887,0.2781756102688493,0.2784780144211439,0.27873830020322193,0.27907640181200705,0.27958078112841034,0.2798761671614337,0.279995533447644,0.2802837025175435,0.28049946120226615,0.28076641016830994,0.281280100118752,0.2816666644893117,0.28195302324330074,0.28223923919686084,0.28246943762926563,0.2827562369693939,0.2830659623834473,0.28332561846642934,0.28359766580835866,0.2838927726676098,0.28420474323198197,0.284421433300632,0.28465695728631435,0.2847970630777113,0.28464338659188626,0.2847627955013146,0.2851364055567317,0.28527301239751496,0.2853217005621332,0.28553933544174315,0.28579624641340706,0.2858666696892258,0.28594011566102673,0.2860951255590649,0.28604401962388337,0.28610550849099115,0.2864968323599768,0.2866655865292644,0.28661607405302014,0.2866640834095998,0.28672990504649837,0.2867598626732049,0.286727627521711,0.2868164696263172,0.28709629857206986,0.2870934770064306,0.2868085422176117,0.28688589027811195,0.2871592301709374,0.28711786889294616,0.2871606029220818,0.28720645910403947,0.28686613748775575,0.2867033449530059,0.2868943453415709,0.28684416511671645,0.2865401248825859,0.2863946595309565,0.2863342883333627,0.28617627334655676,0.28601821936081145,0.28584869884245856,0.2855454974652595,0.2854023944175013,0.28537605664747245,0.2852813953249308,0.2851560795841094,0.28517343606822354,0.2853583750791966,0.28529826087484267,0.2852198044817635,0.28509989853451817,0.2847245044668524,0.28453997625327043,0.28454260291168093,0.2843902762280782,0.28413344015656816,0.28400048272363615,0.28396141554578336,0.28367896414496113,0.28333453693129707,0.2830308498052747,0.2824887982881844,0.2822837917805744,0.2823656359066775,0.2821641676396652,0.2819520505984156,0.2817390532539968,0.28135436852511625,0.28115060533271424,0.28115234660771266,0.2807349665921844,0.2804576831471384,0.2804396166368227,0.28020274791667094,0.27978242665282077,0.2795293422512115,0.27919962254609926,0.27855896531760566,0.2781470407805995,0.27807288990513007,0.2778124374396764,0.2773547874522856,0.2767550617909585,0.2762859115063742,0.2763522972441197,0.2762218611806278,0.275801409070623,0.27557390175120183,0.274968475616534,0.2744615862026382,0.27472198679214754,0.27454845640362224,0.2735814008004688,0.2732019537694581,0.2730353323307347,0.2726813374834879,0.2726066601101303,0.2722634250211107,0.2714703714491789,0.2709776891834884,0.27068024439293686,0.2703344251486847,0.2701028885088996,0.26956026530028226,0.26872376478835347,0.2682106888179683,0.26774336535723064,0.26720560319295483,0.2668730638575575,0.26639515709321016,0.2655898435669752,0.26506440502046696,0.2648839634235628,0.2644192513295157,0.2638203868020592,0.26328898394773365,0.26254823628895263,0.2619467260986023,0.2618269625894116,0.2616002889684913,0.26106785312183417,0.26044789861559237,0.25981149717567215,0.25924608803497556,0.2590047860973533,0.25897018663440285,0.25868611490606536,0.25832553443023815,0.2579866624706675,0.2574074771626698,0.2571949984050531,0.25750058017423416,0.2573360232576159,0.2569181233612646,0.2565369579064756,0.2557925587519386,0.2554916293762327,0.2558020825446096,0.25574003144832214,0.25542479101332516,0.25530349229157717,0.25516752973050316,0.2551196708436985,0.2551997296734813,0.2551959089042792,0.2552026419394859,0.2550575638096805,0.2548769935541176,0.25488744517681416,0.2547011947375105,0.2546781223108435,0.25516937928578487,0.25462872059608,0.25428643861991634,0.25702710251663113,0.25667964626990525,0.2565314226188197,0.2568612062500276,0.25703692849758997,0.25685874640028317,0.25672922377648727,0.256585563015761,0.25617249798666514,0.2562304733800022,0.2566286754528175,0.2567341711449346,0.2570314535118283,0.2571977833206373,0.25660213423560563,0.2560014191698819,0.25572408687058606,0.2560993275387064,0.25634162454456383,0.2574870193813045,0.2573818625372412,0.25651246630541874,0.25593381218572075,0.25523816125760534,0.25538854184226556,0.25655892739420805,0.25661263585576555,0.2564554711324441,0.255925593435701,0.25545458751287303,0.25436334310401476,0.2538634637815703,0.25363000421872484,0.2533210891310261,0.2529015321061561,0.2529523219346455,0.2529533892606999,0.2521328745803224,0.25160572792842945,0.2513596435865025,0.25075842544759885,0.24977706997330523,0.24897862309666846,0.2490056251735334,0.2482643038787187,0.24701265907981879,0.24635406222016712,0.24499044130676473,0.24338349150273372,0.24225059972438062,0.24167468472476752,0.24084720910616994,0.2397848908256499,0.23839051956440568,0.23645753208254194,0.23504238315569378,0.2335867592030641,0.231514740752361,0.2297067908876854,0.22817947016684625,0.22618811022553012,0.22383680117474383,0.22154295781215422,0.21958630219281192,0.21680693257943923,0.21368953063153126,0.21120542858457308,0.2084582261984853,0.20543824880904546,0.20236418130750022,0.1987219337710919,0.19465251369607883,0.19036222710787834,0.18613714627120143,0.18183270387781902,0.17820564808518882,0.17434431667059871,0.16979552651185284,0.16564847668516322,0.1614882427424649,0.1571881508362417,0.15300806485406296,0.14895736476936178,0.14484173816570772,0.14125758004162384,0.13758065493520122,0.13359837965827856,0.12996185852024258,0.12602734628574105,0.12205230938089282,0.11908941056467712,0.11673861595050661,0.11409818862666282,0.11145378362417116,0.10892884474534727,0.10666674961947586,0.1043472058944025,0.10181943393532843,0.09959169240830976,0.09785007365775426,0.09624434946233726,0.09494107648514984,0.09452695493882671,0.09364057936780947,0.0926642476264484,0.09165653263105254,0.09098780362093785,0.09041445964421649,0.08951252031526466,0.08893350403504466,0.08861446352411767,0.08826754623876493,0.08812869346562158,0.08888350499660194,0.08873632500073407,0.08804749507291333,0.08767199269245636,0.08721227957219606,0.08607859610424767,0.08596032021839017,0.0867105976967751,0.08691648244288976,0.08719574871953274,0.08730437709340576,0.08672926352755936,0.0865821396447735,0.08643201040601685,0.08700695956941142,0.08739854755554871,0.08714019550457755,0.086836710656964,0.08725705070448977,0.08740194825178332,0.08733463870001221,0.08742164929788543,0.08720893758487626,0.08741057826605303,0.0881415790095858,0.08863341138139058,0.08941569009468829,0.08977728488937634,0.08972048535519507,0.08977812847666343,0.08939535586579256,0.088953936712761,0.08957950437225767,0.09012226701889617,0.09053842726801391,0.09163016618131789,0.09224920262196121,0.09212452364460393,0.09223386717115312,0.09238695946138817,0.09277619644652131,0.09256334254019621,0.09278955341111356,0.09387316852155737,0.09442319674058607,0.09475183811820895,0.09511753191533318,0.09564588136302431,0.09584084577600345,0.0959584831789995,0.09612970589064043,0.09671823588997801,0.09686719197232987,0.09677172361605442,0.09757741764411845,0.09852386540708877,0.0990424780565931,0.09937468465110029,0.09987426787915085,0.10023437459890396,0.10060101659016676,0.10085691503533853,0.10144503845646717,0.10229295968941744,0.10296220263267575,0.1034567621606042,0.1040938302218739,0.10462840275364042,0.1046960576006199,0.10499675217319002,0.10538515882949782,0.10597990812765204,0.10658299450651776,0.10729198042767803,0.10850184361968414,0.10923465104972825,0.10986822333713865,0.11003785180983951,0.11031619058975506,0.11116850236548478,0.11187752856443063,0.112295860141446,0.11277289354208385,0.112788899115298,0.11365554431641615,0.1154610127210288,0.11608398917641405,0.11634396786602275,0.11695962626209065,0.11690747357957783,0.11710031582717997,0.11857395530470795,0.11966052745709584,0.11944523776614759,0.11980580470179059,0.12047543778846236,0.1212582382221009,0.12185699401050688,0.1228469455570155,0.12375308278095198,0.12443086074300837,0.1250499626375152,0.1260683464863071,0.12668623654447464,0.12684997210602536,0.12676598768035502,0.12718346086711332,0.1279362444175711,0.12848311197121856,0.12928287151703927,0.12977222359005872,0.12980112669573216,0.1302881346870909,0.13107864910166336,0.13167221129614334,0.13233821274308802,0.13306277616265003,0.13392929661720981,0.13422204405846572,0.13484437710063205,0.1352324790052721,0.13572626542258792,0.1359125830016935,0.1365477551437681,0.1376932568114577,0.13832621374021942,0.13876255030508794,0.13933287369670813,0.13987904105615456,0.1402205543299784,0.14034631920950827,0.1407988732988009,0.14120009021466295,0.14171380076170775,0.142400917060576,0.14291513303282427,0.1433926949611831,0.14362044411225897,0.14394868801929425,0.14409594651517654,0.14478781860626883,0.1460282398910135,0.14645074556479606,0.14682146343561683,0.1472750229443365,0.14699499498294344,0.14711688687085983,0.1475347856731777,0.14824307444922616,0.14896868364743754,0.14970586894198076,0.15039483084632016,0.15164104324353592,0.15194147223466872,0.15121759950985011,0.15158189879231626,0.15204226051221648,0.1525444220405482,0.1539798187643516,0.15471878244473747,0.15492002355897289,0.15521936476030201,0.15528032703371183,0.15547896809767056,0.1558342297039725,0.1562126079938356,0.15657315044493503,0.15705488966816938,0.15756426381483418,0.15821839367731155,0.1585500391534797,0.15877359723579867,0.15909366286739526,0.15904681948272453,0.15935716979562597,0.1601329138423786,0.16062177945650583,0.16085876467433521,0.16133481300371555,0.1616346044935294,0.16268126298642618,0.16300254446300302,0.16314403627585056,0.16368179669019578,0.16422652882519254,0.16440204336208536,0.1646333123803337,0.16512594444987416,0.16539537260505235,0.16555214841838906,0.16578002102201944,0.1664377069037083,0.1673337888148717,0.16767262943447603,0.16756201798610754,0.16869748433772838,0.16991537285603425,0.1699292035576476,0.17056888019338337,0.17227488800834662,0.1728586811828104,0.17244595646170785,0.17267557532189945,0.1731165372865908,0.17327745496784358,0.17325866426009676,0.17335950347270426,0.17307416219524457,0.17345384356381185,0.17470310438179304,0.1752311915503424,0.17569977374579385,0.17615907574905446,0.17615615142430824,0.17595200015354165,0.1763931244589295,0.17761045939765366,0.1778588270290801,0.1776997383803413,0.17810600711576846,0.178487040019155,0.1785416133445281,0.1786183156435448,0.1791599665962225,0.17975993620288094,0.1799140084566301,0.1801652860621689,0.1807396069608006,0.18114582063539728,0.1812639536413924,0.18188157504379404,0.18223927322125139,0.18213663189604365,0.18165801534170337,0.18147801443380762,0.18158021998160076,0.18174098039643585,0.18162570389980054,0.18206482615031788,0.1834500581664533,0.18372191454851486,0.18325703449475417,0.18362355715402565,0.18417494592449704,0.18430916847997814,0.184337952241666,0.18498947870677981,0.18612328666632597,0.1863017377172072,0.18673639759418037,0.186987126245167,0.18650366586938036,0.1849515011777557,0.18466321724524845,0.18529478663502955,0.1852033199892296,0.18479698465942135,0.18501784658358386,0.18559654048162844,0.18556283134033733,0.18556841049086528,0.18572208550745375,0.18556753349876934,0.18538730910157522,0.18530816732288505,0.18543254915122268,0.18534149054117247,0.18542106917296197,0.18624113734853026,0.1865138149457287,0.18620820091353738,0.18619745327611728,0.18614261172606225,0.18631291946725967,0.18622612630166827,0.18604005671488041,0.1861138247384027,0.1863110306393767,0.1861703535973124,0.18600846790039102,0.18604842075537206,0.18573926608971766,0.18581363845325732,0.18669203025155975,0.18675719565861304,0.18628354414741147,0.1861069250633357,0.1858330257413252,0.18555610095082184,0.1851559954125029,0.18512745392321422,0.18577911784493017,0.18547493937991652,0.18428819432917332,0.18410501734610996,0.18376716263972598,0.1837340946389999,0.18380481265669338,0.1842134103831311,0.18453777445126268,0.184228049852105,0.18415740125050592,0.18464183566484568,0.18497433150043763,0.18517235405087273,0.18495505817427169,0.18479637052007375,0.18455793661977068,0.1834888859350207,0.18295157438244813,0.18291917777859898,0.1828659672873247,0.18304330924323742,0.18268705059021897,0.18187427107556203,0.18166460157782016,0.18153707417753295,0.18125513334048102,0.18133065284049144,0.18152313636393705,0.18208826698691952,0.18121635843998268,0.18127125467554925,0.18189975404574563,0.18121739802902243,0.18096786897278103,0.18022202942546703,0.17878000153676274,0.17818275285266247,0.17791310832526216,0.1773624164013602,0.1770638383249752,0.1767608868546458,0.17601366326481496,0.17574730571901936,0.17657480838808426,0.17597284205194133,0.1744123500244076,0.17350234223720984,0.17170257465171002,0.17118766731166898,0.1724951373686841,0.17231919927605485,0.17120805589225827,0.17097754669969345,0.17092472680589144,0.1703959700275788,0.170419319078335,0.17030206035986348,0.16979368729907302,0.16841637129728254,0.16754060499842016,0.1676403658583225,0.16757884546526639,0.1672542883854577,0.16719505307751187,0.1673315951628187,0.16664859018816466,0.16590596113532013,0.16540134183259894,0.16515948501288946,0.16429714833726217,0.1625776697649756,0.162542393582013,0.16316552129005943,0.16330253831592628,0.16516726972021653,0.16499321266314448,0.16270186754045238,0.16170713974826628,0.16029941564239544,0.15967692110559442,0.160184339352911,0.16016519975422855,0.1602355336697334,0.1601199688826365,0.15929083355246565,0.15957403547855917,0.16141891402343037,0.16112303549474227,0.15996455662368605,0.159440187611792,0.1574274337791705,0.15638746037645682,0.157036966559348,0.15670994641360286,0.15540332767950518,0.15483020362230757,0.1544015096410716,0.15437593660898968,0.15367705559218423,0.15272862854071573,0.1531842136576931,0.1530566326730588,0.1520448471371189,0.15158453531354346,0.15075622463532093,0.1493345228615106,0.14947290562615245,0.15056476600614338,0.1509913728878253,0.15108470927144294,0.15069375686766673,0.1495159516856731,0.14918384249997185,0.14906068786675078,0.14849084247437777,0.1474031283417805,0.1478164561023344,0.14961117232508184,0.14897080141590077,0.1480232955488157,0.14771425093950477,0.14519826918473006,0.1443415484966835,0.14612116059943997,0.145970841012383,0.14456988889339142,0.14421538942078535,0.14349990229948328,0.14341231987930395,0.1447650800054906,0.1448440188191672,0.14414384984052378,0.14434268874994666,0.14537218412565645,0.14426119777964075,0.14200683567124328,0.14108528988922783,0.138554530754963,0.13759915932608494,0.1385337579054667,0.1395273888402272,0.1424513730276366,0.1422136545639241,0.1402208675523404,0.13980460098155142,0.13788483077775904,0.13639038136819262,0.13620275125360662,0.13631514502665187,0.13536544158022812,0.13466103653114755,0.137046388822124,0.13866889228298462,0.135498701067109,0.13309771527324876,0.13414612602520334,0.1335008308289272,0.1317831941128741,0.13329818111130487,0.13444574908217288,0.13303665247582508,0.13315605166514263,0.134593314680038,0.13355024245399214,0.131663297826877,0.1323172838728077,0.13284653870232413,0.13078141499603876,0.12960956890574252,0.12997899302538776,0.12977145781427057,0.1315017192677009,0.13205288170409477,0.1304084208784033,0.13153220818652114,0.1309113197767065,0.12729629362979616,0.12699732225384264,0.12869328059178747,0.1271696949762192,0.12619433331471927,0.12579848684515987,0.12296649250963555,0.12344046376449744,0.1253844898381361,0.12370912581951546,0.12227845173931903,0.12453326657880545,0.12664416289284858,0.12561047110708976,0.12379557467521395,0.12177812124706903,0.1192576549893543,0.11918155377940032,0.1216613550823379,0.1216397738199752,0.11810718153530336,0.11731817696287461,0.11765172419034042,0.11516669974012972,0.11544935103121408,0.11796472289032053,0.12013530067261863,0.1206230266048218,0.11875879653578963,0.1167913790370276,0.11495921612195253,0.11411427558080886,0.11472644335661139,0.11604850723440102,0.1151301093936742,0.1140433135659865,0.11395417238919528,0.11291062561802573,0.1129185017716127,0.11282698751371317,0.11369937942445901,0.1153432488128976,0.11438378281572661,0.11407517400792257,0.11522187733235595,0.11359127451311042,0.11170944409059548,0.10911252910579694,0.1050891358170654,0.10725084288962401,0.11039050782193205,0.10845561919182328,0.10849244524348697,0.10871999655980903,0.10381162991140636,0.1035245116884723,0.10718898915433112,0.10162152192654025,0.09794887749371352,0.09978390886777383,0.0971348155974572,0.09609279280924007,0.0991206344360674,0.10173835578781033,0.10038429127231074,0.10005625898963509,0.10235423734873907,0.10124579676869956,0.10254454146503818,0.10419293222558482,0.09917414729561742,0.09677857556676854,0.09769572099378575,0.09804694519251349,0.10194823166877641,0.10066789557110087,0.09250297147425693,0.09065626220180525,0.09198438700674318,0.0915429006481035,0.09570119320174052,0.09936693031598061,0.09654822815948924,0.09915054950499197,0.09866544001530668,0.09509793852730795,0.0948998158874267,0.09323964032977233,0.09314036069850241,0.09813103450910961,0.0969085001988419,0.08835515947642973,0.09054347875726237,0.09895666778507681,0.1008832989966419,0.10883372576769862,0.10786829740189759,0.09186668337775147,0.08830309195424098,0.0908944810695718,0.09582106131978765,0.09487967626525981,0.0948818135657964,0.09878100401709947,0.09330889511925303,0.08643638726225562,0.08763750570229788,0.09167649512153694,0.09665697741998187,0.09585795608260998,0.08831556320189464,0.08083566577958429,0.0779227156492918,0.08833200997213803,0.09952460929658136,0.09537200902844653,0.0948207222183743,0.0994374806871057,0.09428183577373231
33_2_LIAAS_1_T_1_00000,0.026206714966002954,0.07643317553548515,0.06649982450309642,0.04231756157082377,0.03196065779338437,0.0431143712451076,0.047761492735233696,0.049945014500625606,0.06479086108948814,0.044198763919880237,0.02852656035145613,0.05107308992574709,0.04860358462315486,0.03803919734208631,0.032049373485174455,0.03181258716913447,0.034304189511265,0.03793934733042075,0.04151800348612179,0.045216376642930746,0.048210744421208734,0.04927249988994967,0.048409271699380106,0.04320059911562119,0.034061856179613346,0.0261800490070047,0.02950955845210436,0.03924499535142848,0.036442155125219956,0.04080965968091443,0.04529697996470191,0.03817290290762374,0.04251896505579049,0.048271398564376566,0.04713656777280295,0.04736617908117713,0.04517015381958176,0.040808763895765654,0.03958691220124494,0.04028413476601972,0.040709711381403765,0.03835995711309914,0.036932478929969204,0.037992369735903316,0.04088263672493853,0.03872355221413093,0.03310434353103333,0.027534702535290983,0.027805549430138004,0.03477524934965923,0.041668515203019625,0.03683907788027133,0.036949984951649494,0.03903508430598661,0.03689535458686393,0.03416177107149899,0.034144424670214384,0.03727841067270143,0.03799096038218241,0.03915344945653955,0.04039483289119647,0.038073995006842644,0.03987728090643973,0.04252297550632494,0.03986476262446887,0.03926134725003068,0.04002179260078541,0.0405617348761832,0.04038785840296973,0.04079380557768029,0.04205624346428125,0.04307500080243886,0.043032976489503945,0.042851685871834605,0.04446304588546138,0.04311665171010793,0.042174029669736234,0.04529535778960702,0.046320194594867234,0.04564137416128845,0.04464313541197388,0.045867616156035365,0.046779986147464876,0.04655458451795849,0.045860802001570056,0.04567455912924647,0.045746512626079205,0.045375588199398374,0.045374185174842596,0.0461735033622126,0.04756113467791197,0.04688162753363615,0.0469073527121427,0.04823021735461474,0.04687829314715371,0.04691256666234472,0.04821624193986414,0.04786912462225755,0.04786041083209049,0.048319254065294075,0.048859886201945285,0.04928605034092365,0.04884223264265092,0.04746919379452362,0.04713402063856855,0.0479467633261335,0.04922728905513533,0.04904775671430548,0.049186403170274215,0.04953914815931132,0.049177049134043437,0.04887891647456334,0.048873971777831066,0.04912622142208345,0.048871725145005415,0.04859997778220948,0.04862124866767373,0.04866679550017938,0.04877780042420155,0.04886589818721293,0.048698282040489545,0.04880823606145238,0.0490488778470085,0.04903324643786584,0.04882562360921162,0.04878863488887455,0.04908736953094805,0.048872876101317575,0.04910189545978407,0.049797580153671764,0.049134999588298256,0.048705490026520734,0.04869062638365643,0.04841227725486764,0.04863559211803802,0.0490118016565536,0.04895937877382344,0.04863998816841466,0.04881929319240891,0.04973324573609697,0.0499236014821114,0.049853386216050614,0.04979310072184417,0.04972832542928598,0.05013200621898541,0.05061134419860949,0.05034077080070244,0.05062891721471783,0.05116971955963675,0.05144065812660996,0.05195229679222727,0.05250894089395224,0.05295896387883197,0.053335425902536,0.05391635058293526,0.054757503450628374,0.05568945756458966,0.056902546777020106,0.05797217213578767,0.058332193853335185,0.059467011272318196,0.06090524846823953,0.06210812525777864,0.06406470882366097,0.06553874155222279,0.0663658409370603,0.06874226661946722,0.07122810523328484,0.07338443071818822,0.07542680707324127,0.07757966193932027,0.07999960599838689,0.08272507181177322,0.08506350990621789,0.08736880554055351,0.0899378299991072,0.09238274790856948,0.09440455105361496,0.09609554936562434,0.09826930333292443,0.10024122470942583,0.10194977098163181,0.10370950256074517,0.10515594240164464,0.1063336528856166,0.10739459287044072,0.1083000373622744,0.10924245889069972,0.11028228032782987,0.11103562471705937,0.11157725028996585,0.11202199465307465,0.11254403745429824,0.11313784249907344,0.11375457256644872,0.11430184025592263,0.11473236523188808,0.1151014637203529,0.11546775240781015,0.11568267182755416,0.11604512198051481,0.11661257559918127,0.11672856608766913,0.11671800460564997,0.11661871385128682,0.11610313284242983,0.11589792610158721,0.11565243046850932,0.1145740088958244,0.11385656291795342,0.11316633856043103,0.11202661842811083,0.1109219821574737,0.10988750234529039,0.10883452497485718,0.10743894691442431,0.10605082021122096,0.104675999379711,0.10299582994097944,0.1013259969142167,0.09973114506949919,0.09817998141721948,0.0965270430918715,0.09493289129111818,0.09351906116360693,0.09196872460398751,0.09050706787071432,0.08926801885878283,0.08820545209624385,0.08704166484364549,0.08587886195457671,0.08512909238597248,0.08433546076622342,0.08354315791024837,0.08290338364104168,0.08204633158046523,0.08117850542333559,0.08049542677268141,0.07991669749988607,0.07927784356074077,0.07853351735688681,0.07779194045801446,0.07721291836232884,0.07680239981037712,0.07645991969264396,0.07593849803654118,0.07542192265402642,0.07516974461358257,0.07507113452737223,0.07505754703566019,0.07504093344964391,0.0748705222668826,0.07455190617476973,0.0741418225070932,0.07377575162664801,0.0733936144551026,0.07294317659095588,0.07238178935757253,0.07203020753790587,0.07172363118529972,0.07123649263816899,0.07067344887064336,0.07005173622658926,0.06940230028572474,0.06882741404221522,0.06815951221484845,0.06736862378309327,0.06654550503763865,0.06599555188013861,0.06559257999653212,0.06507465384751498,0.06472552897330287,0.06458089229758239,0.06455194862406646,0.06422277801360698,0.06392140907755571,0.06380958666128556,0.06377891361887915,0.06365219295512567,0.06342857647242543,0.06323023497309153,0.0629415452316063,0.06266200014980726,0.06248488923194586,0.0620079493811146,0.061567743920974985,0.0613587987748798,0.0610136074248396,0.060572414955102204,0.060089460577898726,0.05966124680278811,0.059039485458862125,0.058374365777305134,0.05796472057690403,0.05734247367874132,0.05669338922569367,0.0562479026300617,0.055856039391252665,0.055407648154762505,0.0548703774914608,0.05432883891054734,0.053934760055576805,0.053642893088927265,0.05323809767520369,0.05292197941653819,0.05269353040300019,0.05246392892613187,0.05197023664316173,0.05147051385909519,0.05113397612327205,0.05062813071869601,0.050166324434227465,0.04979967222235663,0.04936060814593737,0.0488653561962104,0.04845416250050872,0.04833117734522414,0.04819424084205898,0.04801729698922882,0.04783984484469045,0.04768194576975112,0.047628783377767096,0.047701005463212674,0.047773809995842624,0.047977196050991794,0.04822342251338482,0.04823515278329819,0.048390997467138146,0.048700582456233925,0.04906135054589017,0.04949056864658912,0.04998755008589339,0.05054304963056274,0.05111740289655217,0.05172247968746287,0.05242432888514577,0.053371531669155724,0.05443209991392975,0.05570074227084903,0.057374289073378056,0.05948591355578339,0.06198775289166722,0.06486034085471812,0.06832626478732184,0.07228722403023323,0.07672359394061916,0.08181186739995745,0.08745879010911499,0.09352862038827124,0.09984254237009345,0.10668968561204084,0.1138803000460547,0.1211561914093407,0.12869085695649946,0.13641855629127933,0.14426461403836746,0.15212787003448203,0.16008959685879226,0.16816623687952498,0.17629604135782734,0.18438289489147475,0.19250875506645274,0.20077681100874534,0.2090543425621349,0.21725847149825794,0.2253594176422768,0.23353161200172876,0.24166469739295937,0.24966781423931336,0.2575312242735316,0.2651245490471608,0.27255284086651155,0.2800543319205982,0.2871175115960725,0.29382068672452666,0.300352553355213,0.30669480091394935,0.31280749385936274,0.318624712324091,0.3239972880074814,0.3290051226073417,0.3337574590248274,0.33837447112511015,0.34258502094328375,0.3464289050476718,0.3500144970979483,0.3534716109014915,0.3566087450326936,0.35938435776682504,0.36214641574524276,0.36466696353045785,0.366946725307525,0.36914293784946317,0.37114108171833277,0.37286611677762505,0.37431089470616224,0.37580032579154904,0.37719425728147193,0.37837731731175633,0.37936147877813714,0.3802657493257352,0.38110393445933366,0.3818002299406416,0.38246842413779847,0.3831226971622884,0.3837310738510287,0.38421137515406,0.3844758856790505,0.38457398826416606,0.38487817003143654,0.3853557346664857,0.38582189248414644,0.3859220875833084,0.3859870725656913,0.3860775166811682,0.3861821275556782,0.38638011731682276,0.3865403047638075,0.38660019095204606,0.386741914785573,0.38675670956273456,0.3866983214649167,0.3868682021852007,0.38696546711321794,0.3869976913651645,0.38704968903674286,0.38703760380035185,0.3869797495550244,0.3869307996482867,0.38702969083572625,0.3870704303602693,0.3870633798312388,0.38720697649393865,0.3872337237311423,0.3871169260785975,0.3869462845892455,0.3870415689949983,0.3871911492670593,0.3872297826364292,0.38720715245586096,0.38709781868497506,0.38702891908236736,0.3872443128167517,0.3872677838893912,0.38717209313991,0.3871351740133577,0.3869880611108888,0.38700412366318754,0.38721723254484913,0.38711134761101285,0.38705844674159956,0.387103201286906,0.38711239613861004,0.38716514811663644,0.3872525515967825,0.3873296118100341,0.38727626829038697,0.3871827188944082,0.3871196595798262,0.3871250814737327,0.3871206393950854,0.38709905388374827,0.3870903255769505,0.38716011162660713,0.3871825636003494,0.38709444523310405,0.38715953631108363,0.3872036692335683,0.38715474257875504,0.3870539612676239,0.38702201787687956,0.38707073008724907,0.38713995871512696,0.38700036911441105,0.3868073293446263,0.3867005433342964,0.3866805257684007,0.3867090094772162,0.386730842520363,0.3866807878252698,0.38681798749975477,0.3869055198994952,0.38670305465240834,0.38658356104643754,0.38654276688083966,0.38655360445741344,0.3865820312840089,0.38668237978743647,0.38680661661553073,0.3868563252983973,0.3867892337160833,0.3866352850751441,0.38647748107941626,0.38652140346128194,0.38659908439474,0.38661131613931654,0.38652011269979397,0.3865171128845928,0.3865680794505329,0.3865832373446806,0.38659006521534445,0.3865717692920937,0.3865432076476374,0.38657286019471904,0.3867667046513652,0.38689091950457905,0.3865924014392991,0.3865556826932753,0.386569487294537,0.3864449562676022,0.38654794772620843,0.3865722915740129,0.38649992290798213,0.38658005399255563,0.3866664538669346,0.3867750688197067,0.38690756267413146,0.38676867189378744,0.3866772846662393,0.3867697037109039,0.3868608615579135,0.3868042213767292,0.3866493757273781,0.3865533225463152,0.3866671589137283,0.3866991802486494,0.38653639776709486,0.38665913228748483,0.38677312628908567,0.38676431176993953,0.3866417995466717,0.38664971540780924,0.3867340464849024,0.3867738619269586,0.38665325087679797,0.3865517413858513,0.3865367256750221,0.3865517219783522,0.386519775918502,0.38646065738937013,0.3864002666441516,0.3861800991547883,0.3861160974906767,0.38628441894848214,0.386361424044748,0.3863432540280001,0.3862258109400886,0.3860320985569223,0.38580592050162776,0.3857582897741967,0.385932087272906,0.38598978133486284,0.38612001041558647,0.3861678473271207,0.385863432954331,0.3856969594365901,0.38585598235922886,0.3862190835726116,0.38598910109340917,0.3855969722751422,0.3853153607573571,0.3853152590671222,0.38544064778855724,0.3855147891634895,0.3854802086825653,0.3857165236839291,0.38566175535231206,0.3853990788017647,0.3855474286355428,0.3852558544728017,0.38492589216460127,0.38501098345901513,0.385067908041501,0.384937474660764,0.3846896151554252,0.384622082863958,0.38456568823474646,0.38442341551843834,0.38419927346712374,0.38430346634138157,0.38405801996419203,0.3835424101665263,0.3837001732585489,0.38360270734693747,0.3832353834450561,0.38284497574494414,0.38266312214454573,0.3824356384139334,0.38209114511666614,0.3817900926085169,0.38176631172733694,0.3816489039610632,0.381108399332358,0.380840566660813,0.38062385776599383,0.38029808415360306,0.37981075771639344,0.3794910311303686,0.3791916892576906,0.37871460522487876,0.37829477198647693,0.3776507975243477,0.3768574990153187,0.37637745029044434,0.37616973818649807,0.3757451745724488,0.37480669587573673,0.37429401604062323,0.3737605020783882,0.3731518528514119,0.37279472928014895,0.3724708852380706,0.37222571288278156,0.3720975180204122,0.37191791935479923,0.3717434278003368,0.3716290590821527,0.37161926701561115,0.37157426581843694,0.37155629242715554,0.3715738217755064,0.37135596882459193,0.37124441462180185,0.3711541560958621,0.3707961079500364,0.37064213366651744,0.37076367224919976,0.37102073534352925,0.37094523113669636,0.3707507345798142,0.3705584292626961,0.3704863593069702,0.37077096198173987,0.3709555320486849,0.3708904752215703,0.37100379812385353,0.37124952294015334,0.37131242305177453,0.3710360589789252,0.3715773689802264,0.3719449823953107,0.3718505222515255,0.37186600366165945,0.37207961451216903,0.3721362553793453,0.37182798711781845,0.3717552331188952,0.3721865753228333,0.37280762021978475,0.3729343069600473,0.37280743042110337,0.3864366428603551,0.38658640026634605,0.3863798571687532,0.3864567684361035,0.3864780109614798,0.38661622021764414,0.3869149035448116,0.38739972722546206,0.3878037079427239,0.38804435339345905,0.3879314837311537,0.38762694161501593,0.38769871603297135,0.38776292345973185,0.3881054576188564,0.38873129957627034,0.389134281489684,0.38940330160868386,0.3896024984097775,0.3898444372713761,0.3901230863207333,0.39030720916199996,0.3904699957264865,0.39059702876720886,0.39066186303104483,0.39096189775805257,0.39123687820407077,0.3912795084785943,0.39144375198181036,0.39162533272625266,0.39165103027767506,0.39181462078368107,0.3921248821590208,0.3924600486741466,0.3927291923569903,0.39278567170350703,0.3928443212638968,0.39291020418733535,0.3928326619226913,0.39294724209917276,0.39325109339324366,0.3936929786342843,0.3939603374168567,0.394137337588525,0.3941898295005405,0.39415217703047983,0.39381614589331804,0.39378515694143273,0.39385916525882575,0.3939606287294611,0.3943268029411369,0.39457088420869435,0.39467327761703974,0.3947251805210125,0.39458375948129726,0.39438520974414204,0.39438447211833505,0.39468617656496213,0.3951835785333859,0.39558139996144054,0.3956211098126504,0.3954217984770878,0.3950617160915347,0.39493975366764605,0.3949840172212164,0.3952174846384685,0.3954238385800829,0.3952261059104544,0.395000411710695,0.39500460770992846,0.3950688508322608,0.3952052549236582,0.3952167533787379,0.39506246441746085,0.3949567124969328,0.3948172422567466,0.394626518449393,0.39437768144338414,0.39427418239610024,0.3942508337417976,0.39437013242503044,0.3945827480471417,0.3945735017693787,0.3943816619224431,0.39401224092749837,0.39379839838364916,0.3937888791745572,0.39377758495952014,0.39398035713193696,0.39390603118065626,0.39371417523455404,0.3932943531252065,0.39317097004850604,0.39302084009845856,0.3928954113171501,0.393094023336103,0.39311553372801233,0.39294790122466816,0.3927973393517934,0.3924565879746347,0.3921654725189342,0.39212600826432825,0.392018511250326,0.39188701659103425,0.39201986850649445,0.39198593737697357,0.3917060318068015,0.3915872813978563,0.39167723533321597,0.3914559592978486,0.39087407422945847,0.39081821153703294,0.3907197847567363,0.39033653747809205,0.39062181689795267,0.3906357917840285,0.39006991130125873,0.39006641232778994,0.3900329531160969,0.3897378206154495,0.3894536798675874,0.38931030842970055,0.388935293953888,0.3882121825972648,0.3878495998971286,0.3876778868126203,0.387446092184697,0.3871181985262961,0.3865423883754842,0.38571750230163376,0.38494119912521857,0.38430665817244697,0.38354315947663853,0.38263573016801977,0.3816758325960707,0.38042071113449233,0.37924084824685333,0.3781889750556439,0.37732841745471685,0.37616245446682917,0.37491920522029315,0.37375963651873967,0.372514758971565,0.3712175119846559,0.36998343281522983,0.3687061294707836,0.3673352387406488,0.3659778443489904,0.3648504058629232,0.36399750718714724,0.3630171213942678,0.3619568152757532,0.3609968876630999,0.35998429069313603,0.35916200610821086,0.35848026372078795,0.35788403284525666,0.3574346669623767,0.3569059574567316,0.35639072418867906,0.3559601741590842,0.3554850570161497,0.35522215424442044,0.35514123220254795,0.35482608505644386,0.35441454894404995,0.35409359348557445,0.35380703983590645,0.3535579531112847,0.353491014751207,0.3534227168869255,0.35323026772450467,0.3528871227479221,0.35271462015401256,0.3525680760114594,0.3523732344331367,0.3522159357976577,0.35208815609147787,0.3519846923584326,0.3517497365194169,0.3515703913548668,0.35140745160658177,0.35106973746827663,0.351016965154276,0.3510232325670087,0.3507354267298562,0.3504426458445976,0.3502014220945063,0.3501000167269971,0.35016122748093775,0.35010670462061444,0.35010354996007753,0.35005405990106636,0.349828764207112,0.34979000265553256,0.3500089007583877,0.34999629499058904,0.3498912805166769,0.3497930380432049,0.34975475241380793,0.3497301867630054,0.349897706222971,0.3501459340906111,0.35017105390137576,0.35014359070328804,0.35028763490592973,0.3504441603963267,0.35053415953164657,0.3506571167221793,0.3508136029913386,0.35090899603290765,0.35103260227536814,0.3512405421400224,0.35145175094256825,0.3516227076088196,0.35178722235713994,0.35205494619721656,0.35225645591930915,0.3523769073503357,0.3524481526233963,0.35274659462935903,0.3530150123377361,0.3530712337506915,0.35319802139470236,0.35337987152777345,0.35341113661150314,0.3536168317213979,0.35416432541587667,0.3543519720670711,0.35427278662117495,0.354449242730081,0.3546463457499602,0.3547784343915222,0.35504968714512897,0.3552589335374978,0.355267973665526,0.3554123961458897,0.35566069798959843,0.35595433038907376,0.35606169491997813,0.3561718564829108,0.3563487421172475,0.35640053222862605,0.3565476738530253,0.3568005268261924,0.35694335175406006,0.3570334241713313,0.35712524371028764,0.3571748720434468,0.35725916799874646,0.3573228310607804,0.3574132773946437,0.35755840929015464,0.3576795294376209,0.35781189888065335,0.3578872470497367,0.3578980654600951,0.35796430551891667,0.35805578568115376,0.3581149245412489,0.3582303259283853,0.3582568633665197,0.3582052404506622,0.3581945613912198,0.35822832813555766,0.35821632124177616,0.35817342971099203,0.35806273310699943,0.3580534597746504,0.35809724275336496,0.3580418617011859,0.3580432742318786,0.35795910304561546,0.357677238655084,0.3575459339864727,0.3575115601669172,0.35738552177898525,0.35727194082262537,0.35716279360291453,0.35698935157503203,0.35682243220312104,0.35667027254755557,0.35654462812986504,0.3563194383769615,0.35612710351637494,0.35596406809074244,0.35565181124216266,0.3553473069982505,0.3549777737847758,0.3546909890728714,0.3544241198893142,0.3540892520693956,0.3537858668315416,0.35342493630570343,0.3529734856530173,0.35252333424109034,0.35207302270825075,0.35160584342068746,0.3511192543150196,0.35057958759378066,0.3499300874607352,0.3494217985183337,0.34908956894130216,0.34850866218100185,0.3478448095497563,0.34721362540858614,0.3464264583182347,0.3456173183233517,0.34484700482205705,0.3441070037519653,0.34331187082823883,0.342387638323602,0.3415270756990089,0.3407795150125354,0.33985582150434884,0.3387807093169928,0.33782761544543183,0.3369217826236198,0.3359037984087429,0.3348825369136852,0.3338275296945879,0.33268623577953566,0.33154593765760476,0.3304349648100032,0.32927945035014794,0.32805206643120677,0.3268400857742148,0.3256087428090465,0.3244295810644456,0.3233700832350747,0.3221390549258617,0.3207831645039518,0.3195164158534239,0.3182862426134031,0.317016431846306,0.31574307857158346,0.3145720175070658,0.3133440545193557,0.3119841795279669,0.31077553041853156,0.30972098042562357,0.3085354334818712,0.3073051649386227,0.3061061302734515,0.30481806695140484,0.30369099988825665,0.30271945424061203,0.30161320774191436,0.3004844284206795,0.2994177935025754,0.29830198565633503,0.29721375013625256,0.2962124508922188,0.2951908374762925,0.2941461942647503,0.2930918194830061,0.2920712961126319,0.29101853330898225,0.28990600721812537,0.28885556147966146,0.28767632730414144,0.28649556448928254,0.2851708742086421,0.2837086506871349,0.2823140835224997,0.2810003759107701,0.2793441705988621,0.2775422414018024,0.27575350686708017,0.2738944504597469,0.2717327267824158,0.2695036838556141,0.26713371420172083,0.26446521182335875,0.26169440339113775,0.2589662929293589,0.2559305545897523,0.2526190280379943,0.2490956262507799,0.24535072034665778,0.2414871939863527,0.23746799745328528,0.23317771418462244,0.22865952393360325,0.2240830663631295,0.21928665258128258,0.21437278293745587,0.20929489778334753,0.20428033294460934,0.19910879123384168,0.1939797208093178,0.18887052702215043,0.18379626976545804,0.17882193968482152,0.17378985795431526,0.1689383304664375,0.1641928575948164,0.15961696186690832,0.1550973115730204,0.15079200706510645,0.1466427316731012,0.14273775765934943,0.13897736168144773,0.13545405134896338,0.13220400705995403,0.12909375014943217,0.1261498920715059,0.12338644686796414,0.12081525409983616,0.1184103568642946,0.11618035538487599,0.11409551370988258,0.11220505406174894,0.11041830575935134,0.10880438258432208,0.10724458650818518,0.10577189694792505,0.10441233842360474,0.10314780142360928,0.10196335978861601,0.10088460438328521,0.09989854886466026,0.0990330215218689,0.09818519727951361,0.09739740304764659,0.09670368263523764,0.09601889813150756,0.09534318832905218,0.09474773164996506,0.0942282548618585,0.09371821523726304,0.09324080484156397,0.09281155352152941,0.09243537840124273,0.09205529630802621,0.09167063695425075,0.09139815861100456,0.0912032874784306,0.09097302034010675,0.09081766573600905,0.09064097120081127,0.09037189298375746,0.09023427800590408,0.09022381255259075,0.0901481759339824,0.0900577555518601,0.09003883311405995,0.09007454010953818,0.09005082832578723,0.09002798568161093,0.09005131726759322,0.09003958650271793,0.09005212843387757,0.09010097846794929,0.09021471317837794,0.0903765266616487,0.09050572048219757,0.0906705388377905,0.09086934987261826,0.09102189565518004,0.09122230321449265,0.09145208251898718,0.09179906066121685,0.09212123249983918,0.09242521008529099,0.09285284579393398,0.09338776471676127,0.09383842893015366,0.0943030451760036,0.09482301434193527,0.09531353969992551,0.09587671679756644,0.09651702044138402,0.09719848709201152,0.09794846646578903,0.09860587222884258,0.09924802020440048,0.09998946324454873,0.10072152661028805,0.10144309912949859,0.10224480591443419,0.10306473195744478,0.10379517192676455,0.10464273598334,0.10570592808502975,0.10658421959341242,0.10733650952723542,0.10820533782251775,0.10905040597983326,0.10995202066724015,0.11096680397945491,0.11193697493474347,0.1128819394785088,0.11385881640924057,0.11486610210754242,0.11586279349082594,0.11688125717896028,0.11787390959809323,0.1188116695771076,0.11981913809666439,0.12086461608554458,0.12189514640204074,0.1229699574192166,0.12402904116672146,0.12503540534304317,0.12609101898421346,0.12720994801460572,0.1282865291992577,0.12934839983664723,0.1304289645979143,0.13151210855961504,0.1325701884252568,0.13358520268864227,0.1346734338891471,0.13578696049347386,0.13692430434499425,0.13796805837836182,0.13901125121190658,0.14012023537589569,0.14118292828198187,0.14223731508965598,0.14337146664101807,0.14448955267480024,0.14552494102780644,0.14659914848795758,0.14777393226853913,0.14886873167519252,0.1498812233574291,0.1509199902276886,0.15198789409772498,0.15302997097693388,0.15402107171149773,0.15504718400309775,0.15608361804349036,0.15715367999211532,0.1582880609584623,0.1592916523692084,0.16022522541997394,0.16125749581294604,0.1622644055840379,0.1632504353937955,0.164307117480168,0.16534847130283212,0.1663219659976898,0.16730407174897713,0.1683480491292328,0.16935723953263646,0.17030619896160437,0.17125740356478142,0.1722269769107628,0.17319669817922467,0.17412453149028984,0.1750691237434681,0.17606213086334824,0.1770175650745652,0.1779532528727758,0.1788588362780948,0.17973355473452485,0.18062843774177786,0.18148809020082832,0.18238202650225221,0.18335352591694312,0.1842308264434272,0.18504374185227587,0.1858919914369322,0.18668513510314877,0.1875375048503149,0.1884849726711838,0.18935201973513077,0.19021062413479706,0.1910271189556525,0.19176453153315381,0.19253832881277758,0.19331277004475547,0.19407943257244709,0.1948254954591912,0.19561611725854375,0.19647090731475073,0.19723506786557207,0.19798960350544753,0.19872347629496107,0.19928128842912243,0.20002455070163125,0.20099692783141537,0.2017561191453103,0.20243229010384967,0.20319044003626982,0.20387887721914574,0.20454757051130282,0.20532931809008803,0.2060408263560753,0.20656553393532356,0.2072129239569597,0.20802630007209627,0.20868500979591262,0.20923376490120446,0.20987976758393223,0.2105316875690041,0.21112179659168856,0.21174069065599746,0.21236980287219592,0.21289737807751785,0.21347951713080054,0.214191279933265,0.21481486191867158,0.21536566871504836,0.2159456232485812,0.21655617469091598,0.21708419803461207,0.21753383139089252,0.2180427001230038,0.2185208787538872,0.21901008597647023,0.21960930020035122,0.2201085499605307,0.22044560477570158,0.2209230150602184,0.22151746767313324,0.22199278716840165,0.2224477638044063,0.22294139893556994,0.22336943323543473,0.22378797543338047,0.2243159053569118,0.224759493134304,0.22503693132327085,0.2254132798128034,0.22585019831449737,0.2262487897040572,0.22663426575656953,0.22707141413970613,0.22759701249680298,0.22798443125576487,0.22831279141293082,0.22867433771399795,0.2288932697201169,0.22919577043817216,0.22969152982019642,0.23003594758507237,0.2302079151932151,0.23052717013262103,0.23091167768862378,0.2312115186432437,0.23159679251911597,0.2319209880774535,0.23211364154114078,0.23231013210329515,0.23251232968568494,0.2327010944131999,0.23283928566727932,0.23299562898153064,0.23315291769657262,0.23332397001805508,0.23354807363655303,0.23368543073682127,0.23378933318255374,0.23388928564189387,0.23389733255582154,0.23394206513597918,0.2340790638400793,0.23410020575988438,0.23396182442768726,0.2339983908899492,0.234143847786981,0.2341342311372666,0.2341384269109372,0.23416497253403112,0.23404618775519503,0.23399617619786797,0.23410126142389992,0.23410456172467317,0.23403191308942997,0.23393991624536817,0.23376262431645306,0.2337027088644073,0.2337923763935057,0.2336469052420607,0.23336026765063705,0.23323349461289936,0.2330722163792505,0.2328269712454401,0.2327038392654697,0.2325169091818997,0.23209682760680136,0.23180407362917002,0.23167678728056576,0.23144923869294345,0.23116491495171196,0.23087033193487455,0.23052867946935202,0.23025494405426825,0.23000902882784682,0.2297031790269732,0.2293890073016456,0.22912625176705317,0.22888208489086825,0.2285594869822323,0.22821732923656174,0.2279449004566719,0.22767086628709815,0.22729316554058332,0.22688858526765415,0.2266133705512706,0.22630939705545067,0.22597818970272945,0.22581701917949681,0.2255011061941199,0.22495806426437567,0.22458791354958518,0.22431385547741003,0.2240257690823473,0.2238095173705807,0.2233911609649779,0.2228561599601105,0.2224670227942353,0.2220143307573805,0.22165906747106537,0.2213667465705243,0.22080391416733597,0.2203058041188133,0.2200469948177009,0.21956322079752302,0.21902234778874236,0.2186636408230012,0.21817258093724518,0.21772479134024705,0.21747516563834915,0.21702207457192446,0.21641574167062855,0.21595544747864778,0.21549949297558002,0.2150009724949487,0.21465114634146418,0.2142679000120585,0.21375000551739615,0.21327093296154015,0.2127547031853151,0.21216042251497322,0.21161484439622164,0.21112913393207586,0.2107041884884473,0.21023268772790263,0.20981626426859462,0.20930042171703386,0.20871827883047833,0.2081334906607192,0.20742895973197173,0.20685626528766884,0.2063630194203127,0.20577873090631507,0.205234395839893,0.20465391764624055,0.2039859765264446,0.20337162407838577,0.20280287621932144,0.2021951758771696,0.20156170592452288,0.20093656743332228,0.20027075583495738,0.19966193252160244,0.19911590426266168,0.19848522872550126,0.19782033742325325,0.19734622596253826,0.1967354808769028,0.1961306046447639,0.19563339155523302,0.19499092141666471,0.19439184387658343,0.19411160509819808,0.19386672285057685,0.1934820479637741,0.19304850203754403,0.19262225987272677,0.19209743624085948,0.1916596196030583,0.19156026114535338,0.1913748647958096,0.19097881918393586,0.19068336404814573,0.1903574462436236,0.19008303593638792,0.18998178991600245,0.18979944514515704,0.18958025825492517,0.18944912419157195,0.18929885877695096,0.18927224163604947,0.18914127199832415,0.18880265092303813,0.18861793825405931,0.18856482824326298,0.18854875902474943,0.18856701025271397,0.18862584110447017,0.1887286438529288,0.18875436698409895,0.18884450549024395,0.18891925895282144,0.18887715786942702,0.18389757993671974,0.18425868472318674,0.1843799846466615,0.18446980303219135,0.18420069613375864,0.18406275032136357,0.1838353488190727,0.18383975934586275,0.18404558930334838,0.18408647853629628,0.18421526580008613,0.18431264624176297,0.18441002328736267,0.18422322807490912,0.18443636628807436,0.18454654576909607,0.18410580494582515,0.1840682814159088,0.18422433375462732,0.18456563215035712,0.1845936713716251,0.18476395640322382,0.18500784937032633,0.18469103149107038,0.18424118437509845,0.18421318191155547,0.18384345204765415,0.18367240236469976,0.18372877990694392,0.1835404327091809,0.18323543773497572,0.18306147765233519,0.182973414716339,0.18240758968906967,0.1820624055124439,0.18174550136389106,0.18097560242061894,0.18020414727626116,0.17965565281658383,0.17928041519053992,0.17864280774731878,0.17803220454741167,0.17752593297073546,0.17654268959137312,0.17555630381131232,0.17484615933083567,0.17380290986534583,0.17259935819571168,0.1714190045268549,0.17016914072041012,0.16881089868979032,0.16739000334715293,0.16587401122605025,0.16427572624673445,0.16250911163265583,0.1605500413357587,0.15841450871239587,0.1560428430197503,0.15361335906273887,0.15126357479260075,0.14877549570862977,0.1462402103167394,0.14371465524145835,0.14125236065579788,0.1383345891026833,0.1350091195169768,0.13195132533355008,0.12869582884690106,0.12507101261416728,0.12179187870825058,0.11829506482586363,0.11463116592805929,0.11066338369677113,0.1069861365332503,0.10310332061718237,0.09919538587184146,0.09565392017121019,0.09220069314184694,0.08861412503743393,0.08500622131178491,0.08133191728302284,0.0779579787177928,0.07451397466198702,0.0715849527383684,0.06898499359031769,0.0663342276767358,0.063512787779016,0.06081915377385483,0.05821799040029653,0.05589391953574565,0.05394592208313201,0.05199971732497557,0.05012175470610014,0.04832609839818768,0.04658683439218999,0.04515291361687852,0.04422667256061034,0.043317458929961146,0.042283439815356996,0.04105998660219295,0.03968317423042731,0.038748871076953226,0.03811236998397201,0.03757493923690317,0.03738329505350115,0.037148227019292095,0.03665836507237626,0.036148432599184786,0.035916899687725753,0.03571994996866613,0.0355544908766102,0.035469467779003436,0.03525526618589581,0.03476941911761572,0.03453588970584225,0.03438660029960821,0.03425330600945632,0.034314547471435086,0.03438780015565703,0.03400771655059111,0.03369634959085157,0.03343561017040189,0.03330759725639678,0.03331770115287056,0.03374819956734101,0.03385288721246273,0.03394046635700133,0.03381541421577299,0.03381490419120466,0.03376862798753665,0.03331268771166134,0.033265922856058,0.0334792651532133,0.033329221856388216,0.03330861037880701,0.033642705266444986,0.03377371012390332,0.033590186949372665,0.033568545607691555,0.03367728919662488,0.033835716479192986,0.033903566434922226,0.03403695278591502,0.033968967175891485,0.033961995452457046,0.03419399552958251,0.034403407873326235,0.03443656985916936,0.03454198455862614,0.03461948628192577,0.03438800932677294,0.034373206986424404,0.03454078795218014,0.03489302768935594,0.03525116344022218,0.0353560414291677,0.035524572808571,0.035768635528941245,0.03590708013293474,0.03569872003304567,0.03584089315449368,0.036287724688275416,0.03652034692406658,0.03671679961627411,0.03699057737454837,0.03717601737953616,0.03727732018725742,0.0373955035995446,0.0375097301968973,0.037728794186945754,0.038074668249978585,0.03815552150133787,0.03803252853943453,0.038254760815209635,0.03856931126026506,0.038735216101261565,0.03898870848230391,0.03942870870140732,0.039682790770084755,0.039660004746752506,0.039953877365769594,0.04028555180213674,0.04051803996799799,0.04063044013922058,0.040857709681847335,0.041090891075625614,0.04133410479275313,0.04155890746320827,0.04181615788313579,0.042049878660819016,0.04252339549285695,0.0427519844898995,0.04296865013013454,0.04323255629413393,0.04345837763715028,0.043734870474020526,0.04410683098836072,0.04448842459631556,0.04495104357284227,0.04522822961184035,0.04538261268922,0.0456913944046615,0.04595362763338695,0.04621890973481136,0.04655774382914549,0.046976541871208574,0.047377249374931665,0.047700147867776606,0.048111860374752784,0.04886100403840875,0.049152669396393754,0.04905400179127577,0.0492737702000394,0.04945279814455713,0.04961587964374929,0.0498810338180271,0.05023055078658784,0.050546950093878634,0.0508649077069613,0.051387094636237356,0.05201004587646526,0.05236145155399672,0.05245006892121042,0.05276457434755071,0.053152115701140326,0.053401535609791946,0.053577738592050665,0.05389689347743128,0.05411011667591527,0.054409754754962576,0.05482819031659615,0.05546866735238947,0.055908237419929875,0.056313822012262524,0.05675151191903846,0.05725485599925522,0.05763087366089428,0.05794898442522436,0.05826332118493143,0.058443458412231974,0.0587552478063469,0.05914802811878975,0.05949661052739444,0.059960066208890175,0.060250453741912326,0.06016407884720343,0.060576613131149516,0.06120865785374317,0.06146628974958812,0.061621585467923054,0.06165448439244998,0.06200700336303953,0.06228880169484376,0.06254571635293557,0.06316209648080343,0.0636046574177699,0.06364663906578286,0.06391740952325063,0.06452402607318145,0.06494125079940992,0.06506081531010609,0.06551967891946056,0.06591736819186494,0.06640047784067943,0.06670264827303504,0.0669408245652427,0.0672173082695779,0.06738021667783578,0.0676570254460933,0.06798592636852463,0.06842324651316019,0.06897188066965942,0.06940311427142552,0.07005490085193171,0.07043195600736285,0.07042664204985784,0.07056474396496003,0.07095557963375275,0.07146710959960073,0.07178859462285767,0.07222659646300336,0.07270530788329761,0.07299265101364406,0.0734043625174617,0.07424366463505572,0.07462101287402671,0.07448660856294233,0.0747782886568701,0.07514529366712779,0.07552837809279184,0.07621751302402614,0.07672474634104784,0.07709718710189925,0.07747704617424991,0.07775669757710858,0.07786360707534563,0.07828976554944884,0.07879927058509757,0.07924942357702702,0.08008128171320672,0.08040933146386978,0.08010998716910125,0.0804246306030056,0.0810313333610185,0.08133641025105863,0.0816330043141165,0.08214899652402807,0.08262640084207849,0.08305671976630874,0.08327780120659743,0.08361134046160724,0.08412683295855157,0.08447238386940845,0.0847020088518171,0.08524511682673766,0.08565457929817615,0.08557281609001594,0.08576276997243043,0.08628868310696904,0.08674494989780202,0.08711690531145636,0.08743505836906743,0.08787148917695613,0.0882828616841379,0.08851925946590684,0.08878662254981991,0.08898599904027442,0.08947419718857558,0.0899344262568898,0.0904540001831516,0.09075409541864261,0.09109125793141686,0.09141731453540498,0.09149721207421978,0.0917323111753017,0.09215860052590501,0.09245323467386465,0.09261337162076762,0.09287082966315112,0.09319452153962049,0.09351064638753483,0.0938709333544626,0.09415286052409524,0.09441977324227874,0.0946729007103198,0.09472329377479856,0.09489098805211205,0.09515497947097758,0.09548024139720479,0.09577790835346409,0.09626698243873229,0.09652777185696576,0.09657836067412065,0.09681958828681632,0.09720016836796945,0.0972992585115646,0.09717109951241758,0.09735080570092544,0.09756598944393317,0.09766507454636655,0.09795025229850017,0.09822297923008953,0.0981410376201975,0.09833559876019227,0.09892002707282888,0.09943784819283835,0.09965895742400789,0.09978979293288123,0.09984109488918659,0.09956518606229109,0.09961069813529218,0.09975004515563411,0.09994295289925563,0.10015002754453985,0.10049696251634033,0.10133116445059387,0.10148556304811297,0.1011057702077089,0.10126917430820034,0.10133986465762028,0.10139631229044978,0.1019055643802851,0.10227145641114065,0.10249933674183503,0.10250437080684542,0.1021915160006537,0.10230739334845379,0.1026109090457738,0.10290886523334805,0.10298179815306625,0.10343384574865662,0.10360350850174865,0.10321438518393364,0.10314282078889184,0.10329371772393925,0.10351430056164743,0.1037439765882965,0.1038367768131142,0.10404133924959601,0.10428781691956132,0.10430027469738465,0.10446239025454054,0.10509346756174164,0.10533850022552647,0.10524141199869372,0.10524967681331339,0.10519487003054855,0.10509067478280469,0.10473936496578327,0.10489793148937156,0.1048054571114138,0.10463278330350949,0.10456288640065543,0.10444125505744556,0.10459633645916941,0.10503810778134721,0.10511758811309346,0.10529862993868348,0.10524436420661212,0.10476423153884959,0.10458606775454976,0.10459954831510974,0.10432574003765478,0.10372529525811733,0.10362956867620915,0.1038116022327532,0.10371121872375495,0.10372330323275429,0.1037627388630371,0.10370611596566782,0.10348272392275977,0.10331644708331983,0.10319195680823573,0.10303342584153607,0.10235762172317568,0.10193999438886818,0.10182324682505631,0.10163513756093241,0.10126628575342757,0.10095986086325147,0.1008689492314885,0.10056935350366514,0.10001179188987723,0.09966941526055186,0.09942261457177844,0.09907789179328581,0.09861736585465834,0.09845136069724561,0.09864616329921966,0.09827478769979453,0.09771858838600832,0.09734812043956813,0.09650285630477028,0.09612373902924207,0.09636868991399436,0.09623096924001646,0.09608820838742395,0.0957330100970524,0.09503005632423682,0.09457252866298724,0.09411034955002029,0.0937340324164806,0.09376687138470714,0.0933706886007461,0.09278015232692367,0.09180469410794577,0.09074517589408804,0.09058641809207148,0.09089996799538429,0.09078522406519016,0.09026040350951271,0.0895608308603293,0.08915827203023437,0.08851675335598026,0.0880824356038211,0.0882067818066482,0.08776814939658528,0.08674919830747872,0.0863733561967264,0.08622908841800922,0.08592576104195417,0.08589984124230798,0.08567592824822884,0.08513083218917779,0.08484602438005098,0.08486782487127967,0.08457062152574259,0.08394373296569181,0.08376577645130773,0.08386574432090639,0.08349254586454165,0.08317158248160925,0.08292222868536431,0.08221673848993459,0.08167425470111914,0.08150882678477797,0.08121095634352116,0.08058934750603236,0.08027334820927404,0.08039748341268695,0.0801655209358294,0.07933856293993516,0.07878273619407541,0.07889947981129117,0.07836306305245727,0.0777083888365952,0.07799039771122836,0.07768244464368568,0.07663618449530611,0.07642766927362152,0.07696171123241025,0.07700637115530126,0.07676371129948437,0.07650147564332486,0.07588418767512273,0.07548618961977173,0.07484883587932717,0.07472463215767026,0.07533177347749015,0.07482584710199075,0.07376234984129622,0.07331492045524068,0.0723560019306912,0.07215374794614783,0.07304829614070815,0.07309976016901262,0.07295356540007392,0.07277594723568488,0.07230962273125636,0.07188283844671005,0.07135206896181262,0.07111740107567127,0.07088099780922007,0.07063161080362375,0.07081714869218292,0.07063722877992704,0.07024612917792854,0.06973875228914703,0.06888347952210831,0.06850343995471844,0.06785672456981111,0.06774227020001836,0.06896987966507252,0.06883021107341185,0.06774509125133062,0.06750593820398326,0.0671537520906058,0.06681083388466627,0.06714970824747092,0.06697957472617327,0.06583766949555245,0.06522232378875298,0.0645496017658105,0.065160261038198,0.06450324657876723,0.06400322951100258,0.06384665471878923,0.06326295244732104,0.06342903654159011,0.06346251457232703,0.06291951924019736,0.06270700060299707,0.06253233421948484,0.06289240432448345,0.06322131837937862,0.06184697730330056,0.06059754762213742,0.061239555159089666,0.06146814795811254,0.06085284311514869,0.060939079349286884,0.060423421036284376,0.05962940808338984,0.06020750344508614,0.06107526029309554,0.0612280673856786,0.06073991022016808,0.059618248514502516,0.05818236718000632,0.05791532804802357,0.058302401616677026,0.057889357591659286,0.05799307694547995,0.057820381691152355,0.05727658845172036,0.05786139654387533,0.05840116776165173,0.05844851787643396,0.05762530334021606,0.05696033346384602,0.057200915178940256,0.05639223580402974,0.05580928132756379,0.056285662339142575,0.05678198594888025,0.05677279322238326,0.05547612890722544,0.054755941358159456,0.05446875549758967,0.053658767250411216,0.05376564515434796,0.053845238663191346,0.05343188791551481,0.052532807580784636,0.051373912313310156,0.05209309801903621,0.05285961051699607,0.052027968828429055,0.05190457347356223,0.05117906788056643,0.05015732651980318,0.0503963508715884,0.05011266212217414,0.05077820452354208,0.052222276175658194,0.05163231443179556,0.050221566624549664,0.049684175516903434,0.04871512021554193,0.048784510598710994,0.05087200862504803,0.051738308935285554,0.05104488118130234,0.048856149162851116,0.047529093318598274,0.04800271113156974,0.04877460357808272,0.0500991290003817,0.04941674763608574,0.04838855292301412,0.04779765461972822,0.046909910871711716,0.04819087344350002,0.04816129106377866,0.04526052570961003,0.04493082031313974,0.045492637790941245,0.04359418265984313,0.04376017046944527,0.044817881923956054,0.04357353304412222,0.0436419910677722,0.04340903297443808,0.04163207612229177,0.04291389988477631,0.044556914961529116,0.044514314842957495,0.04478111476981656,0.04471829766674063,0.044542949609901294,0.044772259173220946,0.044965079092716645,0.043711503791923595,0.042350764222208064,0.042425003170570616,0.04233293844801284,0.04243521851656265,0.04183078493994865,0.04005239007592725,0.04056360391188867,0.04051815238629403,0.03974342314492403,0.04213934765392054,0.04229568559204558,0.03987616298409993,0.03998573568590834,0.03881531709615607,0.03808714546643879,0.04061833992302229,0.04146418573611028,0.04007672188044451,0.04083961955353186,0.04297129142248553,0.042167371601891074,0.04026662496980408,0.039957062650740366,0.03980958672230814,0.03982710958004689,0.03993343102864212,0.03917801542479953,0.03834330769362699,0.037801466719320664,0.03835392562192,0.03819374914876332,0.04297778605329583,0.04624343656213914,0.04401977116701578,0.043401261607976964,0.0407167172127113,0.03674527629632335,0.037181772783743156,0.042985468933757605,0.04662638727550987,0.04409958544505392,0.04411633085736081,0.044468501191762884,0.038106183348816165,0.03516618733259927,0.03770790623022749,0.03711520617488078
33_2_PETCA_1_M_1_00000,0.09407169931219922,0.006405823419887508,0.06105324336711169,0.11602594943472935,0.10226768185699985,0.026726606807088264,0.04887207489227377,0.10619700545240385,0.05073123282532999,0.05302981652259097,0.0896862208263546,0.10978652617566478,0.06742772214089549,0.04925128312906284,0.08028567526003251,0.07749588962216508,0.06537952795658818,0.05907665589849959,0.07396241749739664,0.0791422553987747,0.0691767034597895,0.05233973749898251,0.08689210173045785,0.10411700228873429,0.07302977892871886,0.06215250461050241,0.07168964033032253,0.08543852256510243,0.06942467429408436,0.05159186823816081,0.050086768290340866,0.07389225160624156,0.07888214102159698,0.076080000465075,0.0768700331320849,0.07159061193851146,0.07269069876821516,0.07886012717998503,0.07156221046126358,0.06271936797202354,0.06043030256848585,0.07030972644222662,0.07433752203858623,0.06993818084488218,0.061121705004689844,0.06591954292344605,0.07811296727815041,0.08755589319453891,0.07561710685397344,0.07276629111558477,0.0806508277665079,0.0851768286642274,0.07422663349263038,0.0673913433835899,0.08248660324899261,0.07541213852160206,0.06891296658804631,0.07631054265929489,0.07876070661594486,0.07696304183248054,0.07365412380838213,0.07451307419741465,0.07050646125665125,0.06634406314735694,0.07015611786249543,0.07193888444558576,0.07195874275738813,0.07230044617725898,0.07658398874629697,0.07772401614808555,0.07377042980640226,0.06950187401843762,0.07165647421933394,0.07674307443027688,0.07524011726255052,0.07294320280646671,0.07128713939046566,0.07080338973594416,0.07251564912507072,0.07306404490831993,0.07150620239424073,0.07396685862025278,0.07255778484564862,0.0680277825237496,0.0701365117952673,0.072398843275822,0.07374883171889798,0.07479415714581704,0.0737738734534125,0.0730770302211782,0.0744556474836644,0.07433579797118729,0.07411951969587582,0.07419456223190678,0.07236353384638694,0.07248221990487413,0.07444776293828598,0.07542658321991116,0.0755124205922248,0.07517708716902624,0.0750034923129294,0.07420644800716482,0.0744614939771021,0.07630191955299008,0.07624383512292374,0.07520863900570747,0.07417793040636547,0.07438604430194466,0.07489328506431539,0.0757071884652815,0.07713856743218557,0.07738798331399833,0.0765864264579082,0.07564312630454342,0.07687500665595884,0.07876543280793698,0.07978097155441928,0.07863379266328771,0.07778358991181657,0.07803693605815615,0.07882414092883813,0.07938892561218706,0.07875854344994461,0.07639618374255659,0.07722972143120828,0.0791136364870794,0.07957162968146891,0.07954120122275539,0.07972536156128165,0.08020760763627507,0.07995928206833897,0.08001638972426381,0.0797895277404622,0.07757944598230028,0.07716441647530876,0.07858905036869333,0.0805324286819118,0.08091422976973349,0.07997214880728426,0.07865403273962446,0.07919987278627409,0.0791012843798328,0.07824136536264459,0.0801225291870239,0.08039139009006847,0.07940802913896089,0.07976967217683056,0.07899714204757773,0.07875219192289316,0.08070532987953531,0.08122728099865745,0.08194077042701879,0.08354121334602448,0.08340479154843121,0.08332679534588151,0.08399757328282507,0.08517158646433964,0.08600209311688202,0.08668896225018588,0.08785133757934079,0.08902197135772849,0.09002299687907206,0.09088609939892711,0.09233831820497541,0.09399385151457174,0.09560286595265,0.09725145358749643,0.09905332336889092,0.10091637347258602,0.10252006961301496,0.1051324086069996,0.10768901314683693,0.10862361181384152,0.11040793023258516,0.11275926665649806,0.11498795211288479,0.11649392781164042,0.11810892982200456,0.12015439580083963,0.12219173241748477,0.1237389699016508,0.1248817698213965,0.12611741348555575,0.12734892421788382,0.12826725536932926,0.12867066541491073,0.1298324609208215,0.13114956940481298,0.13204935276609533,0.13268576392912312,0.1333075358702125,0.133987819620959,0.1345292327703467,0.13525104616536643,0.13603880201883778,0.13653862293359162,0.13675353406025176,0.1369191299271786,0.13730149306894088,0.13790200296492844,0.13858952287699697,0.1391722044859921,0.13929841224006292,0.13933956505185016,0.13943983139656263,0.1395301135085542,0.13932734626075513,0.13886059570057155,0.13831468086108636,0.13764590170429486,0.1371022890800843,0.13677928218979726,0.13570803555474426,0.13457259027523538,0.13378650080406387,0.13293853545619658,0.13219876437263944,0.13146400909533604,0.1303642466498474,0.12906780903882203,0.1277038280822398,0.12639602404256847,0.12495420501171696,0.12370103965820509,0.12282398273134909,0.12156698640306314,0.12039881376212655,0.11951927609049562,0.11852686564527572,0.11767831911251932,0.11681638310180574,0.11544875661757113,0.11475033482564026,0.11457722720463927,0.11432470543618457,0.1136498808955673,0.11288935771107489,0.11236082351841266,0.11202980084936512,0.11136066044968342,0.11031226486569831,0.10957797697509467,0.10916471908868863,0.10886136449177782,0.10827298886327395,0.10792109964462399,0.10784078571039764,0.10788855160903113,0.10762481239159465,0.10742386498879522,0.10745653753544264,0.10713803982921288,0.10640183027052291,0.10552749437432304,0.10534645374653047,0.10473153376403373,0.10386984498541724,0.10355105314113836,0.10323797241764836,0.10275254196738716,0.10211380950305285,0.10207345972844308,0.10182397243792195,0.10094274417105016,0.10014062519633349,0.09924656516022727,0.09838323940683641,0.09795560253752363,0.09708649556217087,0.09625787755373338,0.09632393229040151,0.09628081426429291,0.09637495138207437,0.09675805942181863,0.09651193082243997,0.09609946670834403,0.0958539719943777,0.09592744077417471,0.09582511273522104,0.09556632277513286,0.09549925834218415,0.09533619866452148,0.0951668699228831,0.09512588184115978,0.09494241212945605,0.09457593202755209,0.09407424605128124,0.09363890441861616,0.09320733212441723,0.09270844569172514,0.09205330185492183,0.09117364705234376,0.09039686651883594,0.09014774713034585,0.08903240632967396,0.08788850430697057,0.08757546697697799,0.08705353561863875,0.08619848909342812,0.08520446414325983,0.08484741824587352,0.08442216005779675,0.08384838534851598,0.08349613812065163,0.08313143773710388,0.08269206563967504,0.08218328727842758,0.08180505006488348,0.08127195146861525,0.08044457901184474,0.07982206046565755,0.07925830877535602,0.07863344170620766,0.07784160971725597,0.07709167500548979,0.07649641872382865,0.07611393299966086,0.07557308623735653,0.07511351998346955,0.07498146303811731,0.07474556212843556,0.07450685216278076,0.07436401857580985,0.07436479793217679,0.07434294199752785,0.07432857120704876,0.07451928666427204,0.07464475885340484,0.0747115882429473,0.07482021906498439,0.07503376515478234,0.07532233115848225,0.07569409235659705,0.07631544903654515,0.07713122926431006,0.07807938721416913,0.07904012009244635,0.08042288648674253,0.08220978823244703,0.08419038349604879,0.08665585000075027,0.08959498452381325,0.0929705051331555,0.09699168558335233,0.10139696415600805,0.10606438079592259,0.1111893916650144,0.11664299985817513,0.1223064794580557,0.12805568633687353,0.13403972508457573,0.14023585445631478,0.14653794543234544,0.1524862031085701,0.15850150088448922,0.1647658642079936,0.1706031946661997,0.176417973152256,0.18224621804124425,0.1877548988156731,0.1932055091562928,0.19861887479117418,0.2039277771822293,0.20914538876733596,0.2141616740671059,0.21893860777706559,0.22375460308291747,0.2284006157944312,0.2328115764909318,0.2371634186460095,0.2413139428395703,0.2452305934751772,0.24895186235424174,0.2526322791626163,0.2563231051004076,0.25994144508892497,0.26289865105958077,0.2657037866142583,0.2685707012840144,0.2711032381692853,0.2734640875693602,0.2757677997003065,0.27810655121826283,0.28017403193933094,0.28191949509151626,0.2834194096457676,0.28506876482302945,0.2866198874044494,0.28795523730595995,0.2893393923879866,0.29057710779583773,0.29162789110713283,0.29255824628357746,0.29361852992802784,0.2945339953473873,0.29501847346027366,0.2957143547065459,0.29654905296142364,0.29730197853549406,0.297506745281892,0.2977227804748858,0.2980816421238364,0.2983737511593972,0.298820002773875,0.29932394963662745,0.2996942664555157,0.29983309928169505,0.2999757876442849,0.30024097371840214,0.30037085511378486,0.30053710218148827,0.300642718020118,0.3003320916973064,0.3004316224051615,0.3008048984240111,0.3010186042185801,0.30100003812023624,0.3010520959784109,0.30131401905136024,0.3013966755845946,0.3014562766843849,0.30156715661086303,0.3017472988131331,0.301675453686161,0.30145628337839414,0.3013318099046583,0.3013798538720964,0.301423796341269,0.3013870062923109,0.30153909186442474,0.301556987668015,0.30145543903230543,0.30154188168519186,0.30164761253702177,0.30161943434392674,0.3013869996399077,0.30142886397853536,0.30151101212171993,0.3015018416891984,0.30167440145057894,0.3018108567380646,0.30177220038097835,0.301471875783774,0.301387867680157,0.3014504003068178,0.3014423114849076,0.30122626258550644,0.3012579527313818,0.301572772580063,0.3012265031830969,0.3010946520771778,0.30128093717343957,0.30143989967879387,0.30147808323980974,0.3013622299210498,0.30116489045552086,0.3013047680964577,0.3013611412506596,0.3011998734176177,0.3011778499860209,0.301316986700582,0.3014418657456362,0.3012788508467646,0.30099969468956617,0.3007939869565218,0.3007670700105336,0.3007435153717859,0.3007595801030846,0.30076391607630776,0.30059424251,0.3003695151264356,0.30033588574912196,0.30067337612090306,0.3006614568738623,0.30045499186710256,0.30030769951989367,0.3005135269795499,0.30051960468468064,0.30035041731373024,0.30046138848255416,0.3004430308270795,0.30031341021673247,0.30017782206094357,0.30000070805769136,0.29998635329517803,0.3001158591738837,0.29996215457001557,0.299929672138979,0.2999841230211287,0.2999365127504309,0.30025192257909117,0.30042914602638954,0.3001388080873312,0.2999720786150876,0.30003984429575703,0.30018218086486853,0.29996015643130214,0.29993519110926986,0.300015206168537,0.29999874299635915,0.30025084213999326,0.3003497897827343,0.30011269400226526,0.29981341920836824,0.2999303196477597,0.3002519379076355,0.3002251127124166,0.3002488550699405,0.3003044541003625,0.3003480840429086,0.3004438762182178,0.3006809624492866,0.3009238286655997,0.3008202872151589,0.30038881016195457,0.3000316657533641,0.3001063619966847,0.30010609675304134,0.3001358991178015,0.300185854488554,0.2999780798374284,0.2999628168130108,0.30003385420501677,0.299896724046636,0.2999171102400771,0.29997737513058775,0.3000152444180861,0.3002739479827725,0.3005468870041238,0.30068254970419145,0.30056827791852697,0.3003055671053078,0.30017719618834005,0.3002945649970566,0.2999979628855086,0.29982678350643904,0.299956973234812,0.30016165124807204,0.30004665572824696,0.2999670539567777,0.3002782782635989,0.2999849470273001,0.29956728115200437,0.2994401762693962,0.2998360888104915,0.3001636535623028,0.3000881461170303,0.2995410072737149,0.2996328495672945,0.2996989753369108,0.29937813062937624,0.29932618510449904,0.29954582481135883,0.2997399954142822,0.2994864053079435,0.2994678724245472,0.2992876464521469,0.29875341371700265,0.2986054183053556,0.29889697855115116,0.29926278494819114,0.29905981591940084,0.29899211021393035,0.29883986389073186,0.2984807058675291,0.2987131632468746,0.2987958139896097,0.29871291040509695,0.29905009774911895,0.29894518120872565,0.2987140487689689,0.2987232543088944,0.2984012603169499,0.2983708943945669,0.2986043493443282,0.29840675433848435,0.2981826290163201,0.29791997702526546,0.2976202051505332,0.2977786461185724,0.2978153568450348,0.29757139530139537,0.29738655162271443,0.2973040331983222,0.29720199901783795,0.2969692730907158,0.2968067800781728,0.2966923821744138,0.2965958610209141,0.29648634169012533,0.29676223679639185,0.2967913949320169,0.2960928200857244,0.29625358573139127,0.29642997788177383,0.29621018103764585,0.2957687319222982,0.295444979591286,0.2950676690634427,0.2944769762773824,0.29418264501641,0.2945005457647815,0.2949701119315062,0.29434011804592286,0.2938441781930224,0.29342481057515724,0.2928852852151738,0.2928167096526463,0.2926336850999932,0.2923723449563018,0.2926420914700772,0.29263642566556636,0.2922126094370442,0.29159556184193536,0.2917094620342898,0.29166817665050654,0.2912998181143733,0.2910290640704953,0.29127863199575793,0.2916955355963658,0.29197147906279697,0.2925132520748162,0.2919577316016337,0.2908739353200202,0.29092644136444845,0.29146307203583005,0.291914124688326,0.2917641769257237,0.2904051535306937,0.2900570436037905,0.290873312204922,0.2918400873948274,0.291233092555581,0.29066078021647634,0.290945393975718,0.29116056335058904,0.2917248235769697,0.29194070356187013,0.291228887511379,0.2913480559608867,0.2914820421593019,0.2914439968404369,0.2918225714325638,0.29206702986509,0.2920044545340412,0.29176564427639645,0.29212498375137896,0.292899908871947,0.2932808963137824,0.2922576186217987,0.2917970254966853,0.2965861813904457,0.2967639946120016,0.2969491836034631,0.2972016891385526,0.2979011547330194,0.2983770261355357,0.29815398043753955,0.2986140465965428,0.298285166290414,0.29765252390000513,0.2975399562132608,0.2965820047633398,0.29609037869161325,0.2962100526976566,0.296159613932492,0.29634136550022255,0.29650783110170303,0.2966969161521285,0.2969982250367055,0.297782494187908,0.2982372645374326,0.2981519002966973,0.29823271756347486,0.2980247448277226,0.29798181091408205,0.2985939287978968,0.29883133632537795,0.29859231978986966,0.2978659163319278,0.2976779561840838,0.2979352289784776,0.2977906132168934,0.2975199934818078,0.2976083501211146,0.2975997161306971,0.29772220429824886,0.2989281397869343,0.3001373546097689,0.30092286596611906,0.3008015179280693,0.3000686925296386,0.2996837623655726,0.2990721433090772,0.2987026007132838,0.2987503954707822,0.29876192023225656,0.2986056131968078,0.29914671215285743,0.2997819905169271,0.2999941363604689,0.3004108981378882,0.29986248312938946,0.2991473172353023,0.2994462045894444,0.2992739860148526,0.2992146644630221,0.2999590453325245,0.2998608135423856,0.29929912961438593,0.29972161531420843,0.29990492500013716,0.3000158195401147,0.29954707103430167,0.29932848167670856,0.29888258036219467,0.2985079229746734,0.299267001129009,0.3001682313985201,0.3004718452218973,0.3003617199631445,0.2993228068841606,0.29853026188337933,0.2985551276156305,0.29868391544835865,0.2991488980651204,0.29930415530727544,0.29952327418532343,0.2992263781192763,0.29875485674533375,0.2985912867199012,0.2986518330360025,0.2986098348363161,0.2992563178648355,0.29962695530880545,0.2992078057105567,0.29918765079661597,0.29869174011594524,0.29806085177382535,0.29851711427833283,0.29868125634071657,0.2985422398759342,0.2983029429096049,0.29829579780122617,0.29806580342875,0.2977647299311902,0.29790219516662253,0.2975823593305589,0.29691133590928015,0.29709608550583505,0.2977247255561251,0.29814568428530114,0.29806164543720787,0.2972515387520226,0.29654420473525184,0.29624751681600375,0.29621243104590744,0.29719594791990844,0.297395536099526,0.2974452596609034,0.297101356253873,0.2967434632716194,0.29609986295547996,0.29586445406214673,0.2962075974069995,0.29630113403943686,0.2963334648838313,0.2964551861304815,0.2959953579625775,0.2955132193059451,0.29549130124377626,0.2954150734067315,0.2954488929927925,0.2953301558981642,0.29524579585703914,0.2950515418298843,0.29471448029724495,0.2943143692584378,0.2941654431300552,0.2939355394806755,0.2933859265235811,0.29315198543529064,0.29308829153875504,0.2925685227602766,0.2920596462972402,0.29178960436621004,0.29124276960186,0.2907752704102684,0.29033760274921094,0.2901020390542297,0.2894880831025868,0.2887101722655259,0.28809464915946975,0.28742242001577206,0.2867146725265197,0.2862284045193844,0.285298923705125,0.28452846294498374,0.28433503408208555,0.2839119864076294,0.2835099014808253,0.282978565638343,0.28196265360682005,0.2813307196014958,0.28105521652584853,0.2807582474350868,0.2808450447478781,0.2805487071213224,0.2800261619419658,0.279643919514051,0.279111863300144,0.2786850270210435,0.2783478497793496,0.27819543906082234,0.2777387072619586,0.27758948406837014,0.2778043682158061,0.27735582760808436,0.27703529817106354,0.27725682607157176,0.2771045721778247,0.2770008994129994,0.2768617397334898,0.2766292037614925,0.27643361027343194,0.27618995840406063,0.2761408645899266,0.2763309379695969,0.27626483963639636,0.2761005191982448,0.2760471570527076,0.27597260837699017,0.27580594330652386,0.27561476931384116,0.275495503247938,0.2754387500049483,0.27522680997760285,0.2752254170805316,0.27537674562296144,0.27523592245111916,0.2747952891857425,0.2746849544198545,0.2745581780958492,0.2744458072292435,0.2745942203783647,0.2745707544407806,0.2743527677112702,0.2742877024913617,0.2743105242110642,0.2742286308393524,0.2741372309968884,0.2742523703501591,0.2743245665738484,0.2742265045696096,0.2742034117856369,0.27440670954011587,0.27449393026541064,0.2743435403644086,0.27433641334099923,0.274255762928145,0.27431628350737836,0.27455165268454707,0.2746975513666797,0.27488018540059966,0.2749883786042121,0.27496156959868245,0.27502365354884045,0.2752422094559233,0.27529309586595113,0.27523442855784164,0.2751651468665913,0.2752992174262561,0.27546053223665,0.2755853159129905,0.2757206688706826,0.2758672412258544,0.275820818578845,0.2758643751921846,0.2760759628077421,0.27615649454234004,0.27599976264574777,0.2760994386871986,0.27646473254731463,0.2765553331160721,0.27649200038076815,0.2766308412521009,0.27678959851363677,0.27681419562445536,0.2769004808792412,0.2770744057185565,0.2769784945976849,0.2768971967626743,0.27692032512590203,0.2770098227984388,0.2770870207002909,0.2769718581029589,0.27701965061344286,0.27720758650164723,0.27721182418921647,0.27710925367815226,0.27715646348379686,0.27721845371876064,0.27722583949667867,0.277293377908881,0.277364314796401,0.2773655141382879,0.2773593219341673,0.27743075063870914,0.2774664100293303,0.27742725601683677,0.27737215622180666,0.2772713369136359,0.27730944675925967,0.27722137736725616,0.2771092028389868,0.2771807577078944,0.27715246441034935,0.2771108207932638,0.2770740458727544,0.2770482835902304,0.27701260947831524,0.27694870713132375,0.2768822372519918,0.27677667494908426,0.2765003371537269,0.2764761081404665,0.27675305594303284,0.27671259560616346,0.2765688698298688,0.2764946616690291,0.2762556646260462,0.2760574601473147,0.27593835472677447,0.27588925632594613,0.2758784102086366,0.27573413682094794,0.2756633315648312,0.27562126481475496,0.27550385339257283,0.2752073775733001,0.27508412313571756,0.27506378544702886,0.2749630129590557,0.27487633606377304,0.27471743486201516,0.2745208089926367,0.2743163652371215,0.2740613035167385,0.2738072772980784,0.2735285534261448,0.27327122223899447,0.27308843783248155,0.2727464655524373,0.27222690142497474,0.27189119266924383,0.27157841138086763,0.2712184783985931,0.27095623190837914,0.27076137160188724,0.27018152416097524,0.2697070600082295,0.26932749586994187,0.26903532954632886,0.26850936274338744,0.2679393568431448,0.2675138943355782,0.2670432352868081,0.26645657348975393,0.2659393054979178,0.26544878338037065,0.2647757864482224,0.2641956125119381,0.2639090732670053,0.2633593167780251,0.2624974421224738,0.26186702942168233,0.261367483164782,0.26074852136992266,0.2601904161188934,0.2595410706632235,0.2587175214546079,0.25798713633381115,0.25728278476507815,0.25658379549045524,0.2558910335743235,0.255240998130831,0.25456789844396016,0.25390736452079327,0.2531957493754181,0.2523981358727347,0.2518067448059167,0.2512680242444838,0.25071071050272636,0.2504375640603797,0.24976425746966874,0.24867327866320546,0.24803314662007073,0.24756451889462566,0.24686536276696117,0.24620942064421228,0.24565791902117454,0.24490748145176613,0.2442776584472994,0.24398376466633606,0.2435185550344489,0.24285807297440365,0.24229349556276894,0.24191268518394177,0.24131479514065463,0.24051835647120645,0.23983089819551423,0.23921336380787192,0.23858046817964543,0.23780204033484068,0.23706399283803417,0.2363860778318614,0.23563173900969794,0.23474543276278792,0.23400732162016774,0.23304566750511774,0.2317797300832962,0.23059054913494398,0.22952124859192374,0.22819403978171068,0.22661045933614987,0.22512391008035215,0.22372789304627222,0.22200836148097677,0.22011115015601676,0.21820559373773746,0.21621396216130864,0.2139389259796948,0.21148218350605294,0.20906142890700435,0.2065123015523132,0.20375773800624683,0.20095782242402113,0.19810515452234653,0.19499651879897414,0.19184780966073822,0.18864929329492025,0.1854851806240327,0.18241354949662988,0.17931534453474043,0.17608666035396198,0.17292740562123982,0.1697112230895135,0.16611818891029512,0.16306784807604022,0.16041274388670207,0.1574933703372058,0.15453766084794077,0.15183506522057721,0.1491364145999932,0.14654636516812886,0.14419241039593614,0.14188406129907044,0.1394524662788196,0.1373564208404923,0.13562141965006172,0.13381327432915843,0.13206758606382593,0.13044745346545938,0.12881346648416403,0.12740541566849098,0.12628747637673934,0.12510910910710202,0.1240099451670055,0.1229657389590418,0.12187655578347655,0.12093119144494772,0.12019588966658427,0.11939930642076099,0.1185872215626816,0.11786275424802685,0.11723903844338088,0.11664227922436246,0.11608779604037174,0.11567964242754905,0.1152138609547578,0.11468041525216585,0.11427727415592492,0.11398182141558179,0.11364399517112009,0.11330311832737389,0.11304693691253587,0.11282742623441347,0.11263111339543824,0.11253497200185472,0.11237182661950605,0.11215621759232537,0.11201700145547035,0.11188148848070234,0.11180196073071157,0.11183314111901567,0.11177804020201684,0.11165757046338241,0.11164305043199618,0.1116344811476426,0.11166458724173524,0.11185419573640848,0.11192402101280136,0.11187386275378797,0.11193146829744623,0.11204316890820684,0.11209861070052181,0.11212192447619741,0.11224806956943083,0.11242155802311478,0.11254305755907106,0.1126490636142363,0.11288541785288651,0.11314363352620009,0.11341623871288176,0.113699590849326,0.11416357038530957,0.11441103786609827,0.11443302681682646,0.11479977451263308,0.11529834245113123,0.11570692849296133,0.11623203857879477,0.11672262954434251,0.11715264809338831,0.11756212687013394,0.11799027304919533,0.11849591702391772,0.1189418758549369,0.1194594630374422,0.12013424721510955,0.12073924192342177,0.12123991393577156,0.12188282023466454,0.12271920740596397,0.12333994982245772,0.12384170414737215,0.12447551779188058,0.12509657637010765,0.125679794681189,0.12629125162117155,0.1269864275767241,0.12766395132930006,0.12832965748999495,0.1291274020206217,0.1298646653786511,0.13046033829656256,0.13115456829435182,0.1320087674664112,0.13271905351105623,0.13331220365492752,0.13399198295555234,0.13460693132953291,0.13531196515254618,0.13620018336668518,0.13696246909908122,0.13769532872764048,0.13840390221992863,0.13900246125263174,0.13965760148307932,0.1403420031759215,0.1410213419712513,0.14171322784863408,0.1424109945070661,0.14310654755773397,0.14380595581530592,0.1445114046440895,0.14524260881174877,0.14592464708884828,0.14657180201425357,0.14728307580216715,0.14801364733835437,0.14869020293586577,0.14939394102241244,0.15005433377824648,0.1506460389467569,0.1512585676017671,0.15184067357639353,0.15255236885261167,0.1533580135517413,0.1539831732293098,0.15459481101838812,0.15527216496503393,0.1558675180545719,0.15643746141615789,0.15707651791039023,0.15773988066884007,0.15832298121529842,0.15889295285787186,0.1595815637265306,0.16018463358576443,0.16063537912451914,0.16114405048842018,0.1617138726169445,0.16227431673864984,0.16274770125465132,0.16331946346571263,0.16403755841570178,0.16461663561862097,0.16514949643754023,0.16567861418362476,0.16610618849547337,0.16664205661388287,0.1672756175511015,0.16780936649519795,0.1683137101233761,0.16885703442730926,0.1693960914662275,0.16987609387897668,0.17032422119545976,0.17085907652795182,0.17141140298187818,0.1718820246971682,0.17241951263045452,0.1728979593384307,0.17317607289930767,0.17361448515050992,0.17422977541523957,0.17468910673144483,0.17504450607055316,0.175524128676309,0.17602585127546347,0.17647671118771502,0.1770309543651834,0.1775014695957579,0.17778122089778756,0.1782063501306215,0.17878685957760745,0.17922199410705886,0.17956593605385424,0.18001446172471533,0.18049012881916787,0.1808801219915078,0.18127486919734803,0.18171635636444697,0.18207354631988004,0.18247708988802194,0.18300983007306423,0.1834785267953526,0.18389841480494634,0.18431311052595847,0.18470980335060078,0.18513891279009154,0.1855916269296622,0.1859847601665036,0.18633170485619271,0.18674529238720333,0.18722870011169007,0.18758385432260435,0.18783152628679214,0.18821040488268378,0.1885880593810087,0.1889348016770524,0.18938537142305203,0.18982225012395765,0.19020900832161108,0.19054809395339747,0.19089801663650074,0.19125669886387797,0.19149551966488548,0.1918153817401515,0.1922900475146528,0.19265725731145375,0.19290965678802638,0.19327810832560643,0.1937304091521281,0.19407163750372966,0.19439599743145208,0.1947708864465407,0.19510835883591093,0.19539773196927138,0.19566879116104435,0.19603704416213952,0.19649737451393828,0.1967785500593403,0.19693688147350166,0.19727744307112288,0.19766605026006376,0.19790709232577747,0.19819298817887582,0.19853455071930778,0.19879189501112918,0.1989411463591502,0.19906568449303794,0.19934265773668966,0.19957601789042143,0.19975520569861385,0.2001366698909653,0.20042670330748874,0.20043858165381562,0.2006281525914212,0.20101635091678632,0.20128705193316573,0.20153897089129352,0.20181475173593186,0.20205997552924387,0.20225897693287398,0.20245473056017613,0.2026721452321729,0.202907270579625,0.20303876250902958,0.20305573995516862,0.2032067071131573,0.20340697500626662,0.203501201396056,0.20367105389128298,0.20378491715256059,0.20365218940526386,0.20369274169479293,0.20395460834655788,0.204031060430699,0.2040065245617851,0.2040931329629678,0.20416850341423742,0.20418697576553116,0.20431337426802657,0.20433263893725004,0.20408952442837067,0.2040816623726144,0.20432865010041848,0.20427616265811405,0.20402880088169453,0.20406944530853716,0.20417456152940672,0.20410925730218488,0.20423509029039744,0.20418880512428497,0.20368861208604816,0.20355796723135539,0.20378597920827551,0.2037110261193722,0.20354992069849476,0.20342859264909496,0.20315761790110512,0.20298704277501678,0.2029660656935815,0.2027869453893395,0.20248341903682168,0.20231358249454254,0.202137190171458,0.202011564357141,0.20204549710250047,0.20189050652339557,0.20158350851505433,0.20149002603028537,0.20147184918502037,0.20128414256569901,0.20118786709435893,0.20095805479888879,0.2004497192364318,0.20019478952304892,0.2000584124522709,0.19984299400053182,0.19966735049391648,0.19948120652160659,0.19928371395623945,0.19906175400865828,0.19880512110738363,0.19859217871505233,0.1984424443548601,0.1981671602729421,0.19781821499865185,0.19759530519753082,0.19729469744759226,0.19704991740521763,0.19701045605058923,0.19687232535889362,0.19661278648520725,0.19629273686476387,0.196075013251825,0.19563414610724947,0.1955549520883858,0.19564882635593103,0.19528338628596043,0.19485588254689964,0.1945796545604942,0.19419085517560836,0.1939094402593071,0.19385681372992825,0.19361807616304835,0.19312654078236968,0.19282001068233193,0.1925313738939361,0.19206667877528044,0.19180626139873141,0.1917575253653224,0.19166362031461662,0.1913437301480131,0.19096447630192626,0.1905722633892831,0.19018962856652857,0.18982483000348202,0.1895512683955352,0.18920095351717528,0.18858133594591558,0.18828196244429737,0.1884705941290366,0.18815739569269818,0.1875876328520592,0.18720076439238367,0.1864832394757649,0.18601959829717352,0.18603349217610685,0.18584144129441144,0.18560015373031716,0.18519082999895903,0.18453458302296702,0.18414489592470312,0.18384090616888152,0.18346015350527967,0.18319467895013825,0.18287810374504893,0.18237881784844753,0.18202716489642515,0.18187278664629639,0.1814453213417825,0.18105471486763974,0.18058653900670313,0.18030119234173217,0.18028015879492276,0.17992210667962352,0.17946162537230329,0.17919228369748255,0.1789100169749217,0.17877581305063442,0.17878032059869997,0.17847212978180677,0.17776337941313378,0.17738387518316487,0.1771465546967815,0.1769153395905908,0.1774079970737648,0.17754885202892126,0.17705955205320878,0.17689912180968465,0.17659542415113538,0.17639641850289145,0.1768910888568183,0.17692070672853358,0.17648269483125217,0.1763523351480064,0.17634656250691544,0.17627927515897443,0.17637474042901188,0.17641848942448224,0.17626409124645426,0.17615979453473182,0.1761121384598333,0.17621004329648832,0.17639293665512906,0.17646616602776738,0.17648242334898076,0.19353499163496868,0.19336651720354567,0.19334553465866847,0.1929604669181396,0.19271770464753238,0.19317584030145907,0.1935265948447996,0.19355503955066955,0.19299385167005564,0.19315410207713962,0.19398484851433936,0.19406778732817126,0.19419819960979245,0.19380906102528958,0.19382793942449572,0.19385567928233216,0.19359300971335452,0.19463661561641407,0.19477300831435873,0.19384407507628099,0.19346334983398253,0.19314693660899254,0.19321677456612962,0.1931319889064555,0.19378938428320727,0.1942268660478717,0.1936221315528831,0.1935894798573142,0.1936600743267063,0.19357085251821965,0.19392467592529863,0.19366915022727946,0.19286781930099187,0.1917070876566618,0.19140731488562326,0.19126331608221636,0.19145917316933986,0.1916379405622259,0.19131111126435893,0.18986542141695759,0.1895309676402463,0.18964744869225378,0.18977067646044668,0.18927796246477077,0.18878426809989732,0.18828745760056836,0.18763013910538665,0.18688716161568406,0.186290518499164,0.18546519783836762,0.18419955611963088,0.18255220794142898,0.1815717380831231,0.180716702640301,0.1794795323057161,0.17798674439428452,0.17631271547566887,0.17479802401475725,0.17338308036555114,0.1715647134418694,0.1698790053065384,0.16828530540679837,0.16663095100346453,0.16424190373521025,0.162353356136273,0.16096109291084684,0.15871877760065534,0.15606334115764536,0.15342948987271116,0.15015207473602582,0.14703459450560272,0.14373232155699983,0.14120755594339213,0.13812649344410793,0.1346285840882036,0.13142929402509781,0.128206756192977,0.1251690538271396,0.12229719656079466,0.11930465053332522,0.11627710307548414,0.11338879759080997,0.11051815646260384,0.10808845421142281,0.10579338370590141,0.10318778120019202,0.1006920211355259,0.09809626587349439,0.09526639087593637,0.0927054606798484,0.0905292968552902,0.08827512986688532,0.08603437681448799,0.08365250449183605,0.08187339498098663,0.08032187907381494,0.07888527853542975,0.07802039309631718,0.07681882860840873,0.07539791703702055,0.07460000428934555,0.07384863224464823,0.07337096117560936,0.07279664114785918,0.07245900111896877,0.07184126372028402,0.07087664977324695,0.07023197082739398,0.07007570556755434,0.06996284085592985,0.06962094538009866,0.06947872478088109,0.06916441480685104,0.06815407693893419,0.06782803966490061,0.06792682690380664,0.0679472269129632,0.06794813311041954,0.06781894233352782,0.0678840868692187,0.06829531786655794,0.06824368943912727,0.06845309424785566,0.06831539982289418,0.06724288011699316,0.06702094572409847,0.06713931887624289,0.06738025929506486,0.06760909917074147,0.06809615285621967,0.06835205299168282,0.06829625462043748,0.06828773697295025,0.06844117685939358,0.06849144729394872,0.06834979249116864,0.0683561930154874,0.06857004056061658,0.06869497286282304,0.06883263552211362,0.06883608788898982,0.06910507008819675,0.06862826440330058,0.0683017202735678,0.06878910006352393,0.06889337460171785,0.06893227563766766,0.06907243612099587,0.06924548606942256,0.06922985013395375,0.06906123426505242,0.06918244016138583,0.06938751465590487,0.06945242198929684,0.06959020749378304,0.0699028181614765,0.07023580057228894,0.07047773821974289,0.07077237652673347,0.0713480249741984,0.07168890946940877,0.07174870101427643,0.07202226401827294,0.0724571627858523,0.07278854410069319,0.07278974204764235,0.07280186463301494,0.07275118366136829,0.07266216600639486,0.07293532371635669,0.07379232679687549,0.07415144295022282,0.07446885105612135,0.07457101451420259,0.07411929076974155,0.07424329190016182,0.07450553777803094,0.07509995216930941,0.07538914756923186,0.07524101232925619,0.07531381575185488,0.07549787830737785,0.07570599708415211,0.07647164438050381,0.07687620092000527,0.07674136461861926,0.07710368157182357,0.07802436790870516,0.07840941802321545,0.07877330488111575,0.07890847337487986,0.07839867974288003,0.07835698649989174,0.07939928320799604,0.08039802070853107,0.08063483462843032,0.08071133819848164,0.08105802424854493,0.08061812144035542,0.08072845887408407,0.08183736509077497,0.08232303593796535,0.08235276088161413,0.08237275009107523,0.08291050970779795,0.08351620944656216,0.08347929251300173,0.08347940673737099,0.08390809647492897,0.08434116756487534,0.0847191169653435,0.08586384051832292,0.08618771442812737,0.08542101307715412,0.08550544514183829,0.08593318682688689,0.08617406197115875,0.08664780450532213,0.08718118704538587,0.08738100359920614,0.08755996317819531,0.0879071258502322,0.08837550485002497,0.08898872119283653,0.09001058974483307,0.09042167939366197,0.09037686247457795,0.09083147799721275,0.09141732592524515,0.09162996081027626,0.09210902252028659,0.09244816926378839,0.09178486913149317,0.09158069956444828,0.09188045310612407,0.09278923455342308,0.09321035539094784,0.09384395709371084,0.09427815780624103,0.0945348468486071,0.09468499881917611,0.0946222926017142,0.09483832803898624,0.0947991032415274,0.09504655013075378,0.09568255774005335,0.09670955696079565,0.09682115694153354,0.09687374538511491,0.09719100815365547,0.09739605827319966,0.09755940413874226,0.09798155763441052,0.09829125613573389,0.09825061909598698,0.09839588516013296,0.09884299396909528,0.09915323512003331,0.09948068112675419,0.09962525543460286,0.09957185442865846,0.0995475336765534,0.0997918103156643,0.09985036044560319,0.1003841702233106,0.10185170595448448,0.10212869496838575,0.10177850969589447,0.10190508924851292,0.1014425035688596,0.10161505416946999,0.10294869715589197,0.10334396635125946,0.10310631096087854,0.10327374480838554,0.10346016201894224,0.10315348951539442,0.10339882330535327,0.10430496805215693,0.10459177357483346,0.10455971965312995,0.10481326696940303,0.10517420506481992,0.10523387627246389,0.1051394737708179,0.10532640985887558,0.10520898084967836,0.10549139991535796,0.10655548230024019,0.10707541773181058,0.10741824716190404,0.10773945023962858,0.10787470611271878,0.10793197330179788,0.10787481367599584,0.10756557755031113,0.10784060566728314,0.10833120664124114,0.10858199723657157,0.1090415512575599,0.10955356552092511,0.11002748829749671,0.11025281724890876,0.11050648751728172,0.11085621857325628,0.11079740216042265,0.11097615045881888,0.11144235785764736,0.1121822216084885,0.11201350970175292,0.11225322704636902,0.11293769579493589,0.11408588723557007,0.11439377611977673,0.11493014091403114,0.11516249883006327,0.11439388654367694,0.11429690657649405,0.11470987491689064,0.11485150141942083,0.1148530083935451,0.11496188748151315,0.11520556667921966,0.115316962981301,0.11516773797754308,0.1152931452294086,0.11536045157857733,0.11583379533119648,0.11631402626508962,0.11744781653271714,0.11728014764174448,0.11615445314093523,0.11631996572617576,0.11630015145511223,0.11651769367130922,0.1179207073458838,0.11869605542878345,0.11896756322619528,0.11926290435323267,0.11950468232510084,0.12003989168778251,0.12095742837629034,0.12112941636098042,0.12123162210990175,0.12099054572467266,0.12109494132622606,0.12096971432138931,0.12104797491946695,0.12201549883943297,0.12219612486816779,0.12160280061159597,0.12160560909842988,0.12196312638035012,0.12199442193053689,0.12187699585965259,0.12189652282908173,0.12181593603422886,0.12192428905464281,0.12185751305683606,0.12234827037044248,0.12404191517568865,0.12442315157879075,0.1239474441744927,0.12424548814914926,0.12428576951745249,0.12411410114762154,0.12403318423125581,0.12485998477140141,0.12485192887113354,0.1236931515174615,0.12375995097841351,0.12477600182102169,0.12489779491825873,0.12486345174961755,0.1248461000459484,0.12435420150970139,0.1241391006497826,0.12417994865243799,0.12424521859767095,0.12414843226182797,0.12435727218759715,0.12488052326686408,0.12528213264762036,0.12592944360381572,0.12636292224765758,0.12636928699018724,0.1270252943100544,0.12724810526611605,0.12732656748711849,0.12739596587381075,0.12727147810432587,0.12743344282361527,0.1279069877579008,0.12783828807688036,0.1275829641159519,0.1274443199888866,0.12707215719800405,0.1266017006835462,0.12566363826608376,0.12587514253583892,0.12689198776144542,0.1271653336727446,0.12796742251707147,0.1284499190336147,0.1281782518235108,0.12788756438966528,0.1272386492101523,0.12753357576494728,0.12863968571377574,0.12880604047703106,0.12885726401544742,0.12878656858692064,0.12909485333934406,0.12862517189714606,0.12851288362311905,0.12976464454735276,0.12931602721610522,0.12693127693753192,0.12648090400075754,0.12666618626773132,0.1265562184326332,0.127233621638359,0.12735640561810888,0.12700350588231651,0.12656721853124014,0.1258912544254951,0.1257019779147656,0.12557542165397764,0.12522616782051313,0.12510041669443878,0.12507612792450862,0.12500107250254244,0.12472200337075351,0.12470669335826524,0.12436086447810527,0.12382074827711467,0.12339250098210319,0.12343668407045129,0.12292831837875033,0.12240312956607857,0.12123220892530853,0.12099717153733748,0.12160222434341203,0.12104378246290741,0.1198788753308671,0.11981055513866623,0.11983104114863795,0.11930867003860843,0.11913375553081408,0.1194651129104053,0.11979356361238044,0.11915229041790289,0.11890780065813213,0.11860800806580282,0.11668109431447297,0.11565354263271738,0.11572192268610736,0.11552625976483923,0.11543819576475962,0.11481583885818063,0.11386766186975085,0.11339085979987211,0.11291307893564997,0.11185074497246475,0.11091865962916184,0.11096299440790687,0.11093817890014342,0.11057238766045313,0.11044126965557201,0.11124085497271655,0.11159396722291516,0.11094008093537079,0.11067146336216668,0.11091420246435352,0.11032685764125619,0.10888075927891176,0.10826499383411708,0.10760821917086565,0.10714517946671938,0.10720532600975398,0.10702756918591849,0.10676064843665718,0.1065674142756389,0.10657594795570106,0.10630273271281845,0.1059252070497656,0.10527169692552503,0.104069814002807,0.10359748275502827,0.10333877029679536,0.1031551808253355,0.10331456510199352,0.10350695823384078,0.10412783585975106,0.10404369101593053,0.10374897827720898,0.103331811810091,0.10153324129056072,0.10111746393165667,0.10176831186336215,0.10275769550411332,0.10240744389534003,0.10149228348102304,0.10060551786182748,0.09973576399839873,0.09934307943242927,0.09967965326690169,0.10099653338437518,0.1002069653111666,0.09854400904723107,0.09878838108760087,0.09735328247200693,0.09604304882980427,0.09691528987754772,0.09712424032012199,0.09738139072119897,0.09768755636981788,0.09808087007713012,0.09896538978142004,0.09856035246290007,0.09726625576380876,0.09673454086645289,0.09578132547714327,0.09457639161481836,0.09364141522560313,0.09345070360440537,0.09265141087261052,0.09267714984747326,0.09438957265797843,0.09511413204616329,0.0956616613580177,0.09547928662930398,0.09533063471309965,0.09459060301468872,0.09166873782971524,0.09076403182914411,0.09069531722278532,0.09104558104514301,0.09342276796547386,0.09398405741900585,0.09389464491076288,0.09350524612378514,0.09192403582545876,0.09071225780984264,0.08901264365397135,0.08845193033462864,0.08805473807321004,0.08847256727875455,0.09137300253306127,0.0919431196651053,0.09094311465101054,0.09080228465788609,0.08961057033563029,0.0900071853956222,0.09176087249065751,0.09135777989340031,0.08910807712800717,0.08871583712817836,0.08992070162912283,0.09015672079618711,0.09031399646534045,0.09070437468040846,0.0896550903252291,0.0885642523532927,0.08925643934120098,0.08877654408224175,0.08610774605935095,0.08470957432375703,0.08468834819716778,0.08499755867213996,0.08519024201484267,0.08408749310747374,0.08370448214015973,0.08413454527982307,0.08318419838839332,0.08415672706453861,0.0852591608096108,0.08297788520512712,0.08210579890945041,0.08289864721193624,0.08342190165137006,0.08355133459099777,0.0821906228719029,0.08094815753809544,0.0805615266758798,0.07987205148735069,0.0808612464767881,0.08274070766791104,0.08188718860353521,0.08134062365127318,0.081830796455343,0.08086846874942674,0.08071193319623073,0.08129449358051638,0.08068874955047547,0.07880784123674871,0.0784807532960883,0.07933286793330062,0.07831252101540448,0.08005125973514356,0.08159694956801578,0.08019616096226062,0.0816223026551185,0.08140300483778043,0.07897276121342939,0.0772861562696049,0.07501255499597591,0.07603515165452573,0.0796498679200388,0.08056930384937308,0.07797226807085617,0.07517193198204801,0.0746331444331489,0.0747548923235777,0.0756947115036753,0.07692801677197794,0.07605265371431615,0.0752235029588463,0.07591995242603702,0.07595246439014793,0.07550680325909236,0.07495083069551561,0.07359666314910468,0.07235591865792555,0.07166706232672677,0.07294364492911964,0.07413372958752669,0.07395793887303619,0.07515806003027141,0.07425633208378292,0.07175049716954239,0.07320742437166204,0.07519609522835809,0.07344900958865859,0.07386581033829398,0.0768368955190925,0.075297160057169,0.07175716121951971,0.07049517395263076,0.0707614137056091,0.07024837887472866,0.07226531904465064,0.0752999255114825,0.0743680464954799,0.07726432032010777,0.0787056375519472,0.0737663115276761,0.07399607365307088,0.07370717170632929,0.0674267301478827,0.06711922302339367,0.06826396412936488,0.06309111416728733,0.06724830599079899,0.0770371374958911,0.07578609348291902,0.07193485134683628,0.07045859748612038,0.06753723861385974,0.06458362566743668,0.06568881761507706,0.07013433598602917,0.06756530969463673,0.0638271089586347,0.06281311965735216,0.062415327271320604,0.06460625043998323,0.06595124265712349,0.06771036878671449,0.07032142222780019,0.07305838178259172,0.07049749180473722,0.06446142631049492,0.0662784425916774,0.069722961703363,0.0690076753393446,0.07315637828799929,0.07423544225322765,0.0659019176362442,0.06807172988872832,0.07223860145417198,0.07593639156632746,0.07455907512603446,0.06824957613645824,0.06223116096376489,0.05739365459126585,0.05813786381502521,0.06463603623370545,0.06905516049848108,0.07095205106723264,0.06922783788494873,0.06260912528280362,0.060151500691931974,0.060033803548471626,0.05947786819263768,0.06732249285147722,0.071922673140612,0.060212216195252494,0.05370166024358819,0.056243790595546
33_2_PETCA_1_T_1_00000,0.0945178269943209,0.03264468273711709,0.052803153398924614,0.05309877484935124,0.02049741672037764,0.06512813371034545,0.10748876391112588,0.11723563815800761,0.08101917784228437,0.0810341594509508,0.09180100614049738,0.08010054462866817,0.05133330402301688,0.05814155905968153,0.10346035347101906,0.10194308836707942,0.08793172125514193,0.08119127375916234,0.09893160456839477,0.08594331616235308,0.06411791099114021,0.06606389317691995,0.07670443043608197,0.07754738381416089,0.06489464295194304,0.06749437753714338,0.06629852640212419,0.06465243485544372,0.085873138279846,0.07852622018405273,0.06223046902828328,0.07299633813023026,0.06855966144987292,0.0696637640780709,0.08589874904735753,0.07035187371002567,0.0732501138575648,0.09569873279625364,0.07719654256428453,0.07558201278993097,0.08497882026165011,0.07538770294684749,0.07183196456375364,0.06963442387771811,0.06434617980294662,0.0749792101399581,0.07818764054121467,0.06877475393552433,0.07228956989883839,0.07545299200766677,0.0772910760356774,0.08286510916438249,0.06896111316219473,0.05695264134507132,0.06996583918958724,0.07327264757876602,0.06883068347636373,0.06328265818668338,0.06773540346431221,0.06983916416710836,0.06718684019482879,0.0659494001680257,0.06450843101365539,0.06403939070781245,0.06607082621815352,0.06695584301154434,0.06648919537402552,0.06560108784727257,0.06761586937161106,0.06700115066498287,0.06344198816977004,0.06503575787484657,0.06692490090243786,0.06767984700969318,0.06733105861344581,0.06836962506137002,0.06948324022696395,0.06890190011508449,0.0680287301670402,0.06716698256966945,0.06686055191705362,0.0692792876709994,0.06843288553585543,0.06519554558203265,0.06785168484906744,0.06842396647332198,0.06685225782804616,0.06598839654492636,0.06690355362782821,0.06728607594697258,0.06561406112859836,0.0659153269334096,0.06751564876147706,0.06923509885930745,0.06915637951577762,0.0686142030905431,0.06822304410990246,0.0682661793902839,0.06683618669340236,0.06544441730355728,0.06637382385294914,0.0693560708017109,0.07060398680417034,0.06878481863589257,0.07107410886356845,0.07233118875311838,0.0714367466804351,0.07278830440685966,0.07268024095776156,0.0717595310085198,0.07259869032035714,0.07208039716476888,0.07190584403370497,0.07374382804292076,0.07331560713505632,0.07293501828640793,0.07374992139364651,0.07329797020110865,0.07216666309450492,0.07165249870436266,0.0741727515762858,0.0737943316250978,0.07245755851541742,0.07451827387759359,0.07469651538458816,0.07458167834849978,0.0757566923604761,0.07550425590274948,0.07456695225047683,0.07368864668751945,0.07334589727458427,0.07475532029368598,0.07648861560875156,0.07514852971916837,0.0757183181627063,0.07689100900478722,0.07607327868072172,0.07577284987710381,0.07564773767347482,0.0754870535759648,0.07665205428322192,0.07745165348299997,0.07741753460641929,0.07773934649017264,0.07753351681088555,0.0770553354210456,0.07708093707050574,0.07668649789803944,0.07689653003713064,0.07846534910152937,0.07807536830889561,0.07775875101514963,0.0786647438093723,0.07883034151156781,0.07936113620968117,0.08051186776883562,0.08183771055264932,0.08174478084572129,0.0815729933273986,0.08370410440400532,0.08509716044577724,0.08599488566640362,0.08714098959368966,0.08872946740803854,0.09022437259984918,0.09149527932022508,0.09330032322651936,0.0950005981501972,0.09667087574005098,0.09894678026657969,0.10137271218561734,0.10369701417104064,0.10573132772734865,0.10759236812548657,0.10949653006031682,0.11161968973658384,0.11405175352133849,0.11639867452128289,0.11842836717411838,0.1201548516104757,0.12176863058944787,0.12338315535382888,0.12506538083106633,0.12618937797211233,0.1268847737719182,0.12756400818244243,0.12889776657941435,0.1303596864782019,0.13134962585194565,0.13128198244331765,0.13165083179808268,0.1328418572257657,0.1337646053047764,0.13441632718306742,0.13478963600761285,0.1349527654147826,0.13530637166982648,0.1357946843460721,0.136240555044097,0.13653109665008675,0.1369137225141091,0.13752784044142552,0.13831786990930756,0.13822605880262323,0.13737752842135081,0.1373425135947081,0.13731022717879904,0.13681490399280205,0.13555338462970504,0.13515912927485113,0.13502724273575223,0.13421519705399507,0.1326197914556782,0.13121024196840803,0.13039053871520123,0.12918789506318493,0.12795010807200252,0.126794287343598,0.12568501710679553,0.12432896051894843,0.1228089742668979,0.12136118506910307,0.1198611976897602,0.1183844051071732,0.1170529348083205,0.11613821234034089,0.11483467864386226,0.11304318627381431,0.11210387361428886,0.11129258947335154,0.1104008261604593,0.10952066177857125,0.10836292852590249,0.10739113710435767,0.10713074955763972,0.10622222947368244,0.10532700005746885,0.10499947188297439,0.1045141842818353,0.10394058961608632,0.10334837675775857,0.1027732880586255,0.10238804710782085,0.10199403294290049,0.10117096686261456,0.1007911549855256,0.10066019913845341,0.10039419278583088,0.10042112929115343,0.10032957383804329,0.09987815642921108,0.09950314114933775,0.09892919927205776,0.09820818369001781,0.09782581562755784,0.09734804757749349,0.09682513441516909,0.09649536510575797,0.09575289029714405,0.09492246056838803,0.0944334314014618,0.09410777694561989,0.09393252717366209,0.09375658246929096,0.09304455923571588,0.09218227674468861,0.09134481474065105,0.09053965027278454,0.08972655434592235,0.08903994316611721,0.08864294245968803,0.08826412921683396,0.08824473547900988,0.0886866540398447,0.08850771688583729,0.08813668415729183,0.08782926514248518,0.0874784611776336,0.08733721232188162,0.08736346924048925,0.08731733126682713,0.08735257594437196,0.08750250501431353,0.08771203213008757,0.08756160127999758,0.08723967380605432,0.08693078115765969,0.08663915287706486,0.08619738581186781,0.08561478705552222,0.08509334373715836,0.08482436144955781,0.08448662941426822,0.08356505546820166,0.08277074910547078,0.0820610372732636,0.08132881785538633,0.08090962441279158,0.08033312981643098,0.07948778113584967,0.07903569003632048,0.07869277631446332,0.07831926080178887,0.07783837337843344,0.07748394019839352,0.0771276825575704,0.07657160845543924,0.07611880032127107,0.07571921642353889,0.07525223984140088,0.074470351833525,0.07392780085354886,0.07364771074895222,0.07286948726030523,0.0723661450695325,0.07218026616723844,0.07200347421026569,0.0715232631417035,0.07111778445386102,0.07112652589625298,0.07083235500847075,0.07055785049500775,0.07055544307458998,0.07088032441829842,0.07102695176374449,0.07094344618291137,0.0709453942150584,0.0709218672214953,0.07092392738409356,0.07104320985103642,0.07132215390210779,0.07167455426402358,0.072038091065341,0.07245522145275647,0.07302156966370064,0.07376812954658829,0.07462378097113705,0.07579435581228133,0.07718176796675286,0.07857609804131194,0.08062682347517422,0.0831009330484256,0.08575474088413203,0.08920575111935333,0.09307443775261262,0.09724195726125574,0.10218792699418158,0.1077183009185773,0.11360877841540454,0.11957752044329158,0.12592043053636073,0.1325836872905307,0.1394460462541115,0.1464928463746759,0.15357624689056082,0.1606794596664763,0.1681577642795625,0.17560215426478992,0.1828929046376665,0.19017871173478113,0.19743082185640948,0.20479368795949518,0.21239681268388796,0.21968506650117983,0.22667987793878863,0.23359418547629857,0.2410329707494598,0.24829126688728914,0.25505467777709967,0.26155371167009556,0.2680765521131464,0.27446710603447344,0.28039421282070515,0.28650237525835387,0.2924678880682868,0.2979328500702522,0.3031782099557279,0.30819939206939617,0.3129682339275796,0.3173874220946235,0.3214685544129579,0.3253318779792112,0.32915565319106244,0.3327363809406341,0.3359572975769766,0.3388099832470155,0.34179567662787547,0.3446842664915217,0.34724818721437073,0.3493325995532883,0.35132895366582884,0.35328491917610655,0.355006292134729,0.3566357561556128,0.3582038037121058,0.35969843145237496,0.361024997807913,0.36228100436835975,0.3634352382276882,0.3640487001992331,0.3647629046103128,0.3655919396648304,0.36602074170219545,0.36679997352634636,0.36773316100750775,0.36836387857409847,0.36868400125992973,0.3689359995989297,0.36927344134310375,0.36955228617946123,0.36995859298673855,0.37039406447211687,0.37049054132638104,0.37054520675129077,0.37058703203297694,0.37060684870383764,0.3709117535269249,0.37128578573044424,0.37150050509232785,0.3713915740128687,0.37137269119225536,0.37152003405119144,0.37160502901196096,0.37162733771783907,0.37158192101578374,0.37148718239380635,0.3714683448407003,0.3713508444368043,0.3711628932708848,0.3716019376391341,0.37171303139848577,0.3714564803907747,0.37158091436576357,0.37154657566889066,0.37143136621901485,0.37145589035124404,0.37158791085555765,0.37159653468387205,0.3714634806073989,0.3717432236323122,0.37184245409937183,0.3716517713400752,0.3714179097729681,0.3714690784830269,0.371660489340148,0.37172497736608234,0.3715797913203847,0.3714706548310593,0.3715085784782286,0.3715168098883785,0.3713872061554186,0.3712540188762192,0.37139879566974904,0.3713162287346882,0.3711792759999006,0.37120732805249657,0.371090589137162,0.3710984766611378,0.37127808578422483,0.3712827820437443,0.371317627657473,0.37133526310765574,0.3711877593055943,0.3709039944589357,0.37071767684070306,0.3707819453014294,0.3709120941900313,0.370882601695389,0.3706954206972748,0.3706204578928183,0.37052874358029725,0.37043498705401606,0.3703937276887718,0.3704004594345631,0.3705185680024749,0.3707274909075498,0.37080551925234356,0.37072376619511,0.3705163853705547,0.37028728217285833,0.3704320740655079,0.37048849580744225,0.37001074928549976,0.3697319951900653,0.36976304688999695,0.37000003958733696,0.3700680939162949,0.36970391015719495,0.36938258104586535,0.36986024245461435,0.37022149626428735,0.37019617127023396,0.3698313402573227,0.3697565146962406,0.36983351283497223,0.36990234185221826,0.36976654700020434,0.3697272848689491,0.3697988175075493,0.36987351776692945,0.3696634691665893,0.3694952478638954,0.36951458392205544,0.3694530354746206,0.36953678482711844,0.36969822326403,0.36973185086645827,0.3696541639900517,0.36950591461674825,0.36941395785336567,0.3698206373360946,0.369867611000449,0.3695216189145088,0.36952387723379065,0.3695666759881453,0.3695661641261021,0.36950722348283394,0.3694988314556361,0.36944635251175434,0.36931408713096997,0.36914873706857615,0.36932656979787415,0.3695285775692685,0.369236456600834,0.36928696907543934,0.36942613581873035,0.36941320156972196,0.3693636017429695,0.3694375033902496,0.3696042269699908,0.36968680710822394,0.3695577609789316,0.3693309918728825,0.3691763966094938,0.3692627411327843,0.3692728973099213,0.3692070803788228,0.3694188817697192,0.3692376489439331,0.36889177959660335,0.3687821345373782,0.36863699391341,0.36867145607749724,0.36890345762715276,0.3690163022801158,0.36898277504180915,0.36881960280004794,0.36860687821742294,0.3686054055315585,0.36848984538377216,0.3681770516363734,0.36824222869700834,0.3683450928197373,0.3682604027018588,0.36786726789786595,0.36781808840594965,0.3679403671781522,0.3680232654209519,0.3681445008189259,0.36810641363126295,0.3678010109202532,0.36724261282656717,0.3673855843988795,0.36772042869564403,0.3676171087959153,0.36695905034843546,0.36686737098870276,0.3673905508167504,0.3676198878381332,0.36711670392249657,0.3667201282154109,0.36709631621680167,0.36703279464717564,0.3666509041885745,0.366350081275962,0.366777545592455,0.3666558245769506,0.36618384714041957,0.3658606768652742,0.36566724817493923,0.3654893990981398,0.36538977039284326,0.36562932178226437,0.36549047019830283,0.3651949669452448,0.36510065302526507,0.3648609376754426,0.36476282696072565,0.3647191040302533,0.36419167758971976,0.36418106553901003,0.36414165582553326,0.36350957103542586,0.363795281741262,0.36367724113617134,0.3629327593621096,0.36268629990422346,0.3624630863008723,0.362009008840106,0.36131059794658404,0.3611814489825029,0.3612873153720648,0.3612309396587969,0.3605996686084871,0.3599915712906954,0.35930818831117456,0.3584933925810882,0.35840326789287924,0.35817055715514956,0.3577815163502849,0.35800449867057765,0.35732796515267023,0.35652855662688354,0.3564377325925337,0.35624924410833414,0.35614360475447066,0.35636463203147756,0.357100656448273,0.3567058081509671,0.3559867655894269,0.35582135297203643,0.3559933440343632,0.3557575335409594,0.3553159647379099,0.35539902928382155,0.35537279237533237,0.35562866008250826,0.35607136993491934,0.35506205490947307,0.355100618853574,0.3557990788551954,0.355675640616328,0.35555852533973886,0.35573155607130635,0.35594603344695547,0.3551416231241662,0.355276230517461,0.35577227128736416,0.3555199695542728,0.35523279048830314,0.355895666571611,0.356741336655806,0.3552553053464956,0.35542697185239064,0.35644075160043015,0.35669986392799546,0.35580394693346934,0.35640657055659375,0.3573156593944947,0.35524107581232944,0.3556258775384006,0.3499511895228937,0.3502819070678597,0.35064966136463444,0.3507203398749279,0.35060066325171263,0.35040048214472214,0.3505997498846803,0.35018145713739673,0.3504859119702945,0.35126071409207543,0.35136992291024083,0.35200401403443093,0.35265970761347015,0.3526299271762258,0.3530207341921766,0.3530203783335292,0.35284210467802984,0.3520272596518681,0.35255323069367633,0.35289524876463574,0.3525937077427548,0.3533155216222258,0.3538921813219003,0.35364568921054446,0.3542363583290274,0.3551442401435952,0.35482320536352424,0.3549214900888298,0.35524887604039507,0.3551891613517393,0.35471867457202794,0.35464214623818674,0.35453795321581993,0.35455857416963427,0.3547868064625371,0.3548669796083979,0.35496026188768903,0.3547407991538599,0.35450704327050614,0.3547345279191334,0.35492565026357253,0.35512139766375617,0.3555011605440199,0.35535754975568173,0.35499225724931804,0.35477236262900047,0.35444151265204304,0.354179032963333,0.35468569027202174,0.3548178584662802,0.35493628623705326,0.3552793746199305,0.35511909245835593,0.3557999134120818,0.35655246620550807,0.35650745659326755,0.3562252556791568,0.35565432413060993,0.3551248658562692,0.3551613246249805,0.35523536995264327,0.35565354311133035,0.35568071830355086,0.35563158691071733,0.35565894524426256,0.3553969975715542,0.3552891359890997,0.3557836520519745,0.3558218041000922,0.3553932905894042,0.3555663825215172,0.35562463292410207,0.3553428674975662,0.35567124086875235,0.3561121866193998,0.3562538298279193,0.35604858528897887,0.3563141694763114,0.35661508080263377,0.3562619196080652,0.3559759306826537,0.35577327305522005,0.35550524204288175,0.35537311974699365,0.3554382414276254,0.3557923688929326,0.35605354818296286,0.3561077576784895,0.35607961771203317,0.35587868993559657,0.35576786822058104,0.35560990306848783,0.35550469512320915,0.3555339113630891,0.35534498052841074,0.3552770600601507,0.35518891084872123,0.35500265286109767,0.35525044716605036,0.35531723817126803,0.35509556285153604,0.35553034039877324,0.35553195184783415,0.35502595235642725,0.35513084405409995,0.3550372822396867,0.3545850300336667,0.35438811059897984,0.3544957676694098,0.3542491214218299,0.3541832684854335,0.354441049826373,0.3544989368230035,0.3547398275372494,0.3544063221798999,0.35374446510249874,0.3534934605309215,0.35300692305059017,0.35290277519286734,0.353175399986223,0.35314106524434175,0.35318522180839085,0.35293636663871814,0.3522265511555845,0.3520082119051172,0.35195934585976346,0.3516733277468959,0.3517220038670429,0.3516128426922546,0.3508351162985954,0.35046501384783946,0.35030087662610987,0.3495550846071642,0.3484950087142546,0.3477080752656152,0.3472326614499011,0.3465335638242045,0.34577132736800087,0.3454402955666365,0.3446338947261158,0.3430825153595469,0.34218150510241163,0.3416453894617894,0.340790318680441,0.34007908529763003,0.3395897761252855,0.3385731546131495,0.3375346660977156,0.33676819444158623,0.33567175987936715,0.3347562350783733,0.334387235363204,0.3341519558920859,0.3337247786579854,0.33306766628295004,0.3322132834888464,0.3316823955608969,0.3309893341679777,0.3304647985636692,0.33035387583780984,0.32998711968933575,0.32924887348608906,0.32894586331012793,0.32904403664865106,0.32916056983966513,0.32912352368434533,0.32880686327525843,0.3283180570091383,0.32809859799053803,0.32829704380290736,0.32846132699067154,0.32826565081930803,0.3277019435950048,0.3275502589714326,0.32730490499041465,0.32711039285882626,0.3274101491097659,0.3273433299111086,0.3269141442726197,0.3265833873062824,0.3267599064127676,0.32651478182875,0.32622093085065335,0.3264593803270423,0.32628208950649673,0.3258870666841967,0.3260402965436714,0.32603945376464344,0.3258943244413555,0.32571593508522234,0.325679261823582,0.3254756845886433,0.32539935538324977,0.3257528452712745,0.3256351133390032,0.3248522909827243,0.32479024871256135,0.32495835758192093,0.32519526187146613,0.32537660563977383,0.3256265885090831,0.32550117991831073,0.3250173671579928,0.32497497966047195,0.3253109162842584,0.32558939146549837,0.3257109144431373,0.3257558877467305,0.32566903586083046,0.3258059665494328,0.32591635464862717,0.32604760371399394,0.32637656781444396,0.3265730499990144,0.32660223320668497,0.3267930620780308,0.32723276762289055,0.32740320097926773,0.3274898817922289,0.3274271109899286,0.32737248004440206,0.3274795691856208,0.32770177575655235,0.3279359789658694,0.32820309938659664,0.3283523799923345,0.328452615447229,0.32844025388963766,0.3286456970007079,0.32898357864097855,0.32903960039013846,0.3289744758747592,0.32913043160394573,0.32921448755185506,0.3292742670468545,0.32964991328171994,0.3298152463936517,0.32967047102205044,0.32960885080302876,0.32990869307393056,0.3300630146589171,0.330118473906194,0.3302715720722433,0.3304385057621778,0.330420924925907,0.330519350587501,0.3307895146128838,0.33090371315449096,0.33094528842202664,0.33091965591821443,0.33072141493062,0.3307468889606904,0.33080347822329537,0.3309147296375809,0.33137310713038565,0.3314388638767763,0.3311257764226992,0.3311174942161873,0.3311821084390588,0.3311433018482545,0.3312463193178637,0.33123649326756044,0.33120317250638814,0.3310509664568784,0.3309598077869433,0.3312101338743634,0.33118879782906635,0.3309635079212294,0.33091479930472656,0.33095926529034186,0.3309076307181258,0.330902351917728,0.33082370527611615,0.3305496910817017,0.3304462065004859,0.33047708595196035,0.33042579902621405,0.33046001724396323,0.3303712602737301,0.33008898222633465,0.32991508839305234,0.3297616769958357,0.32961512146766914,0.32946993204813446,0.32947537705075564,0.3293572537166514,0.3289760048841109,0.32877340814142064,0.32857766794893417,0.32830787070902495,0.32803149871713105,0.32783377332179764,0.3276044250978777,0.3273368305275683,0.32714673783585274,0.3269480953599721,0.32668647751108904,0.326377766481013,0.3261241482407048,0.32581492252272903,0.3253776371303819,0.32497111428509085,0.3246231967661879,0.32420434910550433,0.32369202414856374,0.32321968615365293,0.32281182049715573,0.32221496793945664,0.32181043020498096,0.3216239635000358,0.32104592291989653,0.3203502734407084,0.3197319166297885,0.3189237363506689,0.3181621326322495,0.3174870207599158,0.31686693780152003,0.3162471369243171,0.315476500978846,0.31469848658135446,0.31403626691610037,0.3133591509864595,0.31248718669162806,0.3116755511674501,0.3108732299969706,0.3097942720985392,0.30883934761181964,0.3081427441508438,0.3072898348290884,0.3062107233756279,0.30529499123031695,0.30448688419540326,0.30365972309044803,0.30276273219156674,0.30206974122638536,0.3011269079232279,0.3000066802853606,0.29906802331391374,0.2981559262106032,0.29719821860258716,0.2963209798753319,0.29538490430057623,0.2942600493900382,0.29336790319227896,0.29265376157657996,0.29184994741706116,0.29113425136844817,0.29030485876932904,0.2893264252265996,0.2884739257346451,0.2876710552501715,0.28683752412130825,0.2860291972112401,0.2852306508400642,0.28440624524424973,0.2835808818755985,0.2828675869731844,0.2820331976254764,0.2811294753638679,0.28017135013147487,0.279187682645598,0.27812585325363837,0.27710915514314577,0.2761214132944597,0.2750333077685907,0.2739516411379175,0.27274536826143736,0.27149096750049917,0.2700873117245172,0.26857083472053145,0.26701509660113665,0.26537140643763557,0.26362902695933044,0.26190683483819716,0.25993069738271285,0.25775235188300905,0.2554990401083836,0.25320233298969125,0.2505849000565941,0.24775513841095906,0.24478876576778447,0.2415788325947568,0.23822347120213344,0.23462733763296226,0.2311043069019206,0.22773152400416277,0.22388546586612695,0.2195981606840311,0.215593369012372,0.21146656551836623,0.20719813240197396,0.20294934997715927,0.19891573966430143,0.19481953943789504,0.19047059833716123,0.18625120416238058,0.18214910844166304,0.17822921562487992,0.17423219538807036,0.17042418346539812,0.16692416104109858,0.16344062578054805,0.15987336624273352,0.15655502784278144,0.1534142711464127,0.1505087915425038,0.14775510102959025,0.1451476892656866,0.1428298392542452,0.14056295123752907,0.13832809654099779,0.13628830767219102,0.13445327600039536,0.13269283174170604,0.1310362624182272,0.1295102919489956,0.12814672252405537,0.12681548179387653,0.12555143496449495,0.12441052860330412,0.1233757947300967,0.12237789251466719,0.12141928332436906,0.12066686962800327,0.11986663197284829,0.11907125214629372,0.1183602394433301,0.11772026829259784,0.11712599649955262,0.11658297842655162,0.11607540665634224,0.1156095253334887,0.1152211018296592,0.1149064184957551,0.11457838405993204,0.11431843394742167,0.1140417423448534,0.11369064934836774,0.1134974498049029,0.11343362276708778,0.11330540147108557,0.11324716111860371,0.11314653521914954,0.11297217781391786,0.1128583914138818,0.11272887436598023,0.11270680441952713,0.11282401918374334,0.11282230678063505,0.11276380033102372,0.11282951870462297,0.11293543429669556,0.11297311082982049,0.1130801101442881,0.11318710143611609,0.11314608011508306,0.11321562532465942,0.11339570074597237,0.11360262242475043,0.11393576785560158,0.11414240322679925,0.11420990237998274,0.11443316019085994,0.11474184381647205,0.11501979177950498,0.11538841144185166,0.11597056214122338,0.1164173855093364,0.11678486849575062,0.11720207040221114,0.11761488295242714,0.11816970088617855,0.1187923556417044,0.11935871465658673,0.11999381050589983,0.12067167380367333,0.12135059204807996,0.12195079616186356,0.12255851895332487,0.12326909352614362,0.123932284945805,0.12460612287869904,0.1254145248184179,0.12620277911571223,0.1268903534642949,0.12764574634244236,0.12854517656932143,0.12936474641846854,0.1301202237512516,0.13088198275970309,0.13160542791593793,0.13242701080007158,0.1332474721055932,0.13412944868715024,0.1352273631576799,0.1361237939165711,0.13687434773400683,0.1377256167105495,0.13853987444037008,0.13935958609137977,0.1402279278141482,0.1411249028926147,0.14202429852011958,0.14289778248712465,0.14380901963161896,0.1447210709379632,0.14556743933388513,0.14645383711195312,0.1474830640098561,0.14836878694494635,0.14907616106297342,0.14992143172920408,0.15084943269566198,0.15165516761912803,0.15244148406863978,0.1532562983639411,0.15417148585292428,0.15501078969956936,0.15593554968113027,0.15712787814037765,0.1579342159110433,0.1584435894249991,0.15931294193910628,0.16024259376991992,0.16108100125999922,0.16207310045537276,0.1629371347325466,0.16360893095684903,0.1644001016345322,0.1652979785575863,0.1661139137725858,0.16686035346141037,0.16763217712076764,0.16844170230023567,0.16919444291491756,0.1698965093368187,0.17061542667905372,0.17127794310717778,0.17205185205450912,0.17293013583645347,0.17367545385957603,0.17441761342818674,0.17515785199698686,0.175816666623963,0.17648174959469415,0.17717864238369396,0.17787182444273592,0.17851183214320124,0.17916897983093702,0.17984594469967422,0.18055737278684594,0.181308252198794,0.1819694562048013,0.18259104900155604,0.18329176488546464,0.18400962939624496,0.18462850583676274,0.18520613418778772,0.18591340427567693,0.18662199522509,0.18726425172980274,0.18802525214818838,0.1887253816129186,0.1891980123218736,0.18986238677004877,0.1908441209711012,0.19148037991342778,0.19184517612857024,0.19245533685803912,0.19307980065513491,0.19360228081578962,0.1941993295543093,0.19484982358124892,0.19540072023677552,0.1959416670849927,0.19660846075294156,0.19725619241245723,0.19774947905198378,0.19834022504222054,0.19921311085679327,0.19979197377275812,0.19997675286211383,0.20056331333544802,0.20141808770335712,0.2019609207709241,0.2025416343907964,0.20315530175208715,0.20346272487599773,0.2039057909150451,0.20461050300591413,0.2052161423347356,0.205704654036074,0.2062350309022967,0.2068272623065013,0.20739868448897722,0.20792891909546965,0.20847263528729137,0.20902314599511443,0.20959454773219716,0.2102874605039354,0.2107891930244285,0.2110620305764878,0.21154800008105476,0.21209703530066965,0.2125459733016289,0.21310944619428285,0.21363737701703553,0.21391703483972663,0.21436254388364037,0.21505908866077875,0.21559561154522344,0.21603543348203053,0.216567386271822,0.21714570152818058,0.2175988147294721,0.21801652445985106,0.21848134283716156,0.21882862947834744,0.2192208288879088,0.21970995907893062,0.2202164786051832,0.22073527289515124,0.221206392233913,0.22181487251596252,0.22222207415519207,0.2222792475002978,0.22262122039327714,0.22307162067986913,0.2234625594170105,0.22405203606753887,0.22451939770708934,0.22481364333180937,0.22514326491706008,0.22545294352754985,0.22581975896774276,0.226311598945716,0.22660967952672317,0.22667374346863983,0.22699324547294794,0.22751653121655582,0.22774172082390426,0.22779676597456303,0.22813918535738098,0.2284847741712511,0.2286992830372277,0.2292284517759301,0.22955579000612783,0.2293206773482175,0.22948480132128496,0.23007921004390594,0.23035338162915575,0.2305501060398943,0.230779778785242,0.23081137758419845,0.23095686508988167,0.23130176934853278,0.2314998851455915,0.23158275199669479,0.23169399992469353,0.23182773445022084,0.23191410253584466,0.23190051835837597,0.23195252394394344,0.23206825489556707,0.23208217935706082,0.23204442982349643,0.23211296903880127,0.23223009632475874,0.23216143113561896,0.23200289008460243,0.2320229233571751,0.2320353634271414,0.2319290728435231,0.23192398823216467,0.23189145274674888,0.23165248435365085,0.23149999787359812,0.23154495870307784,0.2314846638791772,0.2313116064927783,0.23109221145477207,0.2308815415057833,0.23063724466029648,0.23022329156192392,0.22994699220545514,0.22984443578680902,0.22951163503885863,0.22903452286894008,0.22878093660089563,0.22847011484195387,0.2281926700906831,0.22816765927385846,0.22797094638961538,0.22762095919564485,0.2273538014826246,0.22713026173053938,0.2267898744572623,0.22638481878692568,0.22609221937826635,0.22573177983295067,0.22546976335597854,0.22542298986074014,0.22508646824753384,0.22461948318804517,0.22429466203541784,0.22386069931646937,0.2234832235384997,0.22323722103935592,0.22297132007812526,0.22262892639551102,0.22241064857661835,0.22234507538889206,0.22214694079056654,0.22187638932206846,0.22159269494746645,0.2213533556153158,0.22096039497836167,0.22060962283029298,0.2204353460916399,0.21989339015070733,0.2193428724971294,0.2191298792700462,0.21875555998988905,0.21826306947962956,0.21806006173002052,0.21774161065175227,0.21714803449643622,0.21683584252268281,0.21652313488040056,0.21589210048502555,0.21547617141992803,0.2151263770417251,0.2145071863457443,0.21413284134866997,0.21394363553568677,0.21353254585793094,0.2133132918291594,0.21307551183070642,0.2123890508521846,0.21197597441113084,0.21154447258431736,0.21112876844599934,0.21105544410324206,0.21058961799281659,0.20973745101624897,0.20920350716278913,0.20865206135524214,0.20819831296875543,0.20801215471932627,0.20760512047275828,0.20704470125241808,0.2065699956734584,0.20617878197248882,0.20560423716358106,0.2048653697967541,0.20442217526001963,0.20405237876421217,0.20357549852201726,0.2032502042213819,0.20272093622066517,0.20188653752800498,0.2013644624339231,0.20106877620853122,0.20067060566029893,0.20015111294733107,0.19979685729643892,0.19934225185620802,0.19911487029860234,0.19884673233048014,0.19836545162799182,0.19814738726528194,0.19761873954112835,0.19725393831150861,0.19744157544221982,0.19701075825239256,0.19629663841320566,0.19600154257254915,0.1955165709218729,0.19528223357772018,0.19563722726794744,0.19557968464775613,0.1950840124718914,0.19491256415729385,0.19484124621172025,0.19482639518645387,0.19547960214248142,0.19535538517559936,0.1945612699891095,0.1944015131606628,0.1941359706360927,0.1939694811550619,0.19436452397072723,0.19451925847030924,0.1942981253865425,0.1943661920394681,0.19478636688820877,0.19490402571870652,0.19490633325634368,0.19524412321599624,0.19527548985714585,0.22856395483289457,0.22756532174732683,0.2276649636222423,0.2287649090042863,0.22930564530473746,0.22886936307759181,0.22870940651971747,0.22894891137897413,0.22887356994710548,0.22901298653060115,0.23026518656376174,0.23042463713856562,0.229546834988398,0.2290204782525325,0.2294942265611747,0.23006350655975139,0.23057044671831095,0.2308512716533969,0.23089197015642743,0.23003716831736595,0.22988520419632275,0.2300561857361457,0.23016954480053345,0.23031950347357047,0.23018022562648485,0.22951347353517554,0.22908981254341565,0.22885842667958572,0.2284090849202014,0.22827410006431964,0.2288824630579015,0.22882039541611535,0.2283498895640819,0.22840231878235168,0.22786889155935608,0.2271567903406506,0.22732773633710882,0.22677575114709617,0.22626240298470493,0.22616654316806328,0.2257645578720094,0.22498958306245162,0.2239133017297749,0.22366409129843473,0.22238153579255449,0.22060705144281592,0.21938682699507783,0.21836408017962028,0.2176103409099564,0.21656709791252066,0.21569061491727748,0.21484034056471119,0.2136766065866729,0.21169708048993852,0.20949773035534852,0.2076649453400977,0.20534400661542435,0.20313328164696187,0.20154098398776918,0.19931093626245175,0.1967198086740869,0.19384796865372386,0.19054997224071166,0.18704101695326425,0.18428071063327772,0.18142020107098505,0.17820097765961102,0.1751889452239585,0.17148954992084614,0.16738396478700052,0.16339103751010117,0.15956195263110448,0.15525429706251034,0.15080374224539136,0.14649604033992158,0.14257019131282406,0.1387392436966156,0.13433505354034145,0.13007664113100972,0.12613485370149397,0.1217873584256469,0.11766045428705686,0.11380367298558314,0.11035958622307093,0.10633124868079107,0.10234885376808417,0.09935674183164296,0.09649268426302537,0.09299787632817787,0.09017009206865037,0.08774565252032823,0.0845415879491171,0.08188350920646703,0.0797342105502063,0.07812860602164955,0.07587722043421699,0.07408762450714562,0.07307170009813632,0.07173224111791478,0.0702349886353786,0.06935058369976478,0.06836985232182131,0.06706008220092717,0.06623322198353035,0.06587988152534266,0.06539011117552516,0.06468950764464394,0.06458911881358936,0.06399725060829145,0.06309779209991978,0.0623234860040062,0.061497322370155635,0.0612126896709347,0.06145418030785382,0.06144595335119259,0.06179982868736514,0.06191184596579884,0.061565008398376295,0.060890300789751176,0.0603039234573248,0.060584617526778094,0.06084538144170394,0.06106507192436937,0.061167837715996175,0.061065099793607795,0.06092600001378741,0.06052816181283851,0.06082977052470681,0.06068144239192118,0.06056498397693081,0.06057757639355723,0.06007744964520977,0.05972000212451458,0.06047514878832033,0.06084336533734554,0.06132391139850987,0.061368216405781724,0.06129489409779822,0.06125450727868662,0.06083945311964093,0.060786719714953474,0.06095569336759945,0.061110322616648644,0.061575951064576,0.061943999048583456,0.06192435612900848,0.06214362213591015,0.06239200250545844,0.062302355623479626,0.06240003037208554,0.06303983436836273,0.06332137104682395,0.06318194832450738,0.06333283452874654,0.06365029197197698,0.06358619838004845,0.0638062359842102,0.06428091746652477,0.06431287970337198,0.06393737347510646,0.06425295519724432,0.06500569614110908,0.06508634935320495,0.06518299311264723,0.06545520271727673,0.06539821637062702,0.06508261597255044,0.06569995025205039,0.0665711778073421,0.06706950370414795,0.06738897915147367,0.06750402957607292,0.06737997089728676,0.06749253191544377,0.0674347408030837,0.06743465058956595,0.06729970866956904,0.06789938607276533,0.06858330068498125,0.06879056242075401,0.0693657722277472,0.06976667996690547,0.06997778313870436,0.0694933712090847,0.06998907220359055,0.07121837011602322,0.07163387586945826,0.0720048066803275,0.07252740288338806,0.07279944307231515,0.07274873528573049,0.07319182201323765,0.07369185465354973,0.07439932496222278,0.07484054286223243,0.07503504179417221,0.0751057920851549,0.07561452132696528,0.07608834377824393,0.07635542336573585,0.07686899093726206,0.0773801749540857,0.07747746538986637,0.07765669783138578,0.07842281058749075,0.07920904224020944,0.0794397806843244,0.07994969572276074,0.0803205403256226,0.08058682333384107,0.08103569921715749,0.08176372833155732,0.08192468247900414,0.08149739679297113,0.08189025992206181,0.08256547949601839,0.08292128174135466,0.0835921989938058,0.08445615726176844,0.08461332397049384,0.0847612095280509,0.08517663506975227,0.0860507693054662,0.08646064268312334,0.08672996540611051,0.08697624945840757,0.0867175771510693,0.0871133575126356,0.0882314077374958,0.0887032212792876,0.08918065750690837,0.08946561473727446,0.08980089645184595,0.0898645993143985,0.09015125844307291,0.09083768973764098,0.09127034292209268,0.09163731865173366,0.09173554087242816,0.09154869144274182,0.09181894949416669,0.09216680099372165,0.09215671267323995,0.09210162454861122,0.09245184965899228,0.09271853882774299,0.09300939849775122,0.09338460327361003,0.09388920843673079,0.09457680102816322,0.09505318141159134,0.09562321707157832,0.09696434409357967,0.09742747762721363,0.09697691171997738,0.09711302301729041,0.09734808313391319,0.09750523616209172,0.0978042557102577,0.0981329750502378,0.0986373028836934,0.09855746304073676,0.0988041335736392,0.09909968975121981,0.09942833945749444,0.09993146912719994,0.10017771465066505,0.10020232265201161,0.10048733141592855,0.10082977451745337,0.10102209564842159,0.10126331578986804,0.10162972457408574,0.10195213481867207,0.1021500990843656,0.10221244501740104,0.10273814789016493,0.1031679438711032,0.10351889988489839,0.10377599720251238,0.10418036666580326,0.10446770766133665,0.10443101094827074,0.10467917113802794,0.10527975034213656,0.10555837434952886,0.10544040108710681,0.10580470039494791,0.10629615846173111,0.10685657234236193,0.10793185797376746,0.10872146917693598,0.1095780576051066,0.11010932817138977,0.11019006369968279,0.10964114602851445,0.10995039753710283,0.11028545039013178,0.11049507101981197,0.11129343952359187,0.11165511639776277,0.11132699377900693,0.11142172350960661,0.11177875707675806,0.11211616929520894,0.11247254109390974,0.11285524900563278,0.11355393794853812,0.11401213212710842,0.1138806768374714,0.11337483074362535,0.11343747677702001,0.11314593831173589,0.11351189534897357,0.11481553424632948,0.11541645812588193,0.11585914116347544,0.11629308862529951,0.11653109389053531,0.11689287697547188,0.11728354864317227,0.11765730689310018,0.11807304968613365,0.11842984936267414,0.11885720516408499,0.11914394711131682,0.11942015168867157,0.11930290375697294,0.11973706360402661,0.12038015226168669,0.12064093713941074,0.12100339197325456,0.12136845693081212,0.12133737322264124,0.12160241010844497,0.12226970752688773,0.12269526105885775,0.12321133435485657,0.12326729219777839,0.12276287387078574,0.12286139691419257,0.12297791417057816,0.12299899872859592,0.12303178993990224,0.12368414463432312,0.12435504256311099,0.12492594214056281,0.12528898069482797,0.12580996389907367,0.12650082974099872,0.12740099337417798,0.12713036719016194,0.1261154091181556,0.1263898671861647,0.12635607825473927,0.12629921969132094,0.12776881466633971,0.12818321868284588,0.1267200365904219,0.1266562431257972,0.12785729135255783,0.12831013024041293,0.12890350737283068,0.12917072127943743,0.12829700175252903,0.12837656441735956,0.12888215489948796,0.12994298232904933,0.13031494751433845,0.1312204251879552,0.13127982115398282,0.13003221650275248,0.1300861040352182,0.130899633710826,0.130943998945919,0.1308394133616548,0.13113570623563084,0.13127892485618356,0.1313136717313104,0.1317150842354191,0.13210020977545728,0.13222934686784787,0.1322779428897415,0.1326235964945824,0.13280222466346497,0.1325369087874656,0.13221200982654896,0.13251234695002287,0.13320369540513888,0.13367434399400316,0.13461175527406624,0.13496635849557265,0.13507536090417072,0.13496801832904215,0.1343279763092864,0.13421148522174278,0.13393227906351715,0.13413065175908062,0.13533841891576767,0.1354212924135852,0.13479390037599034,0.134819415094728,0.1348500346262035,0.13457792610700448,0.1344671685965143,0.1344340497797124,0.13373386824386785,0.1335598285172427,0.13402454256328708,0.13458985580237232,0.13535827069760625,0.13563977931911364,0.13550433136952356,0.13498356504995332,0.13485348538359213,0.13421617835923244,0.13404654741857708,0.13455022026312918,0.1345211716803589,0.1342186126856611,0.13412236081266551,0.13412201394282736,0.13384869054012763,0.13316718212744497,0.133174973254356,0.13372735285126378,0.13355425727938627,0.13376169836563023,0.1333580550176169,0.13138185385274515,0.130547294309375,0.1304453721760078,0.13005919223671203,0.12998339208141518,0.12961353814137944,0.1303472908895203,0.13091190801817806,0.13004552837152297,0.1296119041915302,0.1292356534254927,0.12765437897560356,0.12708453111252346,0.12791373515053053,0.1276581758182472,0.126653927377182,0.1261046403628049,0.12586303385610514,0.1250812345060542,0.12399255108977908,0.12314495498692846,0.12170488291445972,0.12123640648138805,0.12161338521012681,0.1214572127385985,0.12215010660281674,0.12159744655284754,0.11935426055718011,0.11865397707246117,0.11827498248912292,0.11766949288699434,0.11816704463440793,0.11807360675390746,0.11744651927168391,0.11623714577056726,0.11554588147783405,0.11533584362080085,0.11478208186601964,0.11436684556792948,0.11447177848746348,0.1138478575380273,0.1121034992706265,0.11138736490665993,0.11133736136965672,0.11204054931433638,0.11127144523367405,0.11077255322614096,0.10995421121522117,0.10723628505435961,0.10659775690300444,0.1076978760696674,0.10766635360177532,0.10761946291708664,0.10736995649312019,0.10698811063531474,0.1064181022743217,0.10512432419886182,0.10498383361168892,0.10571048978925215,0.1052330775500242,0.10475627704967364,0.10462383058265301,0.1035246389727169,0.10296100363532369,0.1035450788004153,0.10353249566999902,0.10270472482129216,0.10244581990129356,0.10305819582150545,0.10291943091788022,0.10216018231241204,0.10204154503993444,0.10190893510190586,0.10074075655067449,0.10042129315974065,0.100521870170154,0.09925909133403461,0.0983125453215265,0.09832542795504122,0.09804231532161928,0.098115625782678,0.09818195732953168,0.09717761422880461,0.09575578463854457,0.09463972054681191,0.09428802546794969,0.09389123203439893,0.09360355719350474,0.09348718362660095,0.09364728727363324,0.09361976416396145,0.09392008677876919,0.09400491986652039,0.0936560812115147,0.09377948644535374,0.09424452949886727,0.09412111109636764,0.09381674280625317,0.09422554558290504,0.09509203696351189,0.09481738267092849,0.09424127020506336,0.09372911765067109,0.09223271917197931,0.09132134429745654,0.09100977586538642,0.09065119111612395,0.09060699142390359,0.0900357343781734,0.08871076805952426,0.0885674829490434,0.08895083871039312,0.08847410653425256,0.08859716748736991,0.08860753654529223,0.08722247223180135,0.08698999920046561,0.0880423627556676,0.08826152972003783,0.0884978196751587,0.08868695268955717,0.0888931409180385,0.08846171914968756,0.08779022871870247,0.08675747805182135,0.08586380529223823,0.08497424118759063,0.0861376873452271,0.08752205904383396,0.08766309528967094,0.0880083123857191,0.08730088947740512,0.08585770720566946,0.08502370187251346,0.08338827769308595,0.08100439589910438,0.0808187778610241,0.08075606864340984,0.08040673317767062,0.08319429653482512,0.08458970176755454,0.08268554176355494,0.08164554382707657,0.08146963933695678,0.08107797016849183,0.07996555905451186,0.07898639042241225,0.07792395706797933,0.07467307331385382,0.07430867378477395,0.07621401986008344,0.07572150915666023,0.0763709929732639,0.07746620197370305,0.07843494628572854,0.07902142268512262,0.07926095122409618,0.07941700988980219,0.07787754474130623,0.07801707962595873,0.0771179041885763,0.07405173112151085,0.07452016101617306,0.07551551354691757,0.07360640471332552,0.07367472153093546,0.07523673646190794,0.07430860782565174,0.07512338139071963,0.0758243537719001,0.07394003797522901,0.07461383696671502,0.07555698711767292,0.07469313974986383,0.07346389505702064,0.07188003520469226,0.07039403993831755,0.07081994501600326,0.07219023217176211,0.07206266770832899,0.07222997928183264,0.07090922825901136,0.06854017455076694,0.06858753060554887,0.07099905144654597,0.0722884617409076,0.0714390805252903,0.07082477458455425,0.06792841415840192,0.06678407967545519,0.0684663151152288,0.06912356261491064,0.07210721053444587,0.07287577463709068,0.07144006137695826,0.0698838956566021,0.06574749311216976,0.06426287296475283,0.06496644726022666,0.0654517189952672,0.06533780779482248,0.06332079084992898,0.06231801520639169,0.06450337108915255,0.06505801955125233,0.06388788157949045,0.06541180967730503,0.06829820433392303,0.06966102348546478,0.06667034059888018,0.06373454610238198,0.06361238907239768,0.06302346770553251,0.06411052123716574,0.0655077186019842,0.06206178149868887,0.060587307785504606,0.0625817668478827,0.06105456550170424,0.06253986262650076,0.06458173774357157,0.06117945460883381,0.06207861461390256,0.06799177007738888,0.0643816823320452,0.056605796781973236,0.06001865861318409,0.060930221234717585,0.0581613539680961,0.06385463432336093,0.06697870638269059,0.06077504423182116,0.05629939433970281,0.060724666599340386,0.06132264216576398,0.054590887171676594,0.055861395407788714,0.05660367217204326,0.0567227907411003,0.06574259795349156,0.0678313987074714,0.061467116118524935,0.05933371975529977,0.05739782828325902,0.055748862368946384,0.054815678555696495,0.055074500028963545,0.05809163980333169,0.05690902622251431,0.05128033173967483,0.04578339311003871,0.052396870382935654,0.06367983221927531,0.06573993640906485,0.06454730135020349,0.06369983489088528,0.06035620262199652,0.06236410235655281,0.06485374343854121,0.05818786227937047,0.0581083009910493,0.06005780603415531,0.06150992241889978,0.0676776818012066,0.06807977488291714,0.06803357700987113,0.061218722782506105,0.05382326415727877,0.050662476690271775,0.03956522543013821,0.033036487749612375
33_2_PETCA_1_T_2_00000,0.0848102264538708,0.05938924467477848,0.03315309244222056,0.004564252033830509,-0.012292832746901102,0.027334227890090476,0.06497107390239114,0.07137813550273617,0.030166335588754114,0.04900627926857109,0.0815700648585769,0.07622513535255793,0.05519844075336887,0.04784553548843452,0.06128940907285469,0.06836529481522778,0.07503899555062311,0.08162601739776071,0.08463052689771337,0.06378981068364757,0.04845031254755716,0.06861354244386354,0.09199699319843184,0.08618198102267002,0.05040430803030972,0.047723269457839446,0.06586738765961994,0.08215194865245659,0.060010389968396916,0.054296608158066445,0.06217849048611133,0.0634877819069893,0.06018626071206737,0.052866084223352885,0.04877763630325881,0.07916778692721384,0.0837703408552911,0.054129210999670774,0.041509382457438834,0.04773370140999193,0.060070238335779805,0.05732476926899036,0.05207291569996169,0.04803345266803268,0.04843645158045361,0.06714454000814878,0.06533266492513737,0.04072609955193517,0.05230331447197205,0.06404391195366267,0.06716953553973555,0.06648213876629824,0.05805282375635289,0.05415865970726723,0.06463035046964678,0.06308974904124569,0.05620863608713068,0.052453718877131655,0.06030337146045142,0.060527770847075744,0.052344166778972655,0.05192565123230785,0.05123165250745537,0.05076900225522961,0.05325626129967497,0.05759144572758432,0.0606365924454167,0.06057690633097507,0.060886787473793676,0.05994888902061687,0.05759750778487637,0.055668721516331406,0.05726021162600088,0.05983045808784815,0.05754153787262892,0.05489341584736987,0.05436519994434759,0.0571018056741129,0.059735667513282145,0.06116257701597819,0.06100129294619834,0.05936519642331674,0.05918964158392587,0.060254884753693984,0.058908081517666695,0.059372608674305376,0.060442901524872444,0.05915618072260983,0.05883376396953532,0.05807040280908251,0.05605541920237889,0.05819292181942603,0.05815389766276387,0.05488394905209212,0.05789830868936266,0.061101031520896174,0.06245925968384708,0.06210353496355136,0.06039437094861611,0.059447226920964005,0.061134524524581575,0.06071419653422013,0.060873553807241736,0.06323392914246163,0.06385942850939383,0.0629941620615891,0.061922698105650424,0.06388807747766174,0.06376198361574767,0.06185623343047553,0.06117683322727663,0.061783909503845505,0.06324042288548393,0.06474388229626063,0.06489977339580248,0.06479139203085256,0.06478923261833558,0.06282292354856124,0.06273894384022691,0.06467268758934923,0.06534396530851085,0.06474110359633516,0.06435369442222286,0.06599939857966841,0.06572525241502766,0.06551055419954394,0.0668430095454792,0.06519616141192602,0.0649033761696972,0.06683562524051974,0.06492934648456612,0.06555036755621818,0.06805402597346906,0.06723447135644207,0.06601075234161329,0.06506992656977498,0.06457235842324534,0.06479058889053606,0.06482548889328395,0.06435756685511769,0.06520744067500302,0.06617790807046081,0.0668418222502352,0.06789862165677031,0.06813604548665309,0.06730594647649372,0.06574346964834979,0.06637655884972997,0.06852168237376256,0.07039161016599658,0.06945541479627484,0.06887987672975919,0.07016256404984635,0.06971919280192572,0.06994457299836561,0.07120439988490906,0.07189272595563632,0.07227738880809517,0.07285087454169804,0.0741833613098907,0.07505709672171593,0.07568231028638794,0.07654065553215042,0.0780635161263132,0.07986143928691973,0.08171867586800091,0.08394675390904824,0.08547844460597889,0.0864527733276125,0.08798556451245937,0.09036882672782412,0.09302305737362315,0.09507560472051407,0.09692898630197916,0.09874259107875658,0.10065314827047471,0.1028920180739483,0.10510822996077904,0.10713236039464547,0.1092067760422009,0.11048949203569093,0.11150498967852439,0.11372583103316201,0.11510728553197443,0.11567580979752255,0.11610845717489907,0.11724009674014274,0.11823481443341431,0.11858534959305624,0.11941236303740767,0.12003224065534986,0.1203849372338992,0.12135451533942372,0.12221302111500877,0.1227435985902573,0.12296419547295517,0.12339857638335698,0.12412817976680449,0.12497029125276261,0.1249398497933544,0.12474651879916976,0.12499060993326287,0.1257555099455151,0.12593927220527168,0.1254629094854759,0.125460595481309,0.12523538340936202,0.12484714862406861,0.12462516651925094,0.12400303198740552,0.1229815239959204,0.12180097795458568,0.12123876303726197,0.12066552887655004,0.11973223238768697,0.11888690079576987,0.11819767334504422,0.11731046106125803,0.1153334918030104,0.11404049254343103,0.11315707713523336,0.11167234666895183,0.11018068345275839,0.10888811418312183,0.10783533682170514,0.10661170109019098,0.10549812838566745,0.10458970828228303,0.1035780477290275,0.10259570925871038,0.10161244010864089,0.1004736124500253,0.09982995163303983,0.09943224062635803,0.09878733987072927,0.09826974603628741,0.0978322889072907,0.09737042836180058,0.09681164564646819,0.09595672624017634,0.09496414993438954,0.09460625859596498,0.09435682681225806,0.09401279619208412,0.09350477320127555,0.09323574369360693,0.09306056918827568,0.09276729211302676,0.09277215443378885,0.09279385489386968,0.0925930462442211,0.09224031092765494,0.09158788446088491,0.09072611165868702,0.09004526394110085,0.08961729161460125,0.08918886499334407,0.08833719721868745,0.08766961218743007,0.08724134592957095,0.0869668111767007,0.08676298391865861,0.08644344640024075,0.08594329705651586,0.08552071629741884,0.08484363468744525,0.08398502967770977,0.08342212684981476,0.08260635581796284,0.08167140114226941,0.08101099865551953,0.08098361866937691,0.08120348906670344,0.08123390882163113,0.08090350554942072,0.08050747081740726,0.08023398667711705,0.08011133122780008,0.08000372163166036,0.0798914339039921,0.0798271548186092,0.07986929708493838,0.08001946170667959,0.08019116564650276,0.07980222910104634,0.0796502377771108,0.08004620924644486,0.07961620468076025,0.0789230121514163,0.07837761661937942,0.0783337104721768,0.07802490251861882,0.07745079815866833,0.07691740742734592,0.07603045396099149,0.07509868743799407,0.07442816897412088,0.07368688505632048,0.07293860664445444,0.0722993565578518,0.07197939441068862,0.07173914806005978,0.0713511767175481,0.0705544157498872,0.07008989583609301,0.06968700782279912,0.06886166661511944,0.06837857207919197,0.06802018235404894,0.0675026505978896,0.0667101152625953,0.06598528279342615,0.065406199594894,0.06469500088162027,0.06395322650517282,0.06337427685437266,0.06319834848474906,0.06294426320574102,0.06264850672110676,0.062413277749003675,0.06201945936312359,0.061777679394615995,0.0617970676427959,0.061699255117293426,0.06174840251286471,0.06187970159456809,0.061761813974811036,0.06172998196232923,0.061897973766639386,0.062255358793625655,0.062331752796779896,0.062469140010829295,0.06292377450636656,0.06336009774188033,0.063882024299757,0.06460524647701812,0.06567517603383896,0.06694737456520732,0.0684443464526491,0.07025763977492708,0.07239919446209919,0.07480582666212919,0.07750902133803825,0.08111335521110923,0.08502616151531396,0.08901551437915649,0.09364110491337851,0.09865184262482986,0.10391121872510894,0.10933056142771737,0.11507462615999606,0.12106796328041135,0.12715906863997983,0.1330792862591699,0.13893736419789587,0.14481563666647287,0.15059141347286598,0.15639885613643978,0.16227352276875237,0.16815897480067665,0.17391179916440552,0.17950850114749542,0.18499607371398843,0.19065610167962005,0.19620940936379178,0.2014238259331347,0.2064851142160209,0.21167661813087224,0.2168958968342524,0.22149496247252218,0.2259884161882634,0.23037959536759564,0.23450230099393077,0.23894974668468377,0.24326271048904735,0.2469857069412167,0.2505553856562674,0.25396615174765363,0.2572103295550317,0.260305990592521,0.2630121250393822,0.2655066215984682,0.26821323311514994,0.2707420061897144,0.27287991112311843,0.2745803696820615,0.27647655462832527,0.27826948793500705,0.2797975194454929,0.2813441448244055,0.28263374555943777,0.28374754177785744,0.28502875845614845,0.2861795984891612,0.2872369546021711,0.2882670385624264,0.28890981403143856,0.2895524842563887,0.29034392573895645,0.2906821555930334,0.29119844731930966,0.2919273245854474,0.29241166536213864,0.29282378598127545,0.29307194788808105,0.2931010313176328,0.29362779556409624,0.2940696303408328,0.2941045742034751,0.29440001628424334,0.29468774509626416,0.294868789013761,0.2949738268001602,0.29500051868389293,0.2949530027186079,0.2948876993759819,0.29524252624670466,0.2955018554435066,0.2953832896485416,0.2954386751033355,0.29557251416642466,0.295712401577928,0.2957867354079373,0.2957028927400233,0.29557084371414305,0.29555242252466984,0.2956301346867819,0.2955644053624399,0.29532859962617003,0.2955023931635225,0.2956348411698395,0.29564722041639785,0.29576709456298306,0.29576732091859054,0.2956931173210633,0.29565860823069734,0.2956440529643684,0.2956947743560637,0.2957985071440269,0.29580279519905217,0.2957841054837673,0.2956910707308565,0.29538747235119506,0.2954946000246845,0.29565344425755563,0.2953919183807375,0.29517152559014,0.2953188575041396,0.29577232003858983,0.2957350744911367,0.29536038464015807,0.29502890774794366,0.29528973668439795,0.295379445706831,0.2952288757629247,0.29497531869169225,0.2949216563354266,0.29485437794614006,0.29477711315129895,0.29513642995911016,0.29516116587562014,0.2949670970746099,0.2950480858615409,0.2948631830666168,0.294664227794265,0.2946590632647555,0.29441493109211875,0.29448520988959775,0.2948411018637008,0.29475839811240295,0.2946264835504803,0.29458942465778204,0.29468335375622073,0.2946398127236562,0.29454024322197747,0.2944695392364236,0.29441889337613103,0.2944070233115799,0.29440999463612316,0.2943731377073193,0.2944951661851211,0.2944576601440558,0.29400659926229594,0.2938243701544272,0.2937754051631274,0.29375002071448586,0.29375133736793374,0.293712187515629,0.293829309662206,0.2943429254268959,0.2944018134755021,0.294110280783863,0.29375092943328523,0.29361298707293904,0.2936520016135567,0.29376075767974563,0.293761981526213,0.2936084586633988,0.29344833121569575,0.2934878212315675,0.2939018653700884,0.2940476838224789,0.29373220437918257,0.29363687278857886,0.29384975682615655,0.294091845546008,0.29390531726603014,0.29385563191044134,0.2938128395350677,0.2937044076915338,0.2940493169946607,0.29407546007638485,0.29379866612772965,0.29396936244057736,0.2935407860823882,0.29316675995019903,0.2936293518968192,0.29387849707207875,0.29385770805237776,0.29367508311741225,0.29360499309637184,0.2936168999627269,0.29362498684505023,0.2935258395449497,0.2934523696618311,0.29349545113720005,0.2936418150505092,0.29364092351215776,0.29360451032220847,0.2936391490815401,0.2938323159188637,0.2936596895192315,0.2935163528983787,0.29371862033461443,0.29355337321582153,0.2934289788538816,0.29343554047772574,0.2933062208721899,0.2931931570804656,0.293169591874961,0.2932631607784411,0.2933922195360001,0.293418839688292,0.2933783728895313,0.2936202724858071,0.29336475322932587,0.29283369593891984,0.29263087339877897,0.2928403791458304,0.29287114160542177,0.29253349125154954,0.292626638956013,0.2929351927496923,0.2931079740616102,0.292751919547324,0.2924631749708341,0.29231411346602343,0.2923017673337969,0.2924725328416905,0.2927589053525338,0.2928623833364982,0.2923942011518635,0.2925506451914179,0.2927536670868465,0.2924168432057453,0.29207162574827633,0.29183516243151064,0.2918215266312369,0.2921107731238277,0.2920256429141426,0.29191285529609784,0.2920944235204864,0.2918095037916346,0.29157928489905893,0.2914602212007889,0.29103379167718463,0.29104095185142415,0.2911219058164751,0.29086919306098075,0.29098883975220746,0.2908970882847697,0.29058773079582095,0.290728153385543,0.29098596038776003,0.29098892357070916,0.29056458717994144,0.2905163722218056,0.2903799229274474,0.2900473711698158,0.28987008901900513,0.2898218569489399,0.2896482486931964,0.2891732590719988,0.2888930206296295,0.288704479978071,0.2885344777740425,0.2883674982834587,0.2881711147587382,0.2880058750163816,0.28791866983942294,0.28780362444561464,0.28755665710381095,0.28723040678039485,0.28703526388492784,0.28628317622685084,0.2858450107356174,0.286267544693241,0.2851190303363446,0.2847518683032532,0.2853810496427872,0.28515079647630154,0.2848952068231916,0.28449728053803797,0.28393453531630647,0.2841926332946372,0.2838538061113413,0.28343305824708726,0.2847463365561475,0.28446275466212906,0.2836529202383953,0.28366540538253315,0.28439462154081563,0.28420198565823,0.28352609663106615,0.2839663271806963,0.28435810196931754,0.2847191571651066,0.28492998158860106,0.2841251088759281,0.2836007989748367,0.28348009783474565,0.28340421572813146,0.2836365486494127,0.28371657092973285,0.2835718364154993,0.28383556754437317,0.2841559989743085,0.2838885666229083,0.28290908703166556,0.28424450872544293,0.28475473077934277,0.2836604285214703,0.2830327174581998,0.28370710880026756,0.28434673805932215,0.28392545862152196,0.28438455632940446,0.28512296593923464,0.28529290887565917,0.28412314351862167,0.28385436948290704,0.27618185232936043,0.2763087032082086,0.2766708636202938,0.2767801695295259,0.2769203607975634,0.276879360974012,0.27672863559527994,0.27712083259670856,0.27745612380886525,0.2777351748397999,0.2781917705805751,0.27806252301420864,0.2784381830482763,0.2787585613891737,0.2784081294217897,0.27883521537163614,0.27884960299934025,0.27854072209560554,0.2784419528549017,0.2788394108847935,0.27804736280562886,0.2781362088161246,0.2787340628328993,0.278710290556798,0.2797707128395659,0.2803789091412007,0.2798327369200838,0.27962576430292874,0.27909060436044925,0.27900318351991815,0.27948113275093633,0.27958222330183424,0.27962717892664507,0.2799296507636915,0.2798457149516946,0.27920289668196263,0.2793338638328467,0.27957764618663783,0.27936593415573463,0.2795843130671061,0.28038365131138626,0.2809885096807237,0.2812130295306529,0.2816629191140828,0.2814404215392241,0.28109842156711,0.28010849302326346,0.280273805909084,0.2805605646727828,0.2807102153789057,0.28105771382557004,0.2809365621807165,0.28055814992070566,0.28034659314481136,0.2806533247903408,0.28090574355322273,0.2808280449852389,0.28070706452897515,0.2805440249200709,0.2808601688163157,0.28129521766795496,0.2822246060566386,0.2828842647619561,0.28263962588751546,0.2818776867331063,0.281231372033216,0.28065279742412885,0.28111866540673613,0.28222931071997887,0.28245984436523486,0.2824911140691233,0.2822021616548343,0.2815234876467101,0.28130783516016933,0.2812801006348564,0.2814280444697012,0.28188911858127796,0.28237933426971046,0.2827101929473822,0.28328358185725927,0.2834691128193015,0.2832557906603618,0.28301207422263325,0.282388860504038,0.2821358390676924,0.28236949054535804,0.282510192437241,0.2828521624518783,0.2832178732035755,0.2833163131508083,0.2831272025294684,0.2824236227208994,0.2823289295962838,0.28225014563822787,0.28211208151647943,0.28262682005416934,0.2832768432654666,0.2834661330833543,0.28348082558502996,0.28321266706639736,0.28299984019550367,0.2829083130900755,0.2829780890636206,0.2832897959271114,0.28336918951600576,0.2833294761660328,0.28299337127277924,0.28285941605162845,0.28265488854862275,0.28270755473201953,0.2827729256843075,0.2827685460440488,0.2829298684539641,0.28297265593052956,0.28317255537874086,0.283254544052547,0.2826871652801565,0.2824811842615071,0.28257870043768796,0.2823771509682547,0.2822047365604281,0.28236457156662215,0.2821099997149159,0.28123170234669564,0.2811989711984823,0.2816757050793231,0.2817573476383377,0.2817299168892993,0.2813927946764984,0.28022974927560623,0.2793357442197187,0.27928985104226045,0.2790404043792068,0.278962424357963,0.27920106572161585,0.2785021185011178,0.27757560120912217,0.27688624559390335,0.2758519737181947,0.27521821772939203,0.2750852229352924,0.27464397454474165,0.27419850721258415,0.2737929866811827,0.27290707975050427,0.2721236399858753,0.27147471947363383,0.27048293361537806,0.26980271720957005,0.2694101866296042,0.26892553044635326,0.268385225053372,0.2679888696975524,0.26753068525123785,0.26707196121476645,0.2666042966853385,0.26634587886996947,0.2661533376573713,0.26578809660534347,0.26541642968696993,0.2651779770190297,0.26479691226163704,0.2647429842049604,0.26486924327162115,0.26459320982929035,0.2643111196200201,0.26433546240846445,0.2642074333672734,0.2641668455341591,0.26424151217998976,0.26400624069636647,0.26389827710255753,0.2638093343576356,0.2638912733174323,0.2642091746311285,0.2642040859780448,0.2640800784046494,0.2640141779395207,0.2637808770665828,0.2635686871999388,0.26351365133867294,0.2635889218236418,0.2632903804655636,0.262927611056645,0.2631269775987268,0.26339177049971424,0.263425480074759,0.2635067648426401,0.26345903554570427,0.26288430468209945,0.2627976871788777,0.26308214840728295,0.26313930353067294,0.26320051181524406,0.26321678735443244,0.2631155569954992,0.26310634137484123,0.26307516910650225,0.26318756017530226,0.26323428036072866,0.2633637182878251,0.26351659969268126,0.26343459588515855,0.26343221710076786,0.26350836322719123,0.26349890926972525,0.2634985986106941,0.26357571235090105,0.26371624000452343,0.26384688712862475,0.2640266213522177,0.2641436992089575,0.2641826791048683,0.264358393861955,0.264722255087928,0.26482956774638927,0.26475963351199805,0.26486889261784,0.26488635615387984,0.2649695286099071,0.2652152274698177,0.2654946636280908,0.26559864314450304,0.26566885672085633,0.2659078808315757,0.26611667694672714,0.2662123584055332,0.26618902562038854,0.2662826272467225,0.2662700515327811,0.26641086596406094,0.2668077692597899,0.26696385820912266,0.2669645322074956,0.2671466486936545,0.26738802522513533,0.26748197050963274,0.26755388937600033,0.26778133838105467,0.267796524794586,0.2677407421385819,0.2678486644165976,0.267915541579176,0.26802525755737666,0.2682383503741541,0.26836726402975686,0.2686043420973832,0.2686127951285469,0.26830556774435993,0.2683901456180708,0.26874758518025693,0.26876006663689195,0.2686487852932038,0.2687794761524039,0.2689072401312991,0.2688326440915412,0.26880789561652824,0.26895070275994104,0.26892230406631207,0.26888324442382644,0.26898480240170836,0.26939086504377724,0.269448333623236,0.26914084491799706,0.26913043208835546,0.2693692043062613,0.269359579399881,0.2692137458968433,0.2692233404536216,0.2692476082409755,0.2692022668730902,0.26922684320801044,0.26925596046620637,0.26921550559605767,0.26911379034209126,0.26901686942711756,0.26896261275719513,0.26887579617702256,0.268762829615083,0.2686632880804492,0.26856414786927996,0.2683281452581423,0.2682953214450725,0.26811940069199164,0.26805695839862603,0.26813630510347614,0.26796448327928424,0.26781227396525353,0.2677490910613093,0.26758084576389074,0.26713082116267256,0.2669912933672676,0.26715063210644263,0.26695271656473735,0.2665927541400964,0.26642509794407965,0.2662256736355775,0.26594187745513986,0.26569952747267805,0.2655584445797746,0.265395571365121,0.26511145607397407,0.2649069079082709,0.26473655210432934,0.26442035828912386,0.26409365775457533,0.2638549049739445,0.2636223783208981,0.2633932331831704,0.26313297575942285,0.2627353885497704,0.26231853585623094,0.26199637287677485,0.26161618021708416,0.26109351878320747,0.2606391372027588,0.26017518805302864,0.25948849755176434,0.2588743874811444,0.25843730532444004,0.25788933335931635,0.25715098429428984,0.25652648938213096,0.2560698137311388,0.25547052025396444,0.25479864111278466,0.2541200444331788,0.2533101263395011,0.25261358894515407,0.2520301186392451,0.25136579073820314,0.2507092213730219,0.25007917925668566,0.24941023328784714,0.2486438887675842,0.24791630928062733,0.2472218039206313,0.24649076747462112,0.24569097249126276,0.24497091608354138,0.24431196709252978,0.2435740302071859,0.24286381844171814,0.24209254953856163,0.2411232384302155,0.24041924826480907,0.2399182643556402,0.2392324460395075,0.23849795797885698,0.23791866560549144,0.2373940111505278,0.2367204529996511,0.23606791285043613,0.235484266481764,0.23478059388901756,0.23408871770417877,0.2335773702214625,0.2329813868334278,0.2323412906550604,0.2315345174416666,0.230809177053251,0.23013532241919918,0.2293531069199655,0.22849000741722436,0.22768170890948344,0.22691588613333913,0.22598977621672361,0.22506514412892645,0.22399338331988994,0.22276894874807,0.2215220040372889,0.22022032652738485,0.21885660840274912,0.21752273672608027,0.21590671101643757,0.21408837390550592,0.21227412676533391,0.21033729846678556,0.20824798845825535,0.2061701192678467,0.20386835898877392,0.2013037117258562,0.198671814177536,0.19599916265627032,0.19311865242573,0.18991887968718268,0.1868418444848711,0.18376620595153983,0.18055906877271113,0.17730726553399917,0.1740677895798313,0.17074906442627721,0.16720178756207918,0.16392808347927076,0.16082310918260012,0.157481324691439,0.15397389046987192,0.15084472644718866,0.14773525976938248,0.1447161529995212,0.14197091058246694,0.13924443998245423,0.1364207746798291,0.13381643826343734,0.13145231207397778,0.129135626651552,0.1267867660930151,0.12470861965448797,0.12296038190804871,0.12109481295325893,0.11916898919418234,0.11754575137043545,0.1160714692032167,0.11462007829016396,0.11339111198675485,0.11221461922413978,0.1110142089712714,0.10990571758711698,0.10894589914606974,0.10805953182271802,0.10727422350192162,0.1064464649703827,0.1055741037969984,0.10490318003808706,0.10430208123032035,0.10371089360077547,0.10318488305608417,0.1028610309146192,0.10242292164979629,0.1018837465132901,0.10149086807125286,0.10122557897170649,0.10086135230687658,0.1004289638118516,0.10017177572047674,0.09999805209855919,0.09975904845992298,0.09957815585948683,0.09944398082570335,0.09925702143444977,0.09913126803522568,0.09913592686898945,0.09910787162093246,0.09910347132152063,0.09900239448021321,0.09883614558481511,0.09876531050334185,0.09861260596338417,0.09856135136981407,0.09870626281747898,0.09874895017898613,0.09867888059812768,0.09874473755534763,0.0989506429789294,0.09902742494880695,0.09903820601981969,0.09916529835823815,0.09927676983788628,0.09938412122432914,0.09961673076711855,0.0998301731048791,0.09993802673181283,0.10010423472625021,0.1003617361189324,0.10072252701449123,0.10103580544076908,0.10140023276657768,0.10170919641672017,0.10196115320682206,0.1023242232469302,0.10268473857717277,0.10315655525166642,0.10378537646458873,0.10427102422334181,0.10471159295004168,0.10526015340169935,0.10584759329047061,0.10633537933608839,0.10678886484407506,0.10740525374261913,0.10802960648234632,0.10861552317860726,0.10934669298403832,0.11003329267242164,0.11059486691809403,0.11120431702340833,0.11190453352011354,0.11260036641690233,0.11323138213348728,0.11390206746812499,0.11465501502351481,0.11539595125943393,0.11611392275984637,0.11683470735878428,0.11765210593250432,0.11834787001201498,0.1188108490565717,0.11954168909471652,0.12048440875873455,0.12122370538511462,0.12198039987900962,0.12277131558455891,0.12341971263844385,0.12409175397087813,0.12487768355561792,0.12564381555976778,0.12628615756350164,0.12701081768279562,0.1279047093349765,0.1286833716022185,0.12938338295690177,0.13011387749889874,0.13079074897816925,0.13149272181676128,0.1322145351103236,0.13296650963471546,0.1337493663915533,0.13456926925263146,0.13531369719864192,0.1360917522907472,0.1367708128969885,0.1372935146992639,0.13804852849708904,0.13891730947260322,0.13962126066279515,0.14035404978082613,0.14109122590564724,0.14171098582052505,0.1423844419522943,0.14316037144724972,0.14387694866192313,0.14449748733891504,0.1451895202924194,0.14596158407448878,0.14667825530615938,0.14738851707401196,0.14802851648257576,0.14861072287988925,0.14926025693255993,0.14991531324516827,0.1504926488957635,0.1510450730032075,0.15167477477758975,0.15223859669488526,0.15287384602441348,0.1536733774334522,0.1543535626241663,0.15495221504173531,0.15558832379250817,0.1562500307199001,0.15686350483818368,0.15743135137639733,0.15803976765644273,0.15865640335380565,0.1592443205788235,0.15982685633742202,0.16043000423712098,0.16105322557592347,0.16160454463814042,0.16216807312059153,0.1626728834610626,0.16298768101654892,0.1635012307419987,0.16412673771106423,0.1647119746404964,0.16543990451231239,0.1660145128703847,0.16641619362026924,0.1669555333160211,0.1675801646174316,0.16806998854074962,0.16849956818620526,0.16901367947648246,0.16946240068549162,0.16994157794060227,0.17053363140678202,0.17110544940072445,0.1717242844969699,0.17217498288397015,0.17241649745046123,0.17293087655013772,0.17355832740772387,0.17402121475436352,0.17460827305218404,0.17516006087983316,0.1753838875658121,0.17585140827087106,0.17679516472275258,0.17728872534524429,0.17728315715836301,0.17778764842574699,0.17859184804279662,0.17899648424492837,0.17941517101681453,0.17998973775369997,0.18033322205976549,0.1806138654889818,0.18110060605970316,0.18160499002492592,0.18184830755897655,0.18219062312489775,0.18282128694161462,0.18334545697171484,0.1836750585733833,0.1841139387517513,0.18478087958159814,0.18522447216638097,0.18539706713554346,0.1858208297885613,0.1863931213204831,0.18677070925961323,0.1872065594306925,0.1876212775298684,0.18769043984036315,0.18801805347795877,0.1887975451187538,0.1892064055129407,0.18932418813917154,0.18968135846011058,0.18997714923271064,0.1902687903572122,0.1908236963230063,0.1912524501519904,0.19144665108675282,0.19176642542554304,0.19221395301924607,0.19257292503448664,0.19292952597621302,0.19324867368635315,0.19343273952745327,0.193743811901612,0.19419181120859896,0.19449569996097363,0.19477112634814536,0.1950498136802616,0.1952272200245056,0.19542609036872766,0.19559524966248293,0.19587153322391057,0.19624180824114038,0.19652708833684018,0.19689510206040764,0.19720902754954892,0.1974160954967867,0.19757434647151603,0.19764186855207455,0.197841438389509,0.19813317870249758,0.19828949164112028,0.1983960884665684,0.1986174593112352,0.1988308768543175,0.19896874441217854,0.19920943771536825,0.199393000268982,0.199406791329233,0.19947371119089052,0.1995917529599354,0.1997106040860351,0.19985458322733302,0.1999320507783453,0.19996624249786005,0.20003944728328213,0.20013365571857714,0.20011006405010257,0.19999293825369804,0.19999754112392804,0.19993011256048815,0.19993275874384048,0.20026191913704416,0.20027742482904803,0.19994878896001803,0.1998858895121966,0.19991893894671384,0.19980591866394484,0.19965805076200469,0.19969028357298166,0.19977294822905356,0.19968308341222302,0.1997120455082052,0.1996808504214124,0.19934658136615332,0.19917235374317227,0.1992935028503723,0.19913451740579063,0.19864716842356306,0.19846132017982832,0.19840880787756052,0.19824889965898432,0.1982330165753331,0.19805651960072354,0.19766981399527242,0.1973660004737594,0.19702644462053284,0.196862292095827,0.19677760783706208,0.19656585670129503,0.1964580869751458,0.1963231710852652,0.19605011008899909,0.1958841749871147,0.1958609690525116,0.1956352777497472,0.19529497345082675,0.19505397506942987,0.19475474831543213,0.19452309773812784,0.19442006795690675,0.19416374877295275,0.19376466064149983,0.19358310509956553,0.1935225233660442,0.19321760742625463,0.19291573752425575,0.19271687065637982,0.19233863909129917,0.19214311539955398,0.1920202016718012,0.19187032486392008,0.19162238960676323,0.19117897916029927,0.19085698527158085,0.190526725111335,0.19017070798049782,0.18998937250891296,0.18971623596379694,0.1892442391152622,0.1887453114048842,0.18855429933720472,0.18845380196411587,0.18803821199581522,0.18772282710042257,0.18755963607712497,0.1871918431438357,0.18682919680668741,0.18665494213575684,0.18636101196904822,0.18573084818788857,0.1854842736330466,0.18520763427325526,0.18479240115299295,0.18447027203017727,0.18425018900876486,0.18391651546372068,0.18356956559574372,0.1832445971743026,0.18282817410483018,0.18249374908325158,0.18231604384173086,0.18194275825481443,0.1814400709538219,0.18109249400479108,0.18076586644778864,0.18028874848788465,0.1797389551139586,0.17939851342616986,0.1791292861200903,0.1786461974385145,0.1781467282312465,0.17789782852012812,0.17758101673016688,0.17716904334441572,0.17704885180977803,0.1765700507409512,0.17599860901250727,0.17572284156750426,0.17553909688624927,0.17517348453391787,0.1746615006038728,0.174255381286306,0.1740537042169569,0.17391689332459465,0.17360535004464148,0.1733194869852037,0.17311491867858428,0.1728015638374312,0.1728427531816874,0.17290297208348565,0.1724962411340582,0.172377342523008,0.17239157002670769,0.17205865067882592,0.17195634170846855,0.17201625778003607,0.17180077330715304,0.1717250123211139,0.17160743202463058,0.1711815427666347,0.17117766225449385,0.17149004742935164,0.17154481872445324,0.17183986310144947,0.17180590368042786,0.1712340566173951,0.17127961652748566,0.17162521058842958,0.17161504920216805,0.17170168811724887,0.17159829961399797,0.17147677259803987,0.1940247557365683,0.19546276092047327,0.19574421816625298,0.19579151432716066,0.1953071403804428,0.1946119197849185,0.1941820057450003,0.19416596574176012,0.19483961073149555,0.1949857175278471,0.195088427356865,0.19518291193666115,0.19531679938816607,0.19508890650900768,0.19463759372995507,0.19451938670504718,0.1940907906541226,0.19405680659625127,0.19425608706601585,0.19512005232086316,0.1952274106362782,0.1953062153579784,0.19510142332237423,0.19439233728198427,0.19498435622391375,0.195399041526568,0.1947886371100965,0.19491620331778145,0.19533214980264313,0.19523881663733694,0.19531020899044743,0.1953655219770582,0.19536288112062963,0.19439221207288426,0.19381707419798727,0.1937142001068473,0.1933055592202992,0.19280483523832903,0.19242825043889583,0.19244800831309405,0.19177077317398988,0.19066003329711698,0.18987518024538103,0.1888416500822648,0.18805720700827255,0.18751571752545784,0.18626466496355523,0.18537730623193163,0.18502187322611804,0.1841981486072985,0.18343085758073308,0.18257726673008354,0.18152041643275035,0.17997995430949107,0.1778026648630711,0.17651486429073032,0.17580734934590272,0.17392550103308183,0.17164663881877926,0.16954636216731803,0.1674782468735179,0.16475340131207594,0.16239265686180612,0.1608584042738734,0.1587052342443164,0.15583374618684687,0.15306346320988823,0.15006730263639298,0.14726053964052271,0.14442600747526513,0.1412906977814766,0.13788740533413277,0.13436459990085958,0.13049232366456492,0.12676598066016176,0.12317655277188938,0.12007675960563202,0.11739370110129473,0.11396940907417359,0.10993167446371882,0.10602453191673687,0.10275224305424663,0.09963240197180566,0.09698764153626978,0.09446675458445254,0.0917621997850161,0.0884533611356957,0.08487866977138794,0.08188089287415615,0.07956122067117095,0.07752526756585496,0.07549982804969081,0.07361567862324954,0.0721178894958813,0.07060186717793787,0.06847771002230811,0.06643411476571318,0.06503352568185337,0.06382328045201022,0.0626813729633481,0.06184178838330866,0.060955739198707844,0.059936561996212785,0.05894692794164526,0.057831065255820505,0.057501467517183796,0.057031809528229796,0.05629450415389602,0.05592347419274656,0.055306548414317536,0.05505075265840769,0.05561952340445217,0.05555484492633783,0.055314077850493006,0.05520102471533383,0.05501508459681287,0.05451926705437912,0.05415900161564235,0.05433002152635611,0.05434256851400269,0.0540946122595742,0.05392544109676691,0.05420868625785754,0.054374773104889494,0.054508716136911314,0.0543856707346555,0.05414665863636629,0.05424360924877632,0.05396671379537041,0.053835683519480836,0.05413762501675289,0.05426251750956136,0.05407886739528191,0.053990035494098115,0.054078739384239224,0.054335283914104075,0.054430766675730144,0.054673003324945756,0.054724198417865244,0.054848164710553204,0.05408890749751201,0.05374728940876534,0.05421748470648234,0.0541505199017506,0.0543420878422491,0.05480356807491245,0.05461019605380291,0.0548020667007364,0.055478316470711816,0.05583599975268107,0.056014451261848806,0.056295022893169185,0.05667660497234427,0.056600473143263406,0.056801493995812684,0.05709141037185003,0.05688757058736235,0.05697435736210665,0.05704332312991127,0.05687956997492096,0.0569357152976456,0.05734791809245794,0.05757695068035044,0.05761510785937275,0.057876239388776306,0.05887587666059282,0.05949423432144692,0.05936603863174821,0.059534630964886676,0.0598681989551097,0.059834704029980916,0.059915154011089475,0.060528100324296515,0.060882071570936606,0.06084994675633102,0.06083224365027359,0.06079592432186318,0.06104287508858679,0.06121964104441166,0.061579961454117524,0.062405490632301566,0.06292632450942207,0.06329526545462918,0.06342020697012354,0.06362432019130052,0.06369381624673012,0.06390582077784668,0.06403312886852022,0.06428599980171765,0.06459257662743279,0.06511712802044893,0.06546134907029585,0.06590426789880176,0.06627126093597076,0.06630833959029661,0.06664883912422939,0.06719661959579269,0.06765577347855409,0.06810380565997481,0.0685572322484076,0.06926591017616715,0.06954931571497848,0.06941151923157422,0.06962236564981628,0.06980490502494571,0.06978908710845898,0.07072945565434952,0.07168294964037032,0.07215067706474253,0.07240863823671126,0.07286807092096254,0.07301857591780157,0.07342680733275479,0.07429342541360173,0.07487544111037352,0.07526612240078864,0.0755482969539514,0.07574354741301376,0.0759020655278727,0.07638499064187494,0.07680931300129598,0.07683443716591701,0.0766631826334224,0.0768841167691922,0.07662309379304655,0.07693273026702285,0.078372570531285,0.07892365873710773,0.07891155466164156,0.07924145348034055,0.07959029315513197,0.07975164612157712,0.07953939074355905,0.0795312145891165,0.08023354582609032,0.08143460474244757,0.08167685090560839,0.08206529054665494,0.08271987103382206,0.08287734016494641,0.08288359550963716,0.08323976536685636,0.08367022989429472,0.08351158832226237,0.08346967859093886,0.08351573438861662,0.08461204803674893,0.08504002213344715,0.08490422967418391,0.08522732784060964,0.08610152928305226,0.08644868897381258,0.08642813151292406,0.08659910011871887,0.08682549433149532,0.08687481823654411,0.08669026172125657,0.08687201911832641,0.0870260559613243,0.08733060980135762,0.08794723989353129,0.08863256551119256,0.0892422318252906,0.09006859192320027,0.09033573618603767,0.09022809972093418,0.09044907872679797,0.09045790546283763,0.09056281160857349,0.09069651834870696,0.09123475043184838,0.09222885010867701,0.0926355145575176,0.09314620057969765,0.0935606696133653,0.09320184283014972,0.09328531536212699,0.09350931149631271,0.0941896675066637,0.09436355683414085,0.09405835378498387,0.09452494104375615,0.09550816368187504,0.09594875168594605,0.09673180728363029,0.09712433079100652,0.09658270823792744,0.09662924282224714,0.09705368314815747,0.09739867026377877,0.09786375250936195,0.09827830248162284,0.09875515100547388,0.09917852713797426,0.09932506873522572,0.09916535977440233,0.0993859477030617,0.09951505771808715,0.09974152295395397,0.10031121140994287,0.10075909948754773,0.10113751610572318,0.1014262321277678,0.10168484863942084,0.1020240874699626,0.10236662399523751,0.10256640017613426,0.10262151231316662,0.10304864988606108,0.10306811020424918,0.10324618901635542,0.1033491662607568,0.10345303877945851,0.103696665301576,0.10394215578414222,0.10431144439939717,0.10486627276150651,0.10545824778882587,0.10646425890550539,0.10666343004152697,0.10599539254501815,0.10643816953552145,0.10733724995842062,0.10758402001777269,0.10848662684364353,0.10895411831334509,0.10836161756117861,0.10756583315950105,0.10793711690685254,0.10944856988379632,0.10959815901063323,0.10937480295457382,0.10985859129303703,0.11019674187892715,0.11021792853051803,0.11078405875690737,0.11115834792089582,0.11050038802450256,0.11059255108037162,0.11177879904978998,0.11221094540832326,0.11219612063433072,0.1123378544548593,0.11198085710862225,0.11242576524492501,0.11262460099228333,0.11259538300943232,0.11300663198073026,0.11383827003479265,0.1137492929899586,0.11334444547499954,0.11336822819760378,0.11258038811237985,0.11291550976440207,0.1146923301850325,0.11530776279241067,0.11602259447079181,0.11609307323001676,0.11468511856220617,0.11461423174587745,0.11501642526157707,0.11526441033282286,0.11661228457348452,0.11717389392427618,0.11721261601339265,0.11671838344710889,0.11676006058890505,0.11682115276020134,0.11670692090681786,0.11653481185083817,0.11681252655490412,0.1173492583047542,0.11722194404200051,0.11681602146304067,0.11716745591220847,0.11729115694029893,0.11759073249179262,0.11934578626306734,0.11984802790742988,0.11898487611181359,0.11892622220327333,0.11917885513912224,0.11902705975782933,0.1187195944795658,0.1187373303917098,0.11885785937000892,0.11857086237545512,0.11844230977605782,0.1185812135654446,0.11883638427614529,0.11900030690027219,0.11900266164821928,0.11918520152171382,0.11950018942459502,0.11967529939706188,0.1197127609998154,0.12005410871231577,0.12021249515082987,0.11969618384792459,0.11972954593611382,0.12040482507443595,0.12064314854939821,0.12061387595162759,0.12082070957040411,0.12146618015630942,0.12144848800390164,0.12087045616367098,0.12070199945125107,0.12069462585847904,0.11977103436498564,0.11929561240176638,0.11971925934120971,0.1197259408464669,0.11945245953859074,0.11932436237717547,0.11964786827224501,0.11939282742457294,0.1185140225960308,0.11844148676710176,0.11868512929310314,0.11852626557052474,0.11853578305494526,0.11855702324581002,0.11830650531442255,0.11807810484655307,0.11822802168972513,0.11802937952445404,0.11740955017668085,0.11687901237120892,0.1157891945435939,0.11559331808091455,0.11639949977959621,0.11634386630053173,0.11650478501841313,0.11647822830306405,0.11503673356964643,0.11408834274938921,0.1148596254371196,0.11524530136045413,0.11450012677783553,0.1131888347894024,0.1132506215946831,0.11302643979912079,0.11227849931062571,0.11251436371601958,0.11253967535663198,0.11121233240275268,0.11057461484808379,0.11130866699891712,0.11126554231462535,0.11031541646769086,0.10974399184947861,0.10978413384183051,0.1092868914669356,0.10822216402758919,0.10715517294862852,0.1051625608408608,0.10481691074021156,0.10627063949180539,0.1059223541523303,0.10534183370266265,0.10521554348489573,0.10404323775105219,0.10264770445060555,0.10286600796601236,0.10433610464470537,0.1045123419640685,0.1030524525013809,0.10204269334430215,0.10173389948124806,0.10204110572269451,0.10222613547072402,0.1014232481884042,0.09986059304166184,0.09934039622611526,0.09830003110583185,0.09794332438580472,0.09930228455861782,0.09894394027818114,0.09714918685352417,0.0966404278392457,0.09636419758043697,0.09619042259519338,0.09662188479708192,0.09661265967845237,0.09657943625236241,0.09638407139885703,0.09576737099664658,0.09564750952437426,0.09553012990843544,0.09525396588881735,0.09594264873811038,0.09576850593531006,0.09482101973502065,0.09400088832414959,0.0919329169644783,0.09100334917342019,0.09135373280666742,0.09102687279523983,0.09025391399589884,0.09063490510500542,0.09233660702822523,0.0924140618502801,0.09185341508724443,0.09195239366262138,0.09000275085160592,0.08777245760984746,0.0881273557897061,0.08803104833363615,0.08702012168202505,0.08734100608394957,0.08814084635917922,0.08778807193898354,0.08782786030000601,0.08885225760386654,0.08884594750908793,0.08830261214792262,0.0878808025345781,0.08696640135583462,0.08628524248349119,0.08557318126213934,0.08520361593876848,0.0853127463854372,0.08488691742379814,0.08385947344653673,0.08409542871364709,0.08542575984844018,0.0849229612527958,0.08331114538906356,0.08368365385435818,0.08484885455429267,0.08427245019520081,0.0843163608245015,0.0846153902395115,0.08243991047838972,0.08163492140298637,0.08378506397777034,0.08388284192382468,0.0817222148355761,0.08092696718759679,0.0805861378669365,0.08063489044115027,0.08160317867163447,0.08177222685369871,0.08230838485522617,0.0818003503923147,0.07885373203545679,0.07863537267065857,0.08130050984008624,0.08056469149706126,0.07738652384463322,0.07757724271277779,0.07870024736070098,0.07776312062912608,0.07665336831038591,0.07822865122251993,0.07850119165642973,0.07664065642998623,0.07668071844180462,0.07742524605971945,0.07678488878571517,0.07499764899712637,0.07440259081726545,0.07682357729507008,0.07760918367533318,0.07660529153371072,0.07611080257761568,0.07550393316256632,0.07624616080567119,0.07558025849577349,0.07367257278867348,0.0729075432510259,0.07070150057584713,0.06891155291085453,0.07051191280375213,0.0719664124480644,0.0706719012937042,0.0701351924510419,0.06981278975241996,0.06860318851942596,0.07025780745600842,0.07225016273833375,0.07155660952973182,0.07064055767451598,0.07033603803855563,0.06868621570294557,0.06826776464668446,0.07073646558913418,0.0711112363616332,0.06941578830772069,0.06831554755300237,0.0675210824178561,0.06788045789131135,0.07074341191537858,0.07165399397727146,0.07025693300732416,0.07027862970688264,0.06872552988659347,0.06757166786846974,0.06752389593359538,0.06471580792212428,0.06253292703444498,0.06348534757203832,0.06527209882641746,0.06766337969585046,0.06843755467316688,0.06570885400762536,0.06364238299435934,0.06342502048280282,0.06354373388440247,0.06473457060251157,0.06784677202822517,0.06933124697603084,0.06724245851487602,0.06768077562633248,0.06727627173175085,0.06549782593813203,0.06834227108505672,0.06739297735415668,0.06523381898223238,0.06670314122718884,0.06476167841929922,0.06407760261896515,0.0677053282875087,0.06736281470680501,0.06379559569993948,0.06382874395066113,0.06254487629687064,0.060052993969414006,0.0634364475110276,0.06606230936986025,0.06390383965813518,0.06288463220110532,0.06121281706903095,0.05701792016726624,0.056233808079051366,0.059060509352051066,0.06121596757303406,0.06221700361065918,0.0631856620427125,0.06261926571182419,0.06007804890116817,0.058443882164778485,0.057806377978467646,0.056370500315267906,0.05792535896074439,0.06374091147118519,0.062456988947978645,0.05700417608362552,0.056050966695842176,0.053698221268247685,0.05661444009949971,0.06540013763176981,0.06244707059788224,0.052907308656878003,0.052411913336740626,0.05599269965168979,0.05690667782120589,0.05678132769181509,0.05619839727994411,0.053403766078948,0.05018780996977544,0.05058295681440505,0.052626553530227715,0.05305390126878249,0.05320807942882752,0.05927603778859604,0.06156366641151898,0.05970145190119121,0.058156293688307895,0.053855561170141314,0.055804713358892276,0.06333041906854539,0.060984505056825726,0.05583756571202541,0.056416460106001265,0.05018481137865585,0.04521726520135916,0.05293830218609997,0.05429235296492578,0.04603255577368666,0.05175350774463614,0.05830244500882574,0.050589720894447056,0.04954554852871701,0.0591011364465695,0.06121865968875722,0.06067480722194496,0.06345965158250955,0.060803178119475054,0.053372055455675416,0.05582436088915635,0.059280893477239395,0.05208795132514044,0.05316360065456654,0.056831141027284704,0.05487769638841734,0.05541285228221545,0.05017026121464421,0.05648563997856387
33_2_PETVI_1_M_1_00000,0.10275204459668562,0.1547429847953683,0.17743948502766604,0.1826593535300728,0.1879486120689719,0.2168056133275525,0.18903985259119818,0.12977447653405078,0.11008637028145211,0.13126104339200206,0.1491256510571966,0.13956993623071098,0.16379440790372707,0.1897691727646754,0.18935775964897777,0.13204326271877947,0.12002035774995316,0.14423151882538723,0.13050848113690214,0.12073852158173885,0.12919946029907228,0.15632558588529577,0.15132122412235868,0.13840740933324513,0.13611536124446375,0.13509603628961844,0.13883713136719963,0.14369424958676075,0.1387083594006182,0.13767600089020085,0.13344713254195997,0.11820931179753053,0.13475395094959855,0.15443927988008188,0.15321541295478178,0.14444062387459086,0.1381169140917906,0.13591351742801708,0.1289221060575509,0.12433837772813079,0.1266591216800776,0.13842217334077403,0.1435674845708674,0.1421246860598342,0.13924570961402022,0.14878563186745936,0.14946039517724288,0.13812673302429393,0.14335598748038336,0.1425259882975409,0.1364313387699793,0.13836879673201855,0.13479499385652138,0.13020734116640764,0.1317193095841498,0.13795122134676066,0.14261042221755818,0.1413783916654659,0.13230478701918905,0.1284770854034301,0.13278026974633547,0.13935137580729315,0.1424801452354992,0.14136347028557758,0.13797489112995476,0.14199538433227699,0.1450563672952548,0.14066789129668697,0.13613328009160017,0.1379211044876634,0.14519592542776438,0.14668477672435895,0.1460957437406782,0.1451398289966959,0.1450048701597631,0.14093572286419326,0.1396399340798902,0.14683570638367524,0.14741056522846968,0.14458346341931086,0.1431663741993966,0.14929057980136584,0.15163690085492176,0.1490303066082488,0.1501297881813028,0.1544267691897045,0.15732690240155853,0.15325910777968785,0.15362537478505625,0.1554862588880185,0.15506522458963512,0.1554922751785612,0.157957046941021,0.1612444913285696,0.15935703026510958,0.15846605480181547,0.15896134378332805,0.15744279027932825,0.1596884277609058,0.162161005685983,0.15993764658246998,0.16037321501887464,0.16093283243429235,0.15967062429569637,0.1597699834330287,0.16102359276297024,0.16209245042142043,0.15940745471611903,0.15969341489535524,0.1619658750477542,0.16156285542197626,0.16212262059137375,0.1633450824301096,0.1638902019556388,0.16085556380719773,0.1599482143136912,0.16323371451826055,0.16354386230285425,0.1632047949501681,0.16284403272929912,0.1617466119610877,0.1616581041878324,0.16242815424364832,0.16311825529401902,0.1630034922313783,0.1624901572113417,0.16206005866349898,0.1613948917885653,0.16184053133086232,0.1634137452864042,0.1636948730084714,0.16442443481122485,0.16495278495759486,0.1630715476162346,0.16148452339010683,0.16134583359547877,0.16290535129304642,0.16325531170260252,0.16323947061632071,0.16347126513206392,0.1620490769167896,0.16226093712251421,0.16436765518400812,0.16450807813132293,0.1640624637623718,0.16398741553538185,0.16520965157691453,0.16580879202488333,0.16641212592689106,0.167803312198827,0.168002296459768,0.16874795646287305,0.1707521146259274,0.17163276772736943,0.17253766496945105,0.1737617942620511,0.17476745208029448,0.17646471651665915,0.17860462792659323,0.18052129053023466,0.18332716103571478,0.18576640297099228,0.18687451417053771,0.18864187201788726,0.19134872019445506,0.19474055168621354,0.19773852848082743,0.20078449010542404,0.20380060388181503,0.2062794795815948,0.20951281494453317,0.2132322579117748,0.21663770280980582,0.21982614439903225,0.2227621445581708,0.22561044062914506,0.22939430554726617,0.23317288993179416,0.2362245832811282,0.23801848127105665,0.24000570969668777,0.24242487320264933,0.24476863207744298,0.2465441538175699,0.24799680552661352,0.2495478619370472,0.25096136731935137,0.25184453834358583,0.25228160025670565,0.2539744371831023,0.25515835943344445,0.2553570015455471,0.2557864038275519,0.256750762816882,0.2579916633928319,0.25884144417893495,0.2593843935106552,0.2596821742503464,0.2598704950192374,0.26042830250035387,0.2608539041342454,0.26082908163701324,0.2606819986875291,0.26056292716210544,0.26063155875424077,0.2611886389393093,0.2607595963966877,0.25956224011614487,0.25860273736130074,0.25756636598935845,0.25621786451719825,0.25457233050914824,0.253964478920572,0.2535059573828855,0.25245090831210704,0.25057935139146736,0.2485114076330883,0.24647646234178852,0.24437393235303712,0.2422116167778077,0.24022644351402153,0.23867181971682194,0.2367733514448814,0.23445420723485766,0.2319552770812798,0.2301270526747934,0.228623615515604,0.22711294231015058,0.22531228725648086,0.2235016141930468,0.22197399710788968,0.22107542686871107,0.22018146909151057,0.21919152570496067,0.21817121511509088,0.21714837889086527,0.21604226988400282,0.2148634916157204,0.21394416122795876,0.21331101596742608,0.21299965324171022,0.21321752835823554,0.21281272769878126,0.2120019841797467,0.21182593634605992,0.2115941762231459,0.21125147670601443,0.21086049258551834,0.2102717519634417,0.20941224417704593,0.20840589507163437,0.20796200335316894,0.20713566028106412,0.2059305159996156,0.20560870624228558,0.20471680661708574,0.20330929543952161,0.20209461362711362,0.20019675616035415,0.19765300432646346,0.19491857532142623,0.19332663942964415,0.19285616079414236,0.19317407866622874,0.19349238051799364,0.1936874242710906,0.19370771140642515,0.19361531357848474,0.19392418083673155,0.193971503785791,0.1927691997156993,0.19128522453302763,0.18971486181138364,0.18822423804615523,0.18739553775630952,0.1867468103195886,0.18606859665121842,0.18559544803689243,0.18548473641460808,0.18568520171030803,0.18599271544646614,0.18683949754366563,0.18772121383327647,0.18796394194709853,0.18787737310725922,0.18754307155308514,0.1870669399224127,0.18668585713628721,0.1862707160415726,0.18557925101616649,0.18415671184910407,0.1826669834869642,0.18139294654672583,0.18042908909694183,0.17930305083274595,0.17805742822910162,0.17681946061369844,0.1755396739820471,0.17452926792857296,0.17385815497461635,0.17311917626281983,0.17226773900319717,0.17137825533499182,0.17064995198201996,0.17002876389091903,0.1693263950692404,0.16834472627835667,0.16731665303791324,0.16620179634407697,0.16495949701377277,0.163637014626699,0.1625577887301343,0.16169412953831314,0.1605107898132999,0.1595514234261813,0.15871944418715228,0.1576355473127492,0.15657054434801634,0.15586709964360146,0.15570613303803443,0.1554340126957289,0.1549766105502367,0.15447957110219482,0.15451512433413175,0.15455785613062614,0.15448236405591825,0.15445556931517274,0.15447469148738444,0.1546505587555866,0.15508338979306494,0.1554821795667255,0.1560517610671457,0.15688460886668779,0.1574940485189899,0.15828468478833155,0.15954342330118465,0.16147418405105693,0.16350627344197624,0.16575061355659926,0.16864609941446934,0.1724004267162145,0.1768257363187774,0.18170791225693403,0.1872525345255072,0.193511922193701,0.20045441743673242,0.20794605916255365,0.21587904091312002,0.22408612455545782,0.23236181189617655,0.24107729553878873,0.2500826368507332,0.2591415838189744,0.268563848578744,0.277742354800953,0.2864414054428944,0.29559506723658147,0.30480427222419143,0.3139245389351348,0.323041149413446,0.33160618102598444,0.34001953799022033,0.34891137056033183,0.35731848812655187,0.36576895046679236,0.3745951750804111,0.3828361508919892,0.39106054304009696,0.3992543534360775,0.4065299378070493,0.41417052093843687,0.42198704793786457,0.42914343832869484,0.4357514917625867,0.4422856939778835,0.44907336668815445,0.45533253342097274,0.4610477881330088,0.4664123908893443,0.4719509107697107,0.4770527852709992,0.4816868907241183,0.4861104213958922,0.49006670419646536,0.49375872424392775,0.49741586415721695,0.5008787198342367,0.5042018925496062,0.5072465730062078,0.5093081606751848,0.5116623628794529,0.5142928388818391,0.5162315979892249,0.5181598063276227,0.5199917230216285,0.5214997614960543,0.5227968109684444,0.5243640879517882,0.5262452302620271,0.5274060271113009,0.5282492518838613,0.5289377016652465,0.5294771271443384,0.5304355487435324,0.5314706767089228,0.5320215466353676,0.5322673838832472,0.5326553553694272,0.5333526991687527,0.5337932736727545,0.5341089069723144,0.5343472579189037,0.534501686546295,0.5344833006205377,0.5346527385970232,0.5353565805338937,0.5356698606081779,0.5359255589575928,0.53629786600159,0.5361496505235404,0.5359368443096901,0.5358956938096634,0.5360940708436904,0.5365633624916778,0.536856820863082,0.5365398386563508,0.5364800739022637,0.5367301803724757,0.5370859837439961,0.5368889596446914,0.5368014122064138,0.5369905334046482,0.5372198420336339,0.5375303237600029,0.5376541430754825,0.5373592262257834,0.5371661370256506,0.5373418755876452,0.5378271156238035,0.5379062754202714,0.5377315375248293,0.5376452645411378,0.5381702352837757,0.5382057020201894,0.5379592058381478,0.5379100177404338,0.5379030468585594,0.537782577735652,0.5376159797395346,0.5379926658171985,0.5381207119774719,0.5380841305684472,0.5384731275348753,0.5386447144856074,0.5385641590210136,0.5384056754662756,0.5386488435872278,0.5387538063674977,0.538591172352788,0.5387679061141133,0.5388346244384774,0.538737341253202,0.5385977543542053,0.5384871152602402,0.5384686432233836,0.5385224947362052,0.5383455254053269,0.5383266421811249,0.5385747165828815,0.5388804166733797,0.539153441635129,0.5391804333442397,0.5388486364854677,0.5390869077687932,0.5392421147588722,0.5389745465591395,0.5391597095038717,0.5392819984582846,0.5391404771535079,0.5387630850394732,0.538992344163421,0.5393465714562955,0.5392074723861432,0.5390717912075739,0.5392213112148864,0.5395459233818416,0.5392521547408374,0.5391677165047042,0.5391973345866071,0.538920786654619,0.5393172607532583,0.5396197207930042,0.5392964011304707,0.5393219131796292,0.5395568911726362,0.5397835883135431,0.5396861984018653,0.5400667738359063,0.5404491548438018,0.5401920218149535,0.5400407674680917,0.5398534654022156,0.5396260669498772,0.5397295682288024,0.5400445371347644,0.5402308083195075,0.5399102077882515,0.5401713358331482,0.5404975171918224,0.540415227244815,0.5403812117880817,0.5405227333803556,0.5407604202661963,0.5408122003055849,0.5410286902354925,0.5411600408694951,0.5409333967158407,0.5408253808363572,0.5407505881743034,0.5406312467445484,0.5404340082678705,0.5403337592838265,0.5405193146234307,0.5411126522151799,0.5416659494169372,0.5417462747086345,0.5413487405299904,0.5414936660673348,0.5414961211513277,0.5413334003756445,0.5413854170119669,0.5410645073242089,0.5408992961871332,0.5413190591363356,0.5415830187731996,0.5417143560709485,0.541773470402068,0.541854867849022,0.5419409034490914,0.5419087488667266,0.5416579635176094,0.5413522441807902,0.5412208432421862,0.5413438320546968,0.5416183130912839,0.5413513130807523,0.5410370445230299,0.5414688889104733,0.5414489508432221,0.5414732440263678,0.5418301745791025,0.5420385985474168,0.5419141074048224,0.541771185407993,0.5421106625312254,0.5417904173829364,0.5414969615319977,0.541735881487252,0.5418192087545316,0.5417560427784894,0.5415929888044917,0.541438835704362,0.5415538901908061,0.5415980449615206,0.5413815299771377,0.5416282572893711,0.5417856403035591,0.541572976762173,0.5409960728115397,0.5415686120501697,0.5424002573312314,0.5423122510712054,0.5411901173862126,0.5410446727403637,0.5418132873917204,0.5413201563931643,0.5406892918907807,0.5401818870409769,0.5398913485056701,0.5399802457036502,0.5404710345476869,0.5411285886855529,0.5414416971640945,0.540568610904526,0.539538912983367,0.5395317022789208,0.5398244867313704,0.5397939916271597,0.5393905059836245,0.5392222273417949,0.5395761953917478,0.5398403669989,0.5393167155265987,0.5381189181614384,0.5377495015550927,0.5383309036034384,0.5383710914152254,0.5380597741859116,0.5377070133472404,0.5375050846895085,0.5367397614500956,0.5360934262512276,0.5356538623746067,0.5348504795739056,0.534640501662715,0.5345182908780803,0.5339194134698869,0.5336125445131334,0.5331144342025085,0.5325079409021032,0.532416837307945,0.5327566625876524,0.5327652821794375,0.5319800013156087,0.5314551975583253,0.5308764680508657,0.5304442041023415,0.5307071871041487,0.531185273987284,0.5311794670870031,0.5307012104169921,0.5319945641464362,0.5321721440421477,0.5314938786788388,0.5319012146766073,0.5311777854652331,0.5302525037482293,0.5301542040321383,0.5314336264111292,0.5313649577764896,0.5305634508118398,0.5309342233609461,0.531353956140446,0.5315482635592541,0.5315141163848077,0.5315453099729056,0.5321291947005786,0.5327493845690175,0.532769513088951,0.5328428276491888,0.5329406733923449,0.532780954940402,0.5318952216123619,0.5320222430254992,0.5326055661194034,0.5329916587642679,0.5342930778810815,0.5348255363379864,0.5346312103528682,0.5349039968421577,0.5351639630187224,0.5197539580425836,0.5196814610869552,0.5190275287126581,0.519143437976706,0.5196192364183674,0.5198100742307882,0.5207398863809773,0.521597422297104,0.5214468087730103,0.5214491860065389,0.5210611088073404,0.5207505591303363,0.5207379281466413,0.5205235911218344,0.5207205215782164,0.5207363956352061,0.5206339805919893,0.5204683938882068,0.5205698359996048,0.5202860335634053,0.5199319499130015,0.5199869834662082,0.5199050309359164,0.520100926561698,0.5206576493880839,0.520929406343312,0.5220878166447681,0.5232536324627027,0.5242173722378465,0.524886074892565,0.5255672030431896,0.5254074242557819,0.5246966846930708,0.5236711940518478,0.522618620793105,0.5226483594673496,0.5229480970867346,0.5236858009585758,0.52410245199537,0.524165411440945,0.5245236253306893,0.5245039383540455,0.5245724944504564,0.5247074260035293,0.5241156708917091,0.5238856338411981,0.523600157594911,0.5238528882658966,0.5241948057824763,0.5247302281176439,0.5253577794159568,0.5256871938437422,0.5251546555493193,0.5245833772897945,0.523973810939855,0.5234997474326062,0.5241696178653952,0.5246363596436084,0.5249444955023836,0.5256565086255512,0.5258087253492298,0.5253544291979334,0.525284463690168,0.5255519283492913,0.5249439418689525,0.5248896200454082,0.5249985436525,0.5249672840361075,0.52531746580769,0.525249303262701,0.5252765520352554,0.5251085970973672,0.5251709330992926,0.5256714258976637,0.5258736006827166,0.5260870883474557,0.5264700420410817,0.5264079603987665,0.5260993772175041,0.5258364116918036,0.525309256733749,0.5249702076101453,0.524906551076271,0.5251705168466799,0.5258582453352674,0.5263528780987189,0.5262563387083873,0.5261378864842109,0.5258198017572807,0.5250389097086791,0.5248451984848693,0.5253335220721956,0.5252904004961794,0.5250858028892412,0.5253891872262765,0.5251057759572281,0.5242940863832551,0.5241753458518209,0.5238714412333417,0.5235407030795267,0.5237622588187101,0.5237710922379162,0.5233775884008538,0.5231049792555199,0.5230513975011367,0.5231152859757616,0.5236099282611155,0.523529124468463,0.5234518895008561,0.5229613012233381,0.5220427606271025,0.5212825514564565,0.5214837006532365,0.5219856377694423,0.5221589821618426,0.5220100047775078,0.5215996726910385,0.5211007826624576,0.5209136646729572,0.5211430413828632,0.5210258951674075,0.5208512144414075,0.5204937438621037,0.5198936724487304,0.5193117709415445,0.5185415224574963,0.5180818150171994,0.517897773782962,0.5179818561236618,0.5181522754123146,0.5176422269281417,0.5165764366608354,0.5154691463047827,0.5146295261185797,0.5141729576604184,0.5135066504279882,0.5124630566501399,0.5115020755888964,0.5102035491551352,0.5091324950004248,0.5084328357467669,0.5072669693405181,0.5058239431157371,0.5043943328531773,0.5030957252632341,0.5020136515775635,0.5009630035930838,0.49968546742609726,0.4982148397838968,0.4968878220814447,0.49645805501251306,0.4961530352431038,0.49513886043450067,0.49451139554299206,0.49388950656275926,0.4926029331172107,0.491955696575297,0.4923652516085435,0.4919279301506339,0.4908811540240315,0.4905443114768357,0.49048174493173397,0.4898443724283895,0.4899736659130259,0.4901289416821639,0.48953223970621396,0.4891354216308026,0.4888622702364681,0.48852804991518417,0.4884427075016152,0.48834922441753964,0.48822140761261495,0.4880309078984419,0.48782195736254275,0.48753815260522154,0.48745235268835113,0.4873531807863588,0.4872267268384073,0.4871647839557775,0.4874255863553551,0.4872568679647247,0.48705871523499705,0.48706136380095566,0.4866822899943139,0.48644417600317497,0.48665677796901236,0.486587581520372,0.48628888942030346,0.48625990731076607,0.48628333614935465,0.48620068571933917,0.4864198909061526,0.4862309540372579,0.48520944143518985,0.48510376397380967,0.4856772836311234,0.48570362797592426,0.4858023441050692,0.4861155458280949,0.4860116101179089,0.4853805625310902,0.48546696222133434,0.4859959735781044,0.48612302712202526,0.48636441495417204,0.48661347575651537,0.48658857652372417,0.48666381359424515,0.4866681244102836,0.48679734704095007,0.4870183415718569,0.48718212235767094,0.48736448330529647,0.4875630602032435,0.48773869855540924,0.48790329337651395,0.4880410735299937,0.4882688283807866,0.4885518026084287,0.4888450393782999,0.4890141150216978,0.4892534637956557,0.4894247451546027,0.48951679084645766,0.48990069970080885,0.4903356956440057,0.4906012468217823,0.4907587370216031,0.49110071027555674,0.49149779312331054,0.4917031172849771,0.4919532230422345,0.4921948686236958,0.49219904369872375,0.49231088034145715,0.4926106554765962,0.4928286366311868,0.4929605971194523,0.4930335157868737,0.49351975896309275,0.49373955049621626,0.4934934065235336,0.49371084731440495,0.49410429141922474,0.4942667551426946,0.4943714681487702,0.4946437565665692,0.4948359769819183,0.4947477400725844,0.49481958924842817,0.49510896401539023,0.495279176618864,0.4953352985449546,0.49536573770875914,0.49538086814150306,0.4955247194206923,0.49574377097028083,0.495762851531059,0.4957613998132348,0.49580074482080544,0.49559311490247526,0.49555133994277706,0.4959149626585129,0.4960012354077766,0.49598046856439876,0.496054875562204,0.49617682093268234,0.49640081336637915,0.49632671381278504,0.49611139661399417,0.4960063982609576,0.4956915844647779,0.4955217923612818,0.49554334099711156,0.4955775115025419,0.49562620946724223,0.49556005772086154,0.4955764739038406,0.4955405232625467,0.49533004873848335,0.4951461675282041,0.49498023843528716,0.4948498866169758,0.494812211270087,0.49457757253316664,0.4941528679256703,0.49412868384506015,0.49384265933993976,0.49332279531209144,0.49301253166727793,0.49278171128824677,0.4925758914005261,0.49259117899742366,0.4922587777018452,0.49168557496752274,0.49131263772012085,0.49083344115152827,0.49040619130205687,0.4901289988793327,0.4898347949129256,0.48958388393483177,0.48917598773677556,0.4886715977824026,0.48830153082973327,0.4879939271390929,0.48744100689192665,0.48676549107577133,0.48627831643339386,0.48583502753407537,0.484967529690337,0.48430077594524773,0.4839884141824386,0.48315791163966676,0.4818837486078183,0.48094552733989865,0.47998668208823614,0.4790882193669639,0.4783327860571104,0.4774922868980495,0.476694499019554,0.47574267493658223,0.4747024620504708,0.4736752220785001,0.472491810858233,0.47144525310437146,0.47052077242901336,0.4695304774013261,0.46869913773269517,0.4676226050018247,0.466192547689958,0.4650624701731649,0.46416871431370493,0.4629561056227109,0.46161489584819987,0.460639573081932,0.4595183991113944,0.45817157838940836,0.4570175944617492,0.4561620099930894,0.4549996552786174,0.4535990702884547,0.45243588993223455,0.45137976254968487,0.45015169537825556,0.44884222616411074,0.4477292608318441,0.44661505157093884,0.44545613025905956,0.4444339516678689,0.4434192664652317,0.4423280276035838,0.4412136888798549,0.4401686415326494,0.43913194975354214,0.4380239098185497,0.4368999988638429,0.43588280870703383,0.4347886018419961,0.43364047909962566,0.4323969838006093,0.43113266850040316,0.42984329583161884,0.42855744793413764,0.4272576537653253,0.42583918923583636,0.4244374828761851,0.4229029079173592,0.42126793938450935,0.4195077985743527,0.4177236472382341,0.4157329875502446,0.4135544066071397,0.4113126958369655,0.4090360811797247,0.4064871709546421,0.403794566281503,0.40089119373548043,0.3977155914969108,0.3944361520587075,0.39113992998415703,0.38744129751930295,0.38342199483185485,0.3792999892751301,0.374886811690704,0.370384491525188,0.3658042196135377,0.3610729408729659,0.35609683734549524,0.3511096725177704,0.3459573075176217,0.3409105704719091,0.33569944579234917,0.33030573449558814,0.3252385698967371,0.3202536616367321,0.3151040978370033,0.3099088668920933,0.305095791623755,0.30027932695512094,0.29553109481371986,0.2910483056985877,0.2867647512749413,0.2824035033179767,0.27829332910427323,0.2745374798091826,0.270963203998276,0.26742721785940227,0.2641064701444538,0.2611166074391567,0.25828841260397306,0.2555768570774749,0.2529805173918272,0.2506314806339417,0.24840950022871286,0.2462242797521254,0.24421639389193844,0.24246193291904716,0.240785140252238,0.2391774736646144,0.2377055505180934,0.23651817111484738,0.23522535711381176,0.23385427264751293,0.23263678302038807,0.23158428845051746,0.23054773198915493,0.229685459449998,0.22911963129399573,0.2284047343741098,0.22768661997903514,0.22697269404719056,0.22619637395552072,0.22567105442164787,0.22530703236650687,0.22479910879585502,0.22433757019207715,0.22399201811716335,0.22355749895709978,0.2232537261046685,0.2232310626848319,0.2230569083483416,0.22277338363135554,0.22257191605475496,0.22235776824056688,0.22228145080734557,0.22229338035350912,0.22230438615909032,0.22249740254322772,0.2225432760506339,0.2224091256904432,0.22245375506074816,0.22254100059791052,0.22265194256022458,0.22295743767766202,0.22312707658331818,0.22311513236945688,0.22327044436133145,0.22344684006950136,0.2236838802902148,0.2240761395962312,0.22445726805209432,0.22488686230178503,0.22525348936209097,0.22568662055958838,0.22616386396793428,0.22661685800390743,0.22701384846560269,0.22762450674954898,0.2283748915149438,0.22896301959192117,0.22955519045492048,0.23030200501337925,0.2310262066196315,0.23174227489712027,0.23257948494633973,0.23349638854718216,0.23441146195447876,0.2352280647299876,0.23609854430068933,0.23710288270840832,0.23802321753829325,0.23897354065218382,0.24016069300913792,0.24126176445379094,0.2422519718537609,0.24320233016741982,0.2441539505473431,0.2452178759835369,0.24618414480367617,0.24724561265668693,0.248582757265637,0.2497382338823121,0.25072161960930894,0.2518225466118269,0.2529724042592453,0.25410214579765394,0.2552398570834326,0.2564101501503214,0.2576013541927062,0.25877335041308885,0.25999473717798466,0.2611711444606406,0.2622504366225313,0.26340923702780644,0.2646775050364898,0.26582060849252276,0.26686199694001816,0.2680083171516733,0.26910619277411235,0.27025136711033587,0.2716278901281598,0.27282940478836637,0.2737935592060567,0.27493756706710926,0.27612825228890875,0.2773454650220227,0.27843820373377004,0.27960519370630715,0.2806968749439892,0.28159184269422777,0.2826637378251989,0.28387191213902263,0.28498663226122295,0.28607189341067035,0.2871430463688184,0.2882125949600369,0.289280368989696,0.29034631507364395,0.29133088109541644,0.2922550505782542,0.29327731898237924,0.2943423298501426,0.2952320956801119,0.29603158906669325,0.2970373020070532,0.2980580860445071,0.2989309950449928,0.2998506823954412,0.3009003929353077,0.30189059635353294,0.3027553714463203,0.3037250086814381,0.3047520887379032,0.3056296266994181,0.3064611848366206,0.30737536082887024,0.3084416147362448,0.3095295797509453,0.31034596974396866,0.311191745922541,0.31216685176460185,0.31291139987249306,0.31367086782835996,0.3146798502912707,0.315648970447167,0.31640323427669653,0.31719447490430297,0.3182074406948024,0.3191075965391,0.319776674655567,0.3205403855027217,0.32151675586364503,0.3222698162154357,0.3227464909779084,0.32344971506706044,0.3242741703227788,0.32494154245827533,0.3255508817421936,0.32630383893576986,0.3270707949946751,0.32774227928959654,0.3284239009389353,0.3292428042144222,0.3300851597337467,0.3308124507000306,0.3316316416706751,0.332453179230149,0.33322659926920967,0.33381037134632424,0.33426702472314235,0.33492201102465513,0.33544993937162676,0.33603723477801306,0.33696664830473083,0.3376859492275387,0.3381451646432995,0.33873680408972373,0.3394166811637491,0.3400258835828055,0.3405221427404537,0.3411898707804279,0.34201720660948487,0.3426898214744257,0.3433624475275154,0.34407484770226854,0.3447319014313794,0.34531592249961923,0.34588252573396294,0.34654115708047484,0.3472121244857135,0.3477557294872288,0.348338896553884,0.3489144769838833,0.34921784450835647,0.34972761648700096,0.3505783177777499,0.3511755274222151,0.3515401646504573,0.3521415484879122,0.3529490712249426,0.3534176011333507,0.353703849182151,0.35426203743944656,0.3547421044736302,0.35513320744414284,0.35574566000175056,0.35635539878931466,0.3568092030844156,0.35721122526187493,0.35766929451166357,0.35817507536024434,0.35851616287701293,0.35897079815562827,0.3597451237804669,0.3602855965634175,0.36066858612641034,0.361066805423637,0.36124706115006805,0.3616377902036113,0.3622933301948267,0.3627271254882282,0.3631394189097411,0.3635287721635588,0.36366775491586245,0.3639532025185064,0.3644973849552378,0.3648227699085846,0.36492038320982256,0.365218051685558,0.3655670230779999,0.36583726287933216,0.36622483875542855,0.36655705261725813,0.3667664455510798,0.36695880808839476,0.36720638838272973,0.3674056001591558,0.3673961169631676,0.3675596640084614,0.367923758186563,0.36811321805448566,0.3682355041870572,0.36844305775625197,0.368597662617038,0.3687476336893381,0.36911482191961104,0.3692319961013544,0.36897144335233734,0.3690172417754116,0.3693210166118615,0.36929697111715715,0.36909187524430376,0.3691089608800372,0.3690101784100736,0.36897000331337126,0.36933727877553646,0.3693856569910004,0.36902846527526956,0.3689272988815809,0.3688479655675708,0.36888790957724366,0.36927868217198023,0.3692742712570434,0.36898649357114294,0.36893876582368296,0.3689182261966616,0.3687146852927247,0.3685212345712721,0.36839981039591513,0.3680308660903597,0.3678631031524422,0.3681940975013288,0.367978402258498,0.36726004645013216,0.3669930674347448,0.36679711339806476,0.3664900088239306,0.3664719499032089,0.3662218358205304,0.3655276814895237,0.3651443581224566,0.3649945821471406,0.36469414435497965,0.36441921581205633,0.36411138962944606,0.36370783320817446,0.36333882446289284,0.362980296483303,0.3626580579081284,0.3623769631327472,0.36194584743453473,0.3614222763707789,0.3611239546301563,0.36081986047789993,0.36049109029756304,0.3603926859113779,0.36002887210400164,0.3593846286354589,0.3591235975922472,0.3590140148847279,0.3586842123190377,0.3584325761272711,0.3580890198511401,0.35753037426069906,0.35713178248305727,0.3568487875658545,0.35655370690358873,0.35624467017467004,0.35587396004541305,0.3553736251641017,0.35467469897976395,0.35417018220192037,0.35405902521220867,0.35372147059219244,0.3531670674480132,0.3527384774786554,0.352263318283034,0.3516707440398699,0.35124933117349183,0.35094850717685405,0.35040219276579926,0.3499271698906516,0.3497056153993436,0.34929495623308754,0.3487799645654428,0.34838633639484634,0.3479044431585933,0.34721193853168736,0.3470676279578985,0.34653003363009055,0.3455638941970484,0.34509345452560425,0.3446918530054871,0.34418830526834115,0.3441018174859692,0.34377342462127136,0.34310751098142334,0.3425000258713743,0.34196810810624634,0.34139969017021327,0.3405908402510376,0.34006005631746544,0.33985599237881237,0.3393162960695345,0.33867632230810824,0.3381494108777324,0.33746858323158496,0.3367825408654231,0.3362461932611491,0.3357563075092765,0.3351015602095298,0.33464267460377434,0.33445742273401635,0.3339125586145167,0.33341848173814553,0.3326155010895414,0.3319795444096602,0.33169140341306086,0.3313615825533715,0.33113053437506623,0.33085938443436363,0.3302046943921049,0.32956276348068786,0.32934046911817083,0.32929627186642385,0.32933581686139074,0.32903883445936943,0.32829629676239586,0.327834906376674,0.32747537289746,0.32736802436793205,0.3276499403651683,0.32735067758944075,0.32674836777898486,0.3267085383564418,0.32698566024485176,0.3268410291028606,0.3266866750437246,0.32647610931454085,0.3257501127212301,0.3256579388898825,0.32622334341964604,0.32624117900095057,0.3259278765379134,0.32587952422777317,0.32593565355348275,0.3259463624898368,0.32602495180396995,0.32653485394861553,0.32647043973900547,0.3169690330806402,0.31760803023490375,0.318027147554903,0.31842287729225854,0.31894579414802804,0.31919599805360277,0.3185331818089434,0.31871188592843536,0.3189990228943465,0.31907273998832525,0.3195353656065835,0.3200134759488367,0.32060103910470555,0.32019228711972236,0.3205807177462005,0.32064306048642044,0.3199749744764285,0.32007867233656084,0.3202633407017562,0.3210245552684371,0.32107440958090666,0.32093932834041444,0.3208053290733324,0.3208525125084458,0.320911189645718,0.3214420801117874,0.3216444764952807,0.32155439640251643,0.32091876195524993,0.320572488668621,0.320038423715398,0.3197638551166045,0.3196991595687689,0.31944762985570524,0.31895631918642536,0.31940114845969236,0.319512060067741,0.3191345312158424,0.3186947271582658,0.3178465643027413,0.31729971563847803,0.31686550114734785,0.3162672608342888,0.3152249228235699,0.31447598635806284,0.31326231089715323,0.3118041166842855,0.31094582977163454,0.30995411430138003,0.308918103303757,0.30766751350019494,0.3068548005835733,0.30581530893116565,0.304347852460031,0.30280606074822286,0.30079604134556,0.2982448234179453,0.2959936934460002,0.29380394086050754,0.291296801436516,0.28889668263205087,0.28685341590913993,0.28424716852447807,0.28099530479996004,0.27815365331388586,0.274820313569885,0.27120708232709995,0.2681468244623792,0.2643243844989111,0.25995841618359417,0.25578425787324827,0.2517616166200429,0.24692067402456752,0.24226558835894457,0.23818949019285052,0.2335685912787216,0.22934143172827745,0.2250122149812227,0.22002944309231035,0.21538956156109598,0.2109206588356777,0.20636261494540975,0.2019140941941054,0.19739948622560669,0.19242603560946017,0.18758345902020218,0.18343109365866753,0.17958068300720653,0.17597251066163364,0.1725836815174696,0.1688543613099303,0.16536455269476563,0.16193483477344978,0.15869658245384163,0.1554140142169889,0.15271554960340444,0.14993332329183107,0.14733703068610815,0.14543906531893358,0.14369996987080003,0.14211789664602953,0.14041217138816153,0.13906796515620434,0.13747720596470342,0.13540169772137145,0.1337879708046089,0.1330818859322448,0.1323861851011334,0.13196534019425366,0.13120363553547204,0.13004271156606828,0.12935666249358013,0.12860707277815833,0.1277937461303894,0.127311930181308,0.12712048542143398,0.12659345502490255,0.12651111246080968,0.12673449937828132,0.12615220121341172,0.12577661304277016,0.12572770111268944,0.12507217307257626,0.12469658692836491,0.12472709904457117,0.12470322873401865,0.12441577257559851,0.12442149895057714,0.12502750114487113,0.12540749307886837,0.12562811622962164,0.12530713213558398,0.12541022639910715,0.1259449016273633,0.12598213260635782,0.12597604274249227,0.12614971464238167,0.12595962573377997,0.12589476698175464,0.1257553092317801,0.12637111259921016,0.12740457140169295,0.12794981848688808,0.12776739391488096,0.12807460567248088,0.12893391043620492,0.12922909831658563,0.12943326004722605,0.1303324291053521,0.13072082535089483,0.12979213312023327,0.1299213603894049,0.13088730815437538,0.131622017007652,0.1319547790425603,0.13188464035142414,0.1320588517270576,0.13263860158451857,0.13305697465437397,0.1340433741243691,0.13461460320579846,0.13447972654717097,0.13483054814918705,0.13541504815451194,0.1360764497700671,0.1363213968383588,0.13693917265993708,0.1377212259981509,0.13808194582783526,0.1386311127952851,0.13956598906588705,0.14027021351342434,0.1406493939308186,0.14123006560404033,0.142106808095741,0.14257584125220574,0.1426245547852358,0.14324798239163036,0.1432434762789183,0.14365307281095951,0.14487898090901422,0.14559062358617195,0.14636143449232178,0.1475281962342039,0.14828056852349117,0.14860672653239465,0.1490687514801065,0.14937001275105163,0.1498484655106016,0.15021595906612584,0.15087543962247185,0.15176987293741745,0.15286048015489717,0.1537825216726221,0.15398623807950582,0.15444388766262457,0.15461173921350782,0.155295675521343,0.15624371061502623,0.15699669105173278,0.1578691400260596,0.15858147767858588,0.15876424627624963,0.15996894973116735,0.16062992565319248,0.16111769613665988,0.1615261273034986,0.16185060635605505,0.16241221060442873,0.1631040135143872,0.16387021560267176,0.16497855250809934,0.16566443402606695,0.16629210616313986,0.16694495194663064,0.16713126100119727,0.16764890594915283,0.1683194675267315,0.16928591618816613,0.17017073883461192,0.170476915808709,0.17122130280513212,0.1721071418121566,0.1728624811234664,0.17377690869471749,0.1743851627342059,0.1746357912793074,0.1751266190883578,0.17576229558349118,0.17620804215470645,0.17690516807582352,0.17682207674242278,0.1771551058249968,0.1776995207715465,0.17832734869035957,0.17960389897112408,0.18024572699924105,0.18064957991577688,0.18098297433318014,0.1807632762108048,0.18116004565415522,0.18181862890837816,0.18231625250481207,0.18318181579384243,0.1839343102115404,0.18478589757389988,0.18505498702743045,0.184835081240569,0.1851882394187689,0.18558375512360034,0.185566938811219,0.18619712211275255,0.18797604887317274,0.1885464931393405,0.18816874365817987,0.188782767625957,0.1899225884010053,0.1902550798665845,0.19049625182069244,0.1910767708311656,0.1911582299771673,0.19131526745155214,0.19152457870967324,0.19233567950911992,0.19289035858425227,0.193156360131845,0.19322022038089467,0.19330378483364083,0.19374523038980293,0.19377302529974963,0.19412453121665063,0.1955533308640888,0.1961709768730154,0.19605912367539122,0.196319795697712,0.1968542752627626,0.19673310930496687,0.1969756997502222,0.19721729004853755,0.1978955057490273,0.199075150294354,0.19940459883698286,0.19942101262940448,0.19999268274772977,0.20038619390173337,0.2006313437688149,0.2011663237938291,0.20192591658449252,0.20267829141538735,0.20300255347344312,0.2033931621663936,0.20403785890684026,0.20442476103612675,0.20434032777471278,0.20492539216045302,0.20648272764756148,0.20719780059221185,0.20764433222543757,0.20799555675528958,0.20786428451377528,0.20827631554318005,0.20888889342633488,0.20932848005808147,0.21022923693360385,0.21072981587348183,0.2106325984804623,0.21082982776501052,0.21123980574848783,0.2112493400589867,0.21187295539641243,0.21265914909595363,0.2129016162387378,0.21291593916578438,0.2133352650062392,0.2134102990557242,0.21385714805166864,0.21487451825534049,0.21580190398439084,0.21699053802712354,0.2175939277990907,0.21777944359405957,0.21846973640723824,0.2191522411180595,0.21958349603351368,0.22043260115878835,0.22105622684701526,0.22055869200945993,0.2210661096968201,0.22170754332392892,0.22302317226526006,0.22353096236447265,0.2238676105879944,0.22441055395642762,0.22478709848371356,0.22504636827386867,0.2252894854894148,0.22583384119218008,0.22690001736342852,0.2267107106267346,0.2253261018767351,0.22552454602819713,0.2257455345200561,0.2258546816623555,0.2271641416309889,0.22866874794774186,0.22891432014839733,0.2281408092318679,0.22845773689307544,0.22921230053408506,0.22997394158044568,0.23126751827767633,0.23178461542305723,0.2320214930431843,0.2323453263762707,0.23211155807777267,0.23233077733554722,0.2331406319060661,0.2334399543914277,0.23351610825354957,0.23360049329881447,0.23349541414408842,0.2333919000574189,0.23304004128287747,0.2330456754155143,0.23325374477311847,0.23345133356193035,0.23354977721704656,0.23355733552966565,0.2343784550859058,0.2359959056602262,0.23605551433658467,0.23595776127669407,0.23595245809834756,0.23432193222186823,0.23422392407025966,0.23583055458996102,0.2362445544515506,0.23593689482185984,0.23629539831786936,0.23733323816794022,0.2374242161879316,0.23684274726133175,0.23707462966012058,0.23692388307280618,0.23694036631924095,0.2373358580418401,0.2390552869920625,0.2394964892898032,0.23901502835413796,0.23952945719351051,0.24043978618468187,0.24084834135514321,0.24160172106037558,0.24185313422072643,0.24135767621936885,0.24130021758506676,0.2411748916026115,0.24135538196665296,0.24213626616439843,0.24215936721000406,0.24174514472197045,0.2417736273474672,0.24152215832526516,0.24136476639799623,0.24149717020195066,0.24183937515411397,0.2425296033911958,0.24270400120110913,0.24284503051207423,0.2429897958036195,0.24326733117750826,0.2429948260586933,0.24304719066832306,0.24373357959263992,0.24382981622186162,0.24317403058085996,0.24338392758151925,0.2445288482229377,0.24430588342148626,0.2431864596399948,0.24321425203195543,0.24330155471480225,0.24289325641539763,0.24337880612216853,0.24319289927387674,0.2412219835934599,0.24063751647905385,0.2414034908967504,0.24118086737581887,0.24035508253125376,0.24041780613887037,0.2410333462013151,0.2408858080773948,0.24116314687424364,0.24084557035410645,0.24028839992123685,0.23974638276704555,0.23812628900887076,0.23719745356773697,0.23691829337874218,0.23660854500496983,0.23555188110538994,0.23478304533605465,0.23507394332688855,0.2352452435072518,0.23456946066840106,0.23514133340551907,0.2348261228201953,0.23201588485292593,0.23111234201474462,0.2322387658463789,0.23197482414172962,0.23121606608110615,0.2303673567676126,0.22915690861392438,0.22793817650008785,0.2257105594264954,0.22503661365070232,0.22577747531049644,0.22547609547826075,0.22578039782993772,0.22561038784467977,0.22462059608788365,0.22305780784089868,0.2223073405747491,0.22172403235192334,0.2222174476579563,0.2226207740567363,0.22159775180739785,0.2214806078280502,0.22140797544286794,0.22062166741049488,0.21998292540394282,0.22036647317625782,0.21986731957884523,0.2181004546714147,0.21702773123815777,0.21661924370737892,0.2159964680084169,0.2147274923311979,0.21421643961198503,0.21459046181255992,0.2140191797696853,0.2136393486626513,0.21270247315181148,0.20998008253012446,0.20933847086671492,0.2096339957138899,0.2096606798170106,0.21136329940797136,0.21180118586664448,0.2115796684841965,0.21081394020344396,0.20854237496479333,0.20775050282158028,0.2073392522700655,0.2066563993624904,0.20682140964891219,0.20717950097038887,0.20795852880666066,0.20709501560200466,0.2072219011604412,0.207254048253239,0.20564244256223313,0.20482768812233987,0.2051942379639181,0.2049358116943211,0.20525341345926415,0.20561880219620168,0.20406889793183886,0.20299957939306973,0.20280083442385216,0.2025145665045304,0.2029887289064996,0.20375077871488081,0.20356756067415957,0.2026131801364266,0.20176499480830368,0.20004357543117451,0.19942034651565532,0.19927743584798485,0.19916494954394653,0.2001889682024196,0.20003280179727323,0.1984260465234632,0.1986133955397785,0.1998266744517544,0.19959271874415763,0.19973203435487302,0.19965393805048223,0.19872821210260228,0.19726512786835085,0.1943117220524286,0.19428862823791743,0.19614784342084568,0.19607150131679543,0.19742970182495612,0.19766432975874462,0.19455853175068835,0.19340805422154198,0.19413982689224799,0.19428676519122098,0.19461690704239915,0.19414348153227357,0.19282063227792406,0.19262651136381637,0.19256636015317835,0.1921096588756746,0.19244966519841747,0.1923530723931277,0.1920291235158571,0.1910848771494852,0.18925003580944283,0.18787223378232779,0.1881760803146848,0.18765793806210224,0.18724290102324317,0.18920888829516927,0.18974291618772032,0.1882174751566066,0.18869695406234807,0.18894854156611546,0.18518837682547581,0.18354835407809394,0.18515078087377213,0.1836982396221848,0.1830982707058739,0.1858297625068508,0.18564251587457695,0.1821920568330979,0.18135341874485825,0.1825610050013642,0.1825566912080077,0.18300303639535187,0.18485962363277927,0.1856118243455724,0.18381911149860553,0.18250231087064117,0.18267350017536055,0.18191713284980285,0.1816294958284409,0.1820132618990217,0.18097522580351774,0.1804588807864648,0.18108388699078493,0.18053931418797176,0.1792931123247569,0.1776573213689774,0.17569494193850185,0.17600088460386917,0.1765225803669221,0.17486515613155248,0.17323660568720292,0.17195124265175452,0.1722835141599838,0.17346131910853577,0.17224395283750998,0.1715258667294511,0.17316349883764143,0.17338480147930996,0.17391230687885895,0.17493357724504022,0.17307879898322912,0.17374256274021901,0.1756244741040745,0.1749954872064154,0.17396475738941247,0.17119080665485503,0.16920348502973143,0.1696327694053794,0.1687570630924568,0.16788087290607104,0.16878996712066424,0.1665993293421935,0.1658876355270414,0.16802279702446696,0.16643843162456,0.16752023105008212,0.17085653440862267,0.16984901273100264,0.16647713024599528,0.16476691877398605,0.16566212326403879,0.16633208720624615,0.16491418842458833,0.160940596949497,0.15718081256594532,0.15648449974680498,0.15771767046717808,0.15877756608822935,0.15644039824792888,0.153163009479364,0.15461044551037467,0.15771459545632444,0.15979729693747602,0.159303727712993,0.15488117548008642,0.15290654746008678,0.15411460539776878,0.15148848027364067,0.14813722265825843,0.15005284685029266,0.15056821888931093,0.15111439150231637,0.1555066274127005,0.15434272485186035,0.15305567792237532,0.1528824772893014,0.14728058127624952,0.14751967077194122,0.15072146250072468,0.14981344012518175,0.1526131144804834,0.1526926186726325,0.1467086652795935,0.146331376899257,0.14775432504021566,0.14653985794408286,0.1416277892585137,0.13456021810718707,0.13580369919818083,0.13979343763971191,0.14405023386409468,0.14877483651470008,0.14106751613644206,0.13794873802971716,0.13292636702409563,0.13472316981670643,0.14574459901927328,0.1476802295947138,0.14919031554183249,0.14782934456679753,0.1367593088874499,0.13559292701169087,0.1412108044548489,0.14129754585924,0.14023374279380652,0.1386806749580682,0.13591202096974117,0.13275798284358975,0.13530806740575788,0.14361980533800556,0.13872702448139412,0.12988884470813994,0.12490634076707334,0.11886476809774792,0.12031561299860004,0.13064472560291332,0.13291743754008745,0.1274679316156404,0.13015900874999228,0.13324469964677926,0.135089253548311,0.1382568575677797,0.13437833635058558,0.12119007995429495,0.11345350545355605,0.12263689677852047,0.1226548277987513,0.12010874965312443
33_2_PETVI_1_T_1_00000,0.1312963841683908,0.22285117091840256,0.24859489830066553,0.23270624389699696,0.206805868588809,0.1985790694015734,0.1687969511865001,0.14470056667031883,0.1767378495640808,0.19286671935063615,0.19930316842170595,0.21132132025633923,0.20656037118404685,0.19692068993517303,0.19105230525030284,0.19030739769740307,0.20130049578271061,0.2109869281784787,0.19317686081561725,0.19243321103603994,0.19216195090774257,0.17339017181322722,0.20501724003727553,0.2263768611012861,0.20804921516147976,0.20754992456574148,0.20412931134541348,0.19256225240474995,0.1798272814690531,0.1840531072386101,0.1944252926242608,0.1932454566775877,0.19079936502610054,0.19965176718920347,0.2163031652944471,0.1886084410971686,0.1785239746738785,0.1970801847252438,0.19086486949005985,0.18636586543777908,0.18743507694466366,0.19046893798947187,0.19594094362536613,0.19899450028392918,0.19670244449568125,0.1950853587959053,0.19569805144216493,0.1946757596754278,0.17571749730691996,0.17223043014411193,0.18682033079646762,0.2045122397815524,0.19712945036314317,0.18070096716184597,0.17741555570788434,0.1767319891211228,0.1793718879644579,0.18482490133978163,0.1891597600787872,0.18547893364900797,0.17795416743352244,0.18179588169174724,0.18841460569236348,0.1906700970153838,0.1833370898706614,0.18264159841459437,0.1872037509380399,0.1918801932544329,0.1878040466006309,0.18434556842579133,0.1850182244727629,0.1844230526029337,0.18619548427980512,0.1898516540365582,0.19276006141993973,0.19013513550834762,0.1866217120818083,0.18744448440124564,0.18666203157632852,0.18764294491522618,0.1913816605449609,0.19104724947204885,0.19289614993795162,0.1962263056631763,0.1928325081265276,0.19294793557779588,0.19587895665830957,0.19688268459654804,0.1958960769351655,0.19542438738165635,0.19711941404911743,0.19705957343812164,0.19758405290258524,0.19935131979063117,0.19989550999652342,0.19770125735320176,0.19465049870836845,0.19535607571379932,0.19715642467095856,0.19939320256000254,0.20165842949491092,0.20208927399405757,0.20099152597951536,0.19938528519814452,0.1992669000205164,0.20217053367931048,0.20619005677224284,0.2040731916674566,0.20247639573804824,0.20273940547728916,0.20380868521601206,0.2038400009421446,0.2037483295781134,0.2046519506852271,0.20509706230437494,0.204819295295779,0.20420548116144108,0.20516138626728325,0.20503035962953609,0.20359800544404727,0.20283530555614881,0.20322076655641322,0.2040787667722541,0.20421265911162761,0.20346022985472548,0.20293125776377016,0.20339159055524778,0.20338134342985223,0.20391805289499296,0.20508091320506489,0.20522219040242634,0.20460596696726052,0.204031078948859,0.20482729964378707,0.20431898963434264,0.20329225372283702,0.20330917048096558,0.20335881382198123,0.2038252213995171,0.2046715653843357,0.20395466797931133,0.20383439190257105,0.20483694950278347,0.20525151712129727,0.2065158350237372,0.20781011716086364,0.20729961881001452,0.20817433232563656,0.20961852905410555,0.21022881675172958,0.2109514572737758,0.21129491436007586,0.2113945710934897,0.21337071599863802,0.21464376604634094,0.21537023298417016,0.21876791192360442,0.2205332254481294,0.22144129263205545,0.22412027672254434,0.22625600406920957,0.2280887399707419,0.2302507043398417,0.23285624332976018,0.23650768204891584,0.24104343628027333,0.24485308203554998,0.24788452989706783,0.25080954338767086,0.2550916657185815,0.2585687373532956,0.2620305755424857,0.2669103681897315,0.2706825198121056,0.2738542820050096,0.27727954619541495,0.2814138814662489,0.2858051542053471,0.28989020160615603,0.2928447223103195,0.2953961739449031,0.2978996023931105,0.3005634019538024,0.30262068960224414,0.30466641984880827,0.30737486638205297,0.308696379773769,0.3096874590018807,0.3112369612653273,0.3126539098302294,0.31380750752468295,0.3147147993840373,0.3155863211723769,0.31630869602975387,0.3170569130079004,0.3181394881630884,0.31891151422361047,0.3194771580522552,0.3201093197916865,0.32092224915465434,0.3215404110947635,0.3216847628209948,0.32127305265683304,0.32138026911537754,0.321991145800494,0.3218428127954781,0.3208713616901266,0.3195714296339774,0.3187737169369291,0.3183613853150531,0.3174717116835943,0.3155475940245026,0.31447974694581926,0.31336285572489875,0.3116290456101915,0.30987129084629306,0.3078494582578032,0.3056580804008951,0.3037510695094579,0.30111370336860105,0.29826366392937936,0.2962486744182396,0.29439025646409445,0.29223895630412944,0.2896510768884151,0.2874946904012041,0.2854844024033682,0.2834165384455722,0.2812487323001745,0.2793953632776311,0.27789297233881466,0.2764735994945988,0.2751184805078901,0.2738171185154651,0.2725551996734279,0.2712577017684082,0.2699000630491501,0.2685823902969555,0.26784679025667696,0.267052388853807,0.2660281690370461,0.2653520814656127,0.2646963255236949,0.2642105089803276,0.2642909154963679,0.26415535302869025,0.2637859099125284,0.2633525414500271,0.2628159589639092,0.26203472861889543,0.26096373034006226,0.2597990039397502,0.25864316222507816,0.2575763728995522,0.2567369066631117,0.25499755485289655,0.25280499291461256,0.25134440566368776,0.24913817501536833,0.2468884588894014,0.24545102878388803,0.24404372070466562,0.24276712704382247,0.24181533343276082,0.24162740997010987,0.2412246328229308,0.24049658308438696,0.24018035119720127,0.24040281493931415,0.24054504427546142,0.23976273031103637,0.23866987387382363,0.23760040959246626,0.23679113762340281,0.236362946907629,0.23600332104578128,0.23561109426168333,0.23545219046124624,0.2353443645988991,0.2353469478325234,0.23566685091668235,0.23603831477107384,0.23629348893749033,0.23628367015368168,0.23583078103531413,0.2351658454837822,0.2345438418510625,0.23428875551248046,0.23344325229165713,0.23198646277273796,0.2309914838955073,0.22978628966960077,0.22836080282505145,0.226929321257799,0.22519404925987394,0.22344704242498267,0.22201394301519756,0.22091110105552003,0.21971339981296797,0.21828446098407753,0.2170670165333624,0.2159484589460652,0.21486835959317124,0.21377688740677686,0.2128131627504738,0.2118213813891974,0.21058855606975793,0.20934778312893937,0.2079774115677067,0.20641180409461374,0.20490038468599325,0.20352052466610304,0.20226475190378124,0.2010823792068711,0.19940919741748642,0.19760111585969542,0.19649664015698093,0.19554484291768123,0.1948396300054191,0.1944583040829343,0.1937514418217272,0.19300249847761322,0.19248021880198904,0.19236836559076656,0.19224047928485813,0.1921119650774574,0.19236767778191005,0.19235127553728512,0.1922593638753789,0.19252412905411714,0.19298084394534729,0.19356304843719888,0.19425128035493897,0.19510158733278027,0.19630994111350383,0.19794553501947082,0.19988931276094177,0.20244488959185417,0.20572604420513044,0.2097529174176364,0.21471956837391248,0.2203555582502101,0.2264075972315494,0.23325805004353029,0.24084921320457495,0.2491151525663565,0.25811746776960254,0.26719378903046864,0.2763461846189447,0.28605495756716914,0.2958750932899343,0.3056312857951261,0.3153180045356679,0.3256071012803305,0.3356051005951476,0.34489222021477,0.354674258926506,0.36428553915966055,0.37356286240421926,0.38280861879962036,0.3916779701008251,0.4004436074371601,0.4094920453123297,0.4180823665616261,0.42648781568768984,0.4348733906928115,0.4425515745666754,0.4503857793007663,0.45842363447524104,0.46555606510898945,0.4727727173120411,0.4799515555695859,0.48653385361207746,0.49291887013363445,0.4991214011147197,0.5051091287083935,0.510857955135906,0.51611301742956,0.5208042568178429,0.5250653224852018,0.5295307880723037,0.5339964338039472,0.5376985653434543,0.5410432516487944,0.5443409480312879,0.5477503930087471,0.5507340941677464,0.5537245551972029,0.5566285703985764,0.5578887108921092,0.5599187512845923,0.562666973749004,0.5642880670834728,0.5659465922290243,0.5675605608533117,0.568830407599777,0.5701539035913501,0.5713275347051866,0.5722309856111716,0.5729967387200374,0.573960920852624,0.5750248978777943,0.5756996285041511,0.5761500357955569,0.5765918405412107,0.5772013623250686,0.5776099060157763,0.57804269781822,0.5785872193544359,0.5788258435057696,0.5790374307814267,0.5793118715419708,0.5795887769027446,0.5795412978359602,0.5795648069579493,0.5801251871869588,0.5802545044243583,0.5802954270400439,0.5804765320065354,0.5803075827769566,0.5803396815226758,0.5806398474534108,0.5808401642109536,0.5810265012984059,0.5810355444905683,0.5807667140102925,0.5810565324730483,0.5814785044387821,0.5816271705371763,0.5814523213085333,0.5812060188872554,0.5810550862879281,0.5811047635482723,0.5814293335953713,0.5815888699477682,0.5811667349880081,0.580970742596829,0.5811774059161684,0.5816921873476426,0.5820055282092859,0.5819759813989627,0.5816925295599747,0.5814618732137975,0.5816450388862341,0.5819225058607937,0.5818552212878635,0.5815270199992748,0.5814205080879733,0.5816620865681414,0.5816310634665909,0.5815411544675883,0.5815620895952701,0.5818429957533819,0.5816310432674253,0.5814971739152586,0.5819630941907112,0.581973891393377,0.5816947524093521,0.5814504232248312,0.5818307516941351,0.5819229481991787,0.5816356782072224,0.5813025771117176,0.5814408062152271,0.5817527824588673,0.5818506309967254,0.5815347332083144,0.5813019316633139,0.5813401295213146,0.5814749170147593,0.5820749786573792,0.5823876062531169,0.5815724613855735,0.5815287786735737,0.5817168866859194,0.5816650173671462,0.5817844445467646,0.5816244956191533,0.5813055914031653,0.5813770978776694,0.5814487299947152,0.5814695327260865,0.5814391627453549,0.5811339416414685,0.5812906771299894,0.5819024569182293,0.5816317329106441,0.5811956843031998,0.5810198262954105,0.5813798035405294,0.5816237564462743,0.5815814255437903,0.5812879454399059,0.5811004822988813,0.5809718926304935,0.5809474184147345,0.5811581223718418,0.5817430775002874,0.5820581462656041,0.5815162305824377,0.5812020197042064,0.5812036147399534,0.5814621999736644,0.5818590906054681,0.5818803754480938,0.5814726173398777,0.5809284413608535,0.5813850286520381,0.5817644057311472,0.5812954518842175,0.5812355828022044,0.5816361238163197,0.5822402618343384,0.582472189967519,0.5820483845252062,0.5816261184686947,0.5818401983608,0.5816184568388002,0.5814800056906332,0.5815840341128232,0.5813702502902602,0.581086507498079,0.5811532964085201,0.5819022272333114,0.5818716902042437,0.5816788556277925,0.5817930707592319,0.5815879417947601,0.5816915615136693,0.581909575335393,0.5815242315861924,0.5813009842786244,0.5810846381505618,0.5807886676523552,0.5813375547661854,0.5817152730497546,0.5817094345639099,0.5820034123845983,0.5817518021609588,0.5811836390021408,0.5808236443915682,0.5809222464759162,0.5810437907567607,0.580991493579317,0.580986937470166,0.5811978592382555,0.5812995028273484,0.5808900823315699,0.5807350947520163,0.5808785062832804,0.581155423941174,0.5811639700107368,0.5807365586043195,0.5803745062950024,0.5808422862909058,0.5810466654017808,0.5808679583571899,0.5804268238064655,0.5799794471288213,0.5799433562561206,0.5802070727239026,0.5802702548101695,0.580037504586385,0.5801011445891692,0.5806735375088438,0.5802487325358076,0.579930715098205,0.5799471173680253,0.579776187156967,0.5797455673446756,0.579790268438774,0.5797608915736401,0.5794529349568478,0.5796441287187836,0.5801206209154417,0.5796602841425709,0.5785843803243161,0.5780221186104387,0.5787114597209215,0.5788564892105375,0.5785600121003637,0.5781957549073932,0.5783767958763534,0.5783059792213139,0.5781072427393276,0.5780071789319272,0.5774892720183756,0.5768769079744264,0.5764950288728541,0.5766393001402804,0.577024641462473,0.5770596653373411,0.5763002559244785,0.5752395215214355,0.574742033288004,0.5748212096133858,0.5745173567823924,0.5744690019254548,0.5745033187265038,0.5743015612696742,0.5738411864015306,0.5733800394774533,0.5730667935619398,0.5729155104381394,0.5725152055593508,0.5714830013255984,0.5698939464931032,0.5693090278235898,0.5697102286913952,0.5701436561003109,0.568906955190698,0.5686352597478235,0.5689642534375179,0.5689395941511085,0.5679637920376984,0.5674504193710641,0.5675096197390952,0.567264733024455,0.5677836533644287,0.5678723979177094,0.5669219655255224,0.5670693720342566,0.5673529655823917,0.5675481311908211,0.5677488462704484,0.5669301509686007,0.56621954216845,0.5664734662931593,0.5674552917598653,0.567703668911537,0.5674293428328316,0.5675198470562833,0.5673304010927337,0.5671669725906857,0.5670805583396311,0.5665575589234283,0.566959716544308,0.5677413739804602,0.5679530610563002,0.5682185992604578,0.5678707459422663,0.5671351676276053,0.5672193881028994,0.5675609789258399,0.5679291924579449,0.568170137494695,0.568134320264788,0.5685708887341062,0.5691392437199194,0.5689366126890308,0.5698292776036328,0.5608108366866786,0.5610515245647147,0.5606247902401416,0.5605585272440845,0.5605000187007575,0.5597743465100465,0.5595461884592264,0.5598242239150564,0.5597816382135017,0.5596956546847209,0.5604529867875366,0.5610381276079226,0.5610249075575133,0.5616335726578187,0.5618933764611482,0.5616710614185559,0.5616379952852025,0.5618940561428322,0.5615809032446314,0.5611300608395132,0.5610872752709428,0.5608256203271366,0.5614657337831258,0.5622651475759519,0.5627529052434945,0.5644794985858067,0.5655854801077328,0.565903756169685,0.5664639420808799,0.5665095695721629,0.5655287588170639,0.5650736038216913,0.5646585938354453,0.5643853908497507,0.5641764661076514,0.5637632347393797,0.5641074406999828,0.5646193062515378,0.5648661767194726,0.5650167183639557,0.5647314006904349,0.5642378563870972,0.5640994924221328,0.5642126344433112,0.5645204092740522,0.5649310556196602,0.5656189713702369,0.5658824875123977,0.5660597982215169,0.5658929359415147,0.5653360086102853,0.5652929400665805,0.5652776964465085,0.5655049280486675,0.5658658904739025,0.5658215748285089,0.5656909928664423,0.5652860967537503,0.5650913780849093,0.5652512587336842,0.5653337419882069,0.5654733534480862,0.5658604660481776,0.5659498485473777,0.5657891331277966,0.5656099750716302,0.5651478611606824,0.5650504923656784,0.5653310406225862,0.5656885031119746,0.5660910875129268,0.5659245806271445,0.5654080867587009,0.5649153836065979,0.564639365065656,0.5646211444004945,0.5650319851409189,0.5655737069695327,0.5659826242278176,0.565881021362559,0.5656124929786457,0.5651899365063985,0.564376039763111,0.5643675337043074,0.5650809292971676,0.5651063716177405,0.5649327758516977,0.5649805926590589,0.564860053575201,0.564839908331783,0.5647778565828221,0.5650447338539193,0.5650185038447824,0.5646319239851423,0.564439920386436,0.5643294441350839,0.5643248860012824,0.5649320460270428,0.5648493611543834,0.5641362069711,0.5639288973107305,0.5632522361491277,0.5626996990921104,0.5631434646473005,0.563348757902701,0.5634046951137035,0.5632189351200303,0.5632156329179783,0.563233194348411,0.5633741214933677,0.5631239907363044,0.5627423229960312,0.5627480008288952,0.5625281488650953,0.5623675693693007,0.5626784155812901,0.5626940477949688,0.5625885283963108,0.5628129676312029,0.562655178873955,0.5623200488600788,0.5616740936761541,0.5613215872188146,0.560860831990422,0.5605289954831797,0.5605153745954587,0.5601207913801882,0.5594073048251189,0.5593147070638318,0.5592786408453003,0.558807922828687,0.5582906963812972,0.5572313317179691,0.5561417614506984,0.5559733104100576,0.5558308526211678,0.5548633784964665,0.5538650319510219,0.5521531009230123,0.5511346664968209,0.550627393149093,0.5497241313379916,0.5490639541472951,0.5477998407114917,0.5462773313507009,0.54471897842226,0.5435917661350587,0.5427616903568975,0.5419056290220673,0.5412080580482553,0.540723953951792,0.5397949201379919,0.5384160860212311,0.5375447949813925,0.5370428992514578,0.5369560565604299,0.536419008645412,0.5360983621198498,0.5356822078440158,0.5346920164247899,0.534173921054934,0.5341534348676454,0.5340374204909459,0.5333840788732581,0.5329863388124312,0.5330911831918678,0.533023015505668,0.5328590810489291,0.5329027313064988,0.532709174724694,0.5322291033710383,0.5320013507201761,0.5320904669826172,0.5319793483729615,0.5317173409141025,0.5316095200585992,0.5316052893797958,0.5314790048347233,0.5312301850354688,0.5312771620207755,0.5311588254027071,0.5308496023681971,0.530857174348393,0.5308506636101931,0.5305702816455036,0.5305765882127599,0.5305104961770376,0.5300426513572845,0.5299403959692174,0.5301809331805182,0.530095963599099,0.5298855484682524,0.529845718590094,0.5297640261032773,0.5296637737929741,0.5296548046982367,0.5296753587143096,0.5297025927878547,0.5296123690871943,0.5295944909418576,0.5294639085200202,0.5294768721130111,0.5297807587168907,0.5299065722389525,0.5302706494022105,0.5304166372147169,0.5299963980572145,0.530089501519405,0.5304872054049586,0.5306144296437404,0.5307897618555526,0.5309283654548693,0.5307834546853063,0.530919563615947,0.5313663445349741,0.5315943836078194,0.5317470600733676,0.5319633288266196,0.5321007678681575,0.5322562573568637,0.5327382513608683,0.5329096602949396,0.5330213189082147,0.5335261014063106,0.5337300188109713,0.5338725694639012,0.5340514009948967,0.5340857699208591,0.5342919986755031,0.5347192533446792,0.5348801013169667,0.5348775673813261,0.5351404987640506,0.5354492702848945,0.5356084528119959,0.5359261002603813,0.5361517063331097,0.5360178635730545,0.536232538780969,0.5366575061689488,0.5365869412832207,0.5364420844050122,0.5365488940291011,0.5366569895479707,0.5369282560003815,0.5371508644413234,0.5374971984401008,0.5376294943056984,0.5376630622666213,0.5377679144540264,0.5378642675096733,0.5378689901370118,0.5376872605890949,0.5378245774660216,0.5382317074250462,0.538318425660721,0.5384830305820273,0.5385352956803552,0.5380724835440295,0.537941157635913,0.5379663083064422,0.5382228362828415,0.5384368078703826,0.5385450889086495,0.5385610159241676,0.5385469693106961,0.5385368098237938,0.5385131707566418,0.538406154051704,0.538198180028967,0.5380815996639401,0.5378871320995408,0.5378098135262311,0.5379199671384823,0.5379359554675562,0.5379362256367438,0.5378809735808175,0.5378633958374435,0.5377374165414359,0.5374555893570113,0.5372249745920727,0.5369060581658015,0.5366657486175068,0.5365563304811044,0.5364598219062436,0.5361431586530161,0.535881981875104,0.5357385525679587,0.5356087027635315,0.5353561164741687,0.5352095782821366,0.5349440361720552,0.5344820657944436,0.5340730200541917,0.5336698781700211,0.5333500444947534,0.5329869797908503,0.5326045482714472,0.5324624738219733,0.5320740398452727,0.5312920434595156,0.5308606189312662,0.5307516450317126,0.5302333141921213,0.5295135559595807,0.5290447521019236,0.5285649558088013,0.5278410931250724,0.527388986629284,0.5269478877242428,0.5263937924897982,0.5255258505919423,0.5249150263089728,0.524577339186743,0.5238693143044203,0.5229958814218683,0.5221790872342268,0.5211573776988506,0.5203411149597067,0.5196739061254132,0.518927482641593,0.5183152344620785,0.5174715008845673,0.5164998614113784,0.5155130884383781,0.514327580484349,0.5132891054357023,0.5123408083810433,0.5113292053957555,0.510339160423491,0.5093508650668959,0.5084368950858116,0.5073643771281372,0.5061500726455598,0.5049828175575184,0.503920535891536,0.5029045203433107,0.5017225239417279,0.5004815616158512,0.49948711266197116,0.4986291666764135,0.49734834638098524,0.49591309784029136,0.4948934269145602,0.49375532436417613,0.49257938460370004,0.4918323253655295,0.4908976129358952,0.48956610918920607,0.4884125698063087,0.48751735174942384,0.4865333354719281,0.4854858309894279,0.4843484772288267,0.48309613409066937,0.4820204720311574,0.48101339238818636,0.4798800745197576,0.4787943767418439,0.4777760572215774,0.47673179090546874,0.47558602977251796,0.47433370954003584,0.4731314230778666,0.47189498083637665,0.47054218916716983,0.4690400501809966,0.467688385028364,0.4659561527118782,0.46377048828055156,0.4618324409315594,0.4600553428387223,0.45784520754963515,0.4554801884066193,0.4530174615730536,0.4503311454893378,0.44744340166602287,0.44447867634179833,0.44130693708358404,0.43796537494087645,0.43425675586399526,0.4302471100229155,0.426189484889006,0.4218956840954278,0.4173911278109662,0.4126780266972989,0.40803189012477875,0.40333515340571485,0.398355789554573,0.39317607023794665,0.38813287226636506,0.38299396852818285,0.37751186454771074,0.37232779103350255,0.3673434871698945,0.36226308965435255,0.35704738291929133,0.3520697799173389,0.34716282956541167,0.34242653819018404,0.33777895741782915,0.3333473252385787,0.3290942013757536,0.32496462137557863,0.32091239202274946,0.3171902975296713,0.31374626291364693,0.310341108435643,0.3070389653331509,0.30408288851336696,0.301389041043135,0.2986848624262481,0.2961793664984103,0.2938789822743285,0.29154049656593195,0.2894679749082923,0.28789104959424194,0.2861912400250812,0.2844499418616232,0.28286592685624135,0.2813166386107007,0.2799189553641974,0.27863745629045444,0.27757481821186,0.27645968092343715,0.27539567921511654,0.2744878226577689,0.27366762091351754,0.27287041615696517,0.2722220925119519,0.2715431205754355,0.2708233368778286,0.27021117469822,0.26965693144386843,0.2692173763590341,0.26888108083830947,0.2685223895272903,0.26821106673204187,0.2680025937934733,0.26788887767710173,0.2676744826410884,0.2675190026482427,0.2673545617842914,0.26705828377762947,0.2668637945301638,0.26674219753902473,0.2666865013662391,0.2667319783891071,0.2666701305201405,0.26654864447762144,0.2665806528134437,0.26662058912741354,0.2666681749642148,0.26686900702373934,0.2670524879539263,0.267181450387099,0.26732102867359714,0.26746457121537115,0.2677032464682915,0.2680146885785135,0.26826770718677856,0.2685756678946945,0.2688531940299565,0.2692727373125711,0.26966917888997105,0.27012943028437375,0.2707590540709885,0.27130410501379365,0.27177840117618435,0.27231514936034434,0.272870039834124,0.2735644129508289,0.27435233025376154,0.27502871970482107,0.27573257579137433,0.2765447257450134,0.2772430030457216,0.2781569371026899,0.2794103451213556,0.2803979378288066,0.2812454291571111,0.28226429433865097,0.2833730900112513,0.2843263803081367,0.28526718848045396,0.2862622851929022,0.28709095291853437,0.28808875731520617,0.289330164981753,0.29042078680589056,0.29141317368597847,0.29250692411183765,0.29365748871097014,0.29475339006099605,0.295841302928417,0.2969828535002488,0.29812786479331027,0.29925209241109774,0.300366015862904,0.3015816665485987,0.3029708015365011,0.3040951876410163,0.3049878564544811,0.3061671222192826,0.30746835708353193,0.3085218508243791,0.3095744607408901,0.310767416213855,0.3117934724764131,0.31281110783200666,0.3140769669007404,0.3152847851795974,0.3162931645496132,0.31734079785495223,0.3184236150252739,0.3196110060529423,0.32077322527517216,0.3219211397678512,0.3230042162625131,0.3241291964646557,0.3251897595265385,0.32614841570237724,0.3271042046882326,0.32802800603980947,0.329076588479634,0.330182185185078,0.3310931479141499,0.3319496060907697,0.33301008326378945,0.33402940813110327,0.334987328329398,0.33617025801552114,0.3371640666394327,0.3378496575505219,0.3387521818768038,0.3398507631876731,0.3407716353199086,0.34157259346270374,0.34246214224290245,0.3433384694208338,0.3442594582196866,0.34528238081212015,0.34616780272158554,0.34695020177014546,0.3478665305024039,0.3488335501082522,0.3496811049519394,0.35051043226803846,0.3514267605482339,0.35230489657417075,0.3531456714194211,0.3541458990292437,0.3549715387944354,0.35552840372176653,0.35627612501185507,0.35712716252877136,0.3578947779239677,0.35864823636339577,0.35944940230150785,0.36022914203024153,0.3610120425980837,0.3619055270859718,0.36267667725334835,0.36323859058189417,0.36404638328921135,0.3651066901255358,0.3658325176788663,0.36642338787643086,0.3671786692429627,0.36781084733502356,0.3684329325961055,0.36917801160073666,0.36997956761804157,0.3707244870537172,0.3714215394519219,0.3722214023836334,0.37304093128862187,0.37378387113449746,0.3744784324893802,0.37530445007024926,0.3760146364212455,0.37648095971840684,0.37706740711257375,0.3776861131997517,0.3783504674423982,0.379047957727891,0.3797768509778956,0.38061520377892205,0.3813755490949791,0.3821839121279758,0.3828528059567552,0.3832116120657557,0.3839138768673225,0.38489388729559343,0.38558502008208956,0.38627286260532817,0.3870488885752935,0.38769115205696897,0.38826339470305365,0.38890512022723156,0.3896003281157818,0.3901121503278372,0.3907360662235286,0.3916769733176823,0.3924043202472932,0.392914540248552,0.3935552531945372,0.39423969795543834,0.3948584624208827,0.3955055632317804,0.39614046405162034,0.39671097739778627,0.3972845775433779,0.39778761423038556,0.3984214781839862,0.399251521279629,0.39985271139321765,0.4004077600600968,0.4009874646393738,0.4012681293212435,0.40175419827092396,0.40257428425091696,0.40318037800850526,0.4036576621277678,0.40423533657212724,0.4049573616797042,0.4053530651102164,0.40531150297226126,0.4057788987445989,0.40643540742292456,0.4068950157702916,0.40770697230641895,0.4083924296760709,0.40867640657519533,0.4090520347119263,0.4096510947778989,0.4101329440405298,0.4103864543431971,0.4107694975890884,0.41132179832845694,0.4117034130167288,0.41191239515436984,0.4122921496870004,0.4128508732075646,0.41312223075233495,0.4132518462569008,0.4135365796281525,0.41368166029774306,0.41377334104403823,0.41393375618905454,0.4142600638065978,0.4146668313047648,0.41488125472562404,0.41516907847878376,0.4154120194371036,0.41532011709789063,0.4154562623539144,0.4158904110762832,0.4161357164697236,0.41643614373223775,0.41650413746720566,0.4162159527057923,0.4162109263836225,0.4162303380194535,0.41622987554885693,0.416388382539702,0.4165135837377073,0.4165164639899117,0.4166206290888526,0.4169659352769178,0.4170725041563887,0.41697760016788876,0.4169983923269194,0.41694261983853365,0.41694835967542765,0.4171115409964018,0.41720461663509945,0.41727972963118737,0.4172703062590748,0.41722514235905395,0.41715519627118114,0.41700414189796053,0.4168103220341339,0.4166252455800505,0.41644115805929643,0.41609376097850664,0.41585610768793174,0.4158096709866479,0.4155283857736602,0.4150820971787651,0.414846953857617,0.41461591471701226,0.41432246144420887,0.41423966757343933,0.4138694873768748,0.41311888370686195,0.41270788841108613,0.4123949050901122,0.4120905594982086,0.4119576692789134,0.41167691587138855,0.4113408108398412,0.4109227063755979,0.41038411823335785,0.4100944543188829,0.40988170077663755,0.40946357356288754,0.4090376057436781,0.4088143384089848,0.4085808754350594,0.40820255053888416,0.40803088635792023,0.40769942828155853,0.40695832413560107,0.4065528402557648,0.40649073964374005,0.40585950782595626,0.40539108054611306,0.4051872705683022,0.4046924661477261,0.40429528732129577,0.40388005359143603,0.4029946020026342,0.4024195259501695,0.402340490092058,0.4021609551684008,0.4020267723101828,0.401626541261154,0.4007000718620452,0.40000236237571624,0.39972686304611693,0.39950747937937486,0.39922046514715487,0.3987313052333009,0.3980772931520255,0.39749139442849607,0.3969897951414962,0.3965308513823077,0.3960338955847044,0.3954755403038821,0.3948231726242009,0.3944063655374333,0.39419772306080725,0.39369308326064595,0.39326140520956265,0.39271317718340304,0.39161417595144427,0.3910620936419787,0.3910152951960366,0.3905780654331202,0.3901261237252769,0.3896461034269737,0.3889568241841144,0.38830704291131546,0.38785867404138863,0.3872202944521157,0.3860554727981285,0.38548597089733344,0.3854606979924174,0.38494822127263445,0.384464015851949,0.38389826324579723,0.3828816634597132,0.3821360435863723,0.38181204353684206,0.3817126492394486,0.3813168564126166,0.38046014294859015,0.38004692802062484,0.3798834571056856,0.3792474373370184,0.37890858964040974,0.3786817898373379,0.378090535792815,0.37776508864623093,0.37744249040656347,0.37677002658358266,0.3759859281269677,0.37543061631446817,0.37546216215842354,0.3756408014227012,0.37556400059414735,0.37514975803579315,0.3743831094463866,0.37390498706414016,0.37425378646084884,0.3741502201066409,0.3738705147517295,0.37384523873290915,0.3737564972065498,0.37361262751742247,0.3738051821023448,0.37379103199931807,0.3734724062572488,0.3732988728219662,0.37304152977293326,0.37300148304223135,0.37309654928361735,0.37323314472264796,0.37349649917485944,0.3731145905445293,0.3738321997962179,0.37411098831067896,0.37408736349970306,0.37376574686388614,0.3738883612168989,0.37428233160816454,0.3743583788473661,0.3742613152093957,0.3745973813479109,0.37506068579232515,0.3752087055458815,0.37523153121908376,0.3761150172116871,0.37623864524738687,0.375883696368325,0.3757859405411618,0.37602990731513064,0.375964727671387,0.3754135848325869,0.3753154532489341,0.3754637426980035,0.37556169684734597,0.3752217907034385,0.3759371972990182,0.37666782552707173,0.37566725088576713,0.37536382828701426,0.3753418492078592,0.3749670080226244,0.3742580252795074,0.37399962966175715,0.3739212372689151,0.37317649003028586,0.3732856186724127,0.37346614358880853,0.37313087009263357,0.372689736123573,0.37217583695998113,0.3710747973910177,0.3705542152353785,0.37032787695498387,0.37032745897809477,0.3695970163090156,0.3683359800019487,0.3673739846375946,0.36628972165006246,0.3652600407951502,0.36445515491851316,0.3634777137063757,0.36233413886113824,0.3607943713024272,0.3593521384520007,0.35841957181782114,0.35716528551879323,0.35455204739842167,0.35210443882115894,0.35029287126049585,0.34784550183148766,0.34584666992404434,0.3433110987480688,0.3407725453909259,0.3368597486569689,0.33344253186055883,0.3303752581788476,0.327625144542808,0.3250635630785266,0.32155772034053137,0.31717009573855065,0.3126361065201057,0.30838073012463113,0.30405169996896275,0.2999086290602997,0.29552807218102256,0.29055204078426666,0.28501448851676436,0.27980817031202526,0.27558213945833987,0.27130032182817204,0.26636770103957697,0.2615303509401055,0.25686999721226134,0.25194346397721806,0.24686747759448593,0.24236989514965707,0.23832954468130363,0.2337345895537894,0.22933790089481165,0.22589437074641544,0.22220156121100118,0.2178843690392315,0.21401418553746585,0.2104651931124118,0.20708024644885137,0.20358801740223192,0.20054679181365642,0.19742119964596422,0.19401840925846212,0.19136150820400344,0.1892520798547089,0.18691680666021282,0.18499243473408503,0.18365274603497087,0.18211136478533088,0.1805355884251165,0.17936573372533668,0.17814999008957624,0.17627791089062558,0.17460422475274748,0.17414503810569731,0.17380552959387263,0.17276690698104252,0.1721728884170552,0.1717971169352217,0.17128276905645687,0.17082285354934248,0.17047066422942214,0.16975700115358877,0.1690284687554313,0.1686402292181845,0.16848470902286783,0.1684863020438419,0.1681907770335645,0.16800158650752353,0.16772095076236304,0.16747015297585907,0.1673307326111346,0.16700644440653856,0.16732898722667638,0.16752898268502242,0.16739165995258323,0.167626367187791,0.16746102315852548,0.1674366439978938,0.16753707844803462,0.16816636853985376,0.1683766769517736,0.1682931722333992,0.16836420606823996,0.1683525863308836,0.16880515631412824,0.16931247052952683,0.16955798305654768,0.16958172722299011,0.1703557137816115,0.17138777176536654,0.17161852563899732,0.17197813816106905,0.1722918844926419,0.17266850742348272,0.17291604551411252,0.1734881930573968,0.17465781430725597,0.17501893446377054,0.17513805771593893,0.17525436271766145,0.17599983652107992,0.17686481562305498,0.17731244659302228,0.1778453115709912,0.17854052930436234,0.1789448827265865,0.179371033658864,0.1803367907748109,0.18081095017164864,0.18088881134006124,0.18141519224182023,0.18239366883649002,0.183495112605121,0.18410507484882052,0.18416767750235236,0.18472632825196414,0.1853960191313768,0.18603398341892885,0.18703160472300934,0.1876789688200935,0.18799503393351996,0.18819345838727217,0.1889607314013215,0.1901635031443812,0.19113064318443024,0.1919539606481027,0.19278857891992815,0.19341579942614265,0.19389562957251158,0.19414069956864713,0.19496049166385843,0.19596378926970837,0.19655524774991107,0.19718521340205328,0.19833791767042092,0.19865500822873805,0.1989901474635573,0.2001685504714089,0.20130968450051193,0.20195356250015475,0.2021011841438116,0.20267282558126606,0.20312382376200858,0.20374884508327656,0.20465447266788847,0.2055153425189004,0.2065846114960112,0.20719508418757848,0.20751652488771874,0.20875980635700353,0.2098217510416285,0.21017953010299076,0.21074811400667892,0.21122573454834284,0.21186110167673855,0.2122910876596775,0.21311751247200147,0.21467342871216927,0.21548075702880423,0.2158385242944804,0.21659580922784477,0.21736045681433175,0.21776952470562022,0.21841549566265925,0.21920161026287238,0.21977357604207168,0.21988229008552496,0.22031791038074408,0.2208390819157954,0.22151943026971951,0.22248200767992984,0.2231324347974953,0.22387342346458275,0.22445594312546316,0.2248942520906296,0.2248461126139662,0.22505560622660822,0.22573761806107895,0.22622697984285642,0.22680258412187487,0.22730020774203155,0.22773425060155222,0.228232840041187,0.22852880785993396,0.2291949510828534,0.23048607607577334,0.23114935770790862,0.23167152223240833,0.23216572970272234,0.2322347353741888,0.2323359838570906,0.23251214177433815,0.2326274460611937,0.2330270324773121,0.23352234298997576,0.23396708755304557,0.2347228913454237,0.23514832483636605,0.2351275864065968,0.2355257952588298,0.2362842942989072,0.23676071223979708,0.23709100516349674,0.2376093977412233,0.2382291446738685,0.23865339555265289,0.23865205657148225,0.23848199850366292,0.23878670839869212,0.23867925922789737,0.23890850624879764,0.2398952941319819,0.24057815542983688,0.24096021048062016,0.24140131723126304,0.24223944778651374,0.24276724106688302,0.24286989923143923,0.24310875519621752,0.24347923865183138,0.24353558173870396,0.2439132442926064,0.2442091365223104,0.24491821767337155,0.24646200751490233,0.24664355221713435,0.24594439772606597,0.24630967382010222,0.24649712297094917,0.24667767685632802,0.24768246022156334,0.24837991866476958,0.24861725124780598,0.24881316877503323,0.2489654086600921,0.2494767302137091,0.2498249584231715,0.250409301643125,0.2509006909718791,0.25197562843568977,0.25239389601476314,0.2520832567387048,0.2525022386636921,0.25338435089665695,0.2538259277425562,0.2540677555899366,0.2546438395197821,0.25524047688370094,0.25572111396372843,0.25658748210928084,0.25723146413870773,0.25763786180897225,0.25774485767871314,0.25795819376474205,0.2585975043031617,0.2591078322005855,0.25942561624615557,0.2601620503513896,0.2617434071793874,0.26203012758067723,0.2613045259757202,0.261834863202079,0.26219069534255035,0.2628005424483676,0.2649397282496014,0.2660179024737533,0.2662364061334504,0.26659884821111984,0.26662270485458756,0.26694431144208774,0.26720801797435945,0.26777043454781113,0.2683023781554632,0.26908164625696857,0.2697190596640351,0.2704489247050292,0.27081438189780077,0.2709332148448686,0.2712835256322994,0.2713619447844065,0.2717275095464748,0.27274365567688447,0.2730710953640403,0.2728696649597261,0.27308823291959783,0.2728355921821367,0.27319712662854573,0.2743218323571971,0.2753992729417807,0.27616138127615775,0.2766463051612458,0.27716844203942037,0.2775752262285305,0.2774878871652039,0.27671417386278147,0.2771493657605831,0.2777708140322505,0.27812306937939074,0.2795428421827226,0.280177732771109,0.27945730654979833,0.2797921136853023,0.2811089151957381,0.28161475156877513,0.28186917317726373,0.28229397065732614,0.28247742303379453,0.28255983455473294,0.28263364334251123,0.2828138155953359,0.28333277404511625,0.28400245996023354,0.28409091561016336,0.2842610959848825,0.28460009209919207,0.2845587326669694,0.28438285007805103,0.28441271396660656,0.28456864018125083,0.28412108825582905,0.28427442837934586,0.28552465197396615,0.2859715472141028,0.2857198725965858,0.2859607846312494,0.2866386909070427,0.28675406571407536,0.2863558407165638,0.28663723231084126,0.2869672133024642,0.28720519057320193,0.287560561461129,0.28867856230405975,0.28889596528100414,0.2883006020749692,0.2885202762534302,0.28913843086921726,0.28934117053414554,0.2894427541370283,0.28979236290905686,0.28996990883135215,0.29031607998151976,0.29155331169495147,0.2916685473920233,0.2904721250904488,0.2905873767159519,0.2909574380994082,0.2911863850367713,0.29249731552386543,0.29309422047169714,0.292855445930406,0.2928896759210413,0.29306247896980303,0.29300444506485923,0.2930716304320034,0.2928063315206558,0.2925868172277443,0.29215001970122334,0.2921836671090779,0.29242088209166855,0.2924707878346398,0.2927595374924038,0.2928389727643953,0.29264701996022935,0.2925659121000381,0.2928073245942856,0.29249862632166923,0.29184252585376674,0.2910623668675627,0.28946548640069913,0.28890041724953547,0.2890767025780874,0.288776553119127,0.2885635314699993,0.2885099364686279,0.28830104429248943,0.28799689918044435,0.28775794428138846,0.28817344510099735,0.2878511859357905,0.2871033759229183,0.286590445386041,0.2858695249327097,0.2852656291687004,0.2844577351924369,0.2841588585435023,0.28423707377447543,0.28384986676296575,0.28351728242527363,0.2831198400683157,0.2824774515689377,0.28178516458515923,0.2811671964486873,0.28047704599232126,0.2794133395753599,0.27879440753067264,0.27856490279514196,0.27799152967117413,0.2777302577505529,0.2767219962138888,0.27426276245617565,0.27361382060157924,0.27408554158234594,0.2735371790716091,0.2736149461068025,0.2735432745213326,0.2727730355368626,0.27153292303423454,0.2703066484472177,0.26962106169031835,0.26961692219943706,0.2687109340050565,0.2676914432306312,0.26762918604593666,0.266909420541439,0.26589620040175616,0.2651751313164474,0.2655752753836703,0.2649106943779758,0.2629916960786564,0.26239414013447276,0.26236872799141964,0.2624388596105148,0.26319159519355423,0.26320758540255845,0.26332168469188166,0.26290026244968884,0.26149612761292934,0.2609959694116718,0.2609060985672694,0.26018594064289813,0.2595841748378261,0.25893727509984793,0.25722674901536324,0.2568866292826451,0.25779701602541655,0.2578080879137217,0.25785122685584977,0.25805473052072,0.25805530840747654,0.2579639554564904,0.25881409231872254,0.2584667948454668,0.2571886364219664,0.2552330538432825,0.25385891454763065,0.2528135750114455,0.25175194984125754,0.2515725513769239,0.251478851469295,0.25060531843985345,0.2506443515978641,0.2514904333192755,0.25083834934255117,0.2498354639914971,0.24947449253021978,0.24810468204865546,0.24697405528702115,0.24703085368425,0.24633167918869925,0.24447458327109153,0.2447154014265837,0.24611554092722077,0.2470681595534913,0.24982590306636498,0.24979367802265723,0.24797869164337868,0.24709342670509557,0.2450847116556776,0.24372962210881932,0.242447882713709,0.24257311322109446,0.24402014859914242,0.2437329512475197,0.24356395712140907,0.2442198679681107,0.24403430058118505,0.24332660411836188,0.24389600506947934,0.24415329514137352,0.2430403399062947,0.24185105600361614,0.24095620971696294,0.2403219156277858,0.23885858847649236,0.2377369615064064,0.23785371849140538,0.23796005585874183,0.237572623344975,0.23663935858383287,0.23562124077981877,0.23557024804647356,0.23572525524953686,0.23506190692341153,0.234113456241727,0.2345088020038602,0.23456007059611617,0.23570129567079212,0.2353982251863454,0.23604219352780753,0.23550586420470007,0.23208980758940756,0.23167586317869907,0.23420270866351095,0.23482426212649754,0.2333760469925509,0.23034356901565944,0.22873192932307157,0.22942101089742725,0.2293047969330806,0.2296355976816051,0.23012344347790784,0.22970174037951943,0.22939211872611995,0.22940824317349134,0.22978582534812464,0.23009924885873614,0.22922026151548244,0.2282430809622775,0.2267800484011016,0.22521686535744384,0.22576310328214075,0.22636680178015658,0.22785824518686248,0.2286943409471315,0.22709051135367525,0.22730531529592277,0.22807921650703766,0.2271936555384506,0.2262920112910333,0.22596039469819063,0.22566874987088476,0.22461297024658683,0.22420965900352893,0.22546921304547116,0.2259450722623403,0.22611709705463012,0.22749616513710555,0.22757759207487915,0.22467650740255182,0.22203016336169162,0.22018606542979968,0.2176458677082331,0.21818827783900518,0.2199224440574552,0.21890257281742254,0.21684111311567245,0.2150739899738536,0.21423872983789394,0.21314339321832568,0.21431101285703477,0.2171513020208173,0.21685823278611174,0.21700349412953163,0.2160458992179777,0.21345702577922002,0.2148992242640587,0.21496267957818355,0.2122857279514471,0.21077350055046395,0.20909139014116207,0.20897883172809004,0.20933642056879465,0.20897953258086957,0.20948487458692214,0.21152080490551195,0.21334456390215736,0.21268536379834516,0.2126658975031049,0.2104794657522467,0.20790694972023802,0.21047990436947922,0.20763774226698467,0.20377571307036232,0.20784858784695337,0.2088057469838184,0.20750547204863434,0.2078696792423432,0.20492377003482112,0.20265781457763524,0.20519541152586587,0.2052084347248335,0.20375372386731402,0.20230846742815495,0.19804144341090377,0.19779848758697222,0.1988147566582908,0.19669322006295087,0.19865434575267185,0.20122915097623037,0.1983373227364971,0.19655160358658552,0.1977136344137269,0.19760881805746605,0.19506244337492318,0.19404833027243548,0.1914097077952467,0.18862304159726567,0.19289408318593268,0.1961542849113053,0.19886891364346876,0.19874897951830667,0.19231075653919155,0.19246564965582508,0.19234506084044287,0.1873680711701611,0.1884442159774329,0.1875284435040942,0.18095578675115628,0.1796399157602751,0.1816764718808636,0.18185379759761808,0.18185344321224636,0.1826851117101117,0.18334565108055648,0.18315668218027997,0.18462609417057121,0.18545359399049197,0.18340704003506295,0.18344929189367296,0.18690054150205418,0.18622749194559954,0.18314174448095172,0.17397193319300802,0.1709912861174042,0.17363603410709677,0.1779966777042508,0.18270482805409433,0.1878577197056362,0.18788498856126215,0.17847347545805184,0.1728968634197763,0.17366450326221483,0.17107025049819688,0.1711249977748018,0.1685884354800564,0.1599952793768214,0.16205541765127573,0.17124041079548222,0.18388567516179422,0.1912855314340361,0.17771326135455132,0.16284828777430957,0.15898523178238638
33_3_ANDGE_1_M_1_00000,0.0944211920447433,0.14210913148092824,0.12609361532571262,0.11131606926311133,0.11233922605830754,0.08518435072290206,0.06750265403874872,0.08213879867696758,0.1432294722199595,0.13768350372227767,0.11416726017072251,0.12514123953268366,0.11651559946989294,0.1113265161894023,0.12146032336390516,0.14060523156632715,0.12971346417042395,0.09669942814784165,0.07967154721445922,0.09426225938543872,0.11418623571179749,0.11232182984774512,0.12016162918865704,0.12010613331248045,0.105310034970186,0.09817673262985485,0.10196785933836047,0.10952724179450088,0.10250396041480196,0.08989497296953848,0.08919712996357758,0.1159305556339521,0.12277171769800406,0.11576659516577115,0.10655253392146345,0.10326930690027532,0.09579278048881171,0.08830983934780981,0.10427385271679036,0.10599991494480315,0.09847896303600358,0.10319977615274659,0.115992793106748,0.11944385258238487,0.10496465325357833,0.1045177746219655,0.1099577287090802,0.11516314236255597,0.12126998798258354,0.11282230547691584,0.09785119635590248,0.0977225453789738,0.09464428304846602,0.09650566156079037,0.11052773156212163,0.10627539014589547,0.10036797940231089,0.103722573495994,0.10615369796062517,0.10661856528890995,0.10520014580847771,0.10272521901822737,0.10547794034652555,0.10983529426749222,0.1094496409969344,0.11007186890218713,0.10976571736244686,0.1071735110768539,0.10553648049267925,0.10996333152349698,0.11742946361239799,0.11062809608216256,0.10938857643034755,0.11478757915089359,0.11829905219385617,0.11749950715124752,0.11540146820870123,0.11566362171918187,0.11579445964246993,0.11579219675292612,0.11603525612174288,0.11742416420434876,0.11915276088384252,0.12028827970140395,0.11938654779634308,0.12148794760960392,0.12426147586250173,0.12305689873483219,0.12403002636409072,0.12525438398020242,0.12487540655356323,0.1274009154442475,0.1292785037958585,0.12862584328262083,0.126364466122901,0.12544279061802668,0.12671607905294885,0.12958440858430403,0.13013555076722222,0.13060553713627762,0.13385227499343633,0.13079994937869996,0.12930790302006806,0.13408326512331262,0.13512727573476702,0.13421265356482007,0.13290897120869802,0.1326185174509844,0.13327999226305678,0.13457751768193138,0.13586361082324203,0.13575797972759426,0.13531343702608523,0.13570432849058267,0.13552526641077342,0.13473185192584025,0.1338749799693477,0.1349151454020843,0.135049936668651,0.13443132706301583,0.13606121896933857,0.13681476514067784,0.1361207077078168,0.13449684864235317,0.13381301563331452,0.13451717838336663,0.13621382573892266,0.13648116875650598,0.13738296149999346,0.13904442507927256,0.1377838843004009,0.1360189978357898,0.13473888560415412,0.13420048727018977,0.13608472955733628,0.13764211424074546,0.13576121633150606,0.1353664687230755,0.13638536195885012,0.13796441435293894,0.13899715516977343,0.13935675123346672,0.13962440022116224,0.141747003350083,0.14208865245686778,0.14100533908493262,0.14089497654369915,0.14217911375023556,0.1432595577415093,0.1429050902885366,0.14511965684647346,0.1480092338964897,0.14994546167794714,0.1508487065557245,0.15168507964202016,0.15287654822004892,0.15431755600617608,0.1566421613343069,0.15932502045895083,0.16142370854110985,0.16361319709665384,0.16672382189350043,0.1710040555411506,0.17397905200868066,0.17729042915495788,0.18155983377975574,0.18495083556517508,0.18822603281236663,0.19176307456805555,0.1956891259625848,0.20068950839808566,0.2060586941008083,0.21069582291923616,0.21562706005351967,0.2202377627547077,0.22413736986971064,0.22855541692620426,0.233127220756541,0.23738189300124057,0.2406607157308911,0.24352363732080512,0.24677957825317817,0.251528925654317,0.25485966549837835,0.2571178500607397,0.25950626459778336,0.26155615637827767,0.26371062393282096,0.2661137183345474,0.2677433258010356,0.2690683919960693,0.2703792275672425,0.2717708821099558,0.27274135156134144,0.273879874589963,0.27633089427616164,0.2776562314548218,0.2784756633491992,0.2799270106414802,0.28144654117059753,0.2821248299095221,0.28182637592548077,0.28243579976939964,0.28326630110104933,0.28386619771524646,0.28396985146504344,0.2835246091660209,0.2827899009760038,0.28218365278986945,0.2814517002513609,0.28047433779812264,0.27914607750180565,0.27723468636895515,0.275451468370886,0.2740562660421776,0.27226233074941714,0.2700547954907882,0.26760709063201205,0.2653290976448366,0.2632301721677766,0.2609315108685434,0.2579503546889618,0.25509102415649837,0.25251968234568706,0.2501764109493267,0.2474834467372584,0.2451054448255357,0.243238973783443,0.24110697998777403,0.23891023395696143,0.23686718253346167,0.2352783555367587,0.23367385381371683,0.23198862663204928,0.2303319162802714,0.22915351701585057,0.22809452233328736,0.22680733156360644,0.22539159372218034,0.22389898010233378,0.22238627150273385,0.22087403140755243,0.2199188634230925,0.21926954436139123,0.2181812486694967,0.2174649569297934,0.21713544715953445,0.2170014583160442,0.21696232432576004,0.21700157611997803,0.2170218371286949,0.21672265031255145,0.21576265106094292,0.21419976391167697,0.21261550860769243,0.21071699649289863,0.20889891653514864,0.2078048452634805,0.20636724589916738,0.20468295468577472,0.20308888321984417,0.2017269092179874,0.20055228122372176,0.19954999744630858,0.19894175314137288,0.19787178713918896,0.1964723392199254,0.19587793459871286,0.19529862946273666,0.1945406543890008,0.1936464693093092,0.1930219141324388,0.19249991242846315,0.1919396352707546,0.1916512275977766,0.19160831454072064,0.19154712168957302,0.19078674240946453,0.18928833366911796,0.18752971641205257,0.18641278742825246,0.185474090586059,0.18460630720543716,0.18376702304363063,0.18280413799059164,0.18213161260140567,0.1818753430729557,0.18129166196583282,0.1805012596495784,0.17948661527305684,0.17801941060016302,0.1769681035626668,0.17584462833107334,0.17366359467829107,0.171974153262928,0.1704777660909368,0.16867560836558798,0.16682117375807629,0.16514618802070902,0.1636767435989289,0.162013911836775,0.16060928075196346,0.1594477473457003,0.15815976019665312,0.15695092399248092,0.15574284052486517,0.1544073572233033,0.15320584943308116,0.15182092029968502,0.15006660457285834,0.14837707916887488,0.14671719187364196,0.14500462472706413,0.14306245779220553,0.1412977037243689,0.13982889058873857,0.13863847682999497,0.13764474552321668,0.13667442883142678,0.13562704917910742,0.13485382735325743,0.13400437203724058,0.1330654285738505,0.1328990324278026,0.1328009544404955,0.1325836710494939,0.13243116239418165,0.13250712722047414,0.13277684624154953,0.13314554505330434,0.13370425324130347,0.13438361949643077,0.1351986552894985,0.13646797047193993,0.13801557834709618,0.13994128221376195,0.14273867806786647,0.14596323796909294,0.1497476023514182,0.15444528610082955,0.1595940555799362,0.1654834307728386,0.17243942168626272,0.18038234455122568,0.1888905741145617,0.1977956522584302,0.20750507288665201,0.21778134583207165,0.2285279149582281,0.2397976847025538,0.25106080831042504,0.2623167916026422,0.27372081200741816,0.28507555443636995,0.2960376279024022,0.30649949713769276,0.3168708055165337,0.32701350697430476,0.3368648518147686,0.34642768956767095,0.3556217922096678,0.3644544885718127,0.3729521851766749,0.38128491871641207,0.389267376062426,0.3968075683142904,0.4044553853027611,0.41179362605503594,0.41863557051865563,0.4251032272891811,0.4314916820399257,0.437772558265695,0.44376219093220515,0.4494572773776372,0.45477314625145554,0.45969047168128435,0.4644488062393843,0.4686573623131435,0.4724121278801216,0.4767636313438058,0.4807592137898354,0.4841758969885,0.48718396676030723,0.4901230714537576,0.49297192577519633,0.49562186349277826,0.49816808688508574,0.5004812767105693,0.5025133496630204,0.504432621124901,0.506037646980635,0.5075273924278533,0.5094026255206258,0.5107849852229018,0.511895488895504,0.5131573277876988,0.5141366623654917,0.5149967261785142,0.5158692863489844,0.5166757205317568,0.5175882324607157,0.5184051491514531,0.5185834094137247,0.519010492695338,0.5196319017201954,0.5201332803418821,0.5206074911416664,0.5210446889705871,0.5214043924597945,0.5215897385103413,0.5216047916055576,0.5215519818032419,0.5216363518912708,0.5218316150080998,0.5220767241359797,0.5222805176243747,0.5223303001967249,0.5222649760280399,0.5221720886173754,0.5222089510122038,0.5223458354239449,0.5225378888798774,0.5227185745107933,0.5228132030183248,0.5227629183983601,0.5225471797157283,0.5222698285682432,0.5222323393041737,0.5225102237544906,0.522625016664947,0.5225182012755604,0.5223251897665133,0.5223795124538121,0.5223705748014514,0.5223298572077957,0.5223539078134115,0.5222700396378096,0.5222620488395644,0.5224091742032028,0.5224934759172296,0.5225467383484135,0.5225796176662657,0.5225949405597073,0.5225252751074928,0.5222317400841032,0.5217225658578725,0.5218796160115459,0.5221679978303609,0.5221530967701475,0.5216860503882849,0.521473347956876,0.5216334365046152,0.5219078246894147,0.5221441715104238,0.522109853954703,0.5217191428640486,0.5214486153189959,0.5216071159186613,0.5219873177178919,0.5214752604349489,0.5213679354504509,0.5216068216010964,0.5215315609785784,0.5213259776713094,0.5211049852788924,0.5209494038219122,0.5208200271630086,0.5207774086472589,0.520778699504866,0.5206483988287687,0.5206988825675335,0.5207547633267704,0.5205603975120946,0.5207349908623434,0.5208911414939896,0.5207377597143599,0.5204330045237364,0.5202682882964694,0.5203261851373048,0.5205145440716997,0.5205743034025573,0.520459421919992,0.5202431163219345,0.5202255669601564,0.520206332452431,0.5201087375938673,0.5201153393001398,0.5199625564816176,0.5198072036171715,0.5199669886395475,0.5201447745387313,0.5200548086657656,0.5196705480869814,0.5197074834201995,0.5198946521772231,0.5200220621931884,0.5199214702945186,0.5201234904613884,0.5203139139399082,0.5200640032380304,0.5198316153351226,0.5195314952421908,0.519307360277227,0.5199217481559187,0.5200920487693821,0.5198630848068128,0.5199065817950358,0.519870412704377,0.5197107399574616,0.5194926514704016,0.519450578550765,0.519696684887501,0.519927747057507,0.5194436754332439,0.5192637042725116,0.5192488948194811,0.5190663342757585,0.5191498529375044,0.5192273713435049,0.5192418453863532,0.5195978565892568,0.5193301798244766,0.5189331662726648,0.5193512037465086,0.5192082018338445,0.5191339917236785,0.5194838247729952,0.5192876418286115,0.5191459551686433,0.5191077642836233,0.5188710803305633,0.5184899953700707,0.518056187667135,0.517753193593582,0.5180620881460402,0.5185116615175808,0.5187607329444299,0.5186143126367309,0.5184577752937259,0.5183959965138905,0.5183992766116332,0.5182099899908689,0.5180088574549777,0.5179231465192015,0.5179914246914533,0.5177478450535151,0.5173568094209228,0.5172159482404931,0.5172379054627397,0.5174405823988988,0.5176013674714723,0.5168088544499245,0.516839103674792,0.5173633476710022,0.5170309510604697,0.516651450808642,0.5163654656204397,0.5162382271423026,0.5163976708356245,0.5167335900359635,0.5169832521052811,0.5168017356861745,0.516601205693077,0.5164280576250306,0.5162473924220349,0.5159595172057715,0.5159937369552883,0.5161516732004661,0.5157185482917793,0.5156395785256558,0.5158149407229609,0.5159099430294408,0.5156854614435736,0.5153376009907694,0.5150279012176797,0.5148721088058736,0.5147574445368406,0.514608279517989,0.5144120851505812,0.5144265104593062,0.5141211998344418,0.5136205149364781,0.5137886010743311,0.5138124338966691,0.5138182805581502,0.5139928347753324,0.5136376988470568,0.5130293147653843,0.5123915253796708,0.5118485738551246,0.5122122025452779,0.5125788320592788,0.5121277065252561,0.5129668218277089,0.5130277737751061,0.5119778080851937,0.5115969372612218,0.5115348711773544,0.5113773441842251,0.51079344127491,0.5100876231405383,0.5095359232428263,0.5091984560597912,0.508907934855214,0.5087248850650403,0.5082995268436897,0.5074998940795972,0.5074062086971026,0.5073819731831951,0.5071894264616427,0.5069906641967591,0.5065687866550191,0.5061868086862805,0.5060273494419196,0.5055993875333163,0.5053960820867236,0.5057969825989003,0.5069272044999589,0.5063759067225504,0.5056502309880841,0.5060095097500785,0.5059393228137756,0.5052250139180354,0.5045485835946707,0.5049797148943812,0.5046997794594817,0.5046158483509745,0.505105166730007,0.5044326096843607,0.5044457485063718,0.5049140945971611,0.5048896935122644,0.5054325344249275,0.5056874599469502,0.5054870875955152,0.5060330715163512,0.5058744055800828,0.5056739530548915,0.506279421453474,0.5057856878859353,0.5053847168583004,0.5052195937088111,0.504242943051951,0.505059292757401,0.5057729881753446,0.504872926509229,0.5057404101526631,0.5067022985284894,0.5068714369674518,0.5061421030585583,0.5070603260290992,0.5033494522877,0.5031646160030591,0.5026912240641678,0.5022036434176016,0.5014322121716054,0.5014849089750298,0.5015986324460143,0.5014512135750557,0.502322597132122,0.5033132059968265,0.5031467521114429,0.5033294900944194,0.5029786792638179,0.5022687834651608,0.5023838297696533,0.5021190138968713,0.5019426019259214,0.5017890865546448,0.5018225370569992,0.5017158673715774,0.5016629480733501,0.5019211836009784,0.5027032648349845,0.5033831542849186,0.5043375131146057,0.5053605913813505,0.5053292184246365,0.5055617458770528,0.5057186762483131,0.5055439914791827,0.5050647304844561,0.5050754708199333,0.5048972428736332,0.50506164172556,0.5058196788364328,0.5060504205989249,0.5057713586238157,0.5048462786384176,0.5039396592739892,0.5038216067012444,0.504025482894917,0.5045060360998659,0.5048909721892116,0.5050397028916664,0.5049324543869829,0.5049895212044735,0.5050944079543339,0.5056152708724706,0.5056171513085373,0.506028314172569,0.5067793472034106,0.5065816773023208,0.5063245183560098,0.5059089544079489,0.5051723561813007,0.5048940583452389,0.504806686476271,0.5047678492536486,0.5050079780848887,0.5054559059659697,0.5056262540265648,0.5058624422555544,0.5059753005130708,0.5058554369500136,0.5049704543399556,0.5043931875931557,0.5047812663346553,0.5047704584081695,0.505079138819037,0.5057896631616015,0.5053697120104855,0.5052078571918619,0.5053393436965504,0.5046215615146822,0.5043756858755554,0.5042917267556737,0.5042074254068278,0.5040622013161362,0.5048136691729153,0.5051009843008681,0.504807413983214,0.5048782100625483,0.5045015336994969,0.5040449291188727,0.5042431119540789,0.5040407147462803,0.5037770096582955,0.5037746604333793,0.5036462090337552,0.5037714119014168,0.5039205746164891,0.5045989395024784,0.5045308729110907,0.5041472620186571,0.5034308658013327,0.5032278182739871,0.5026406920729206,0.5031128089714081,0.5040496891213575,0.5034314917141007,0.5030754081342118,0.5026458698613475,0.5020852621199332,0.5026332160000487,0.5028883982845356,0.5028178965040067,0.502571984882297,0.5023098552699264,0.5015979331696947,0.5013002627404921,0.5016799475065076,0.5014733755516847,0.5010026043420868,0.5009378919864957,0.5007522050452592,0.500560973836977,0.5008282588222661,0.5012560449124862,0.5010721853625165,0.5005532607537974,0.5001933823410585,0.4995053573897624,0.499292666460916,0.4996187036513324,0.4994318839310752,0.4992451038581914,0.4990435321254124,0.49822243465483207,0.4973947930387327,0.4974879336245839,0.49737568300658885,0.4965676442221286,0.49618746241185474,0.49571674191649473,0.4946707484540308,0.4944628551245992,0.49433886218464684,0.49367345914204575,0.49249219947819484,0.491802060336376,0.4909616352371953,0.49015023429213894,0.48951370769866903,0.4890465989636173,0.4880792761313314,0.4873689628543965,0.48700059313908595,0.48614657264199795,0.485180358060489,0.48459945604310045,0.4839489827456644,0.48320565234393004,0.48283494699315255,0.482425390974048,0.48195139991649166,0.4814223214326363,0.4810284675890555,0.4805530762004574,0.48021206366851626,0.48002016512394713,0.47980223772573216,0.4795138321710347,0.4796197938868818,0.47968856166151885,0.47946522748366555,0.4790976952177693,0.478685283783214,0.4786404061030358,0.4788063410053569,0.4791505492215446,0.4793469216101926,0.4791689070373311,0.47825809311723366,0.4781821457945594,0.47837419696043104,0.478294625948767,0.47853571686725954,0.47859537274842834,0.4782897074747486,0.47811758640514374,0.47832069939510274,0.4782627535952914,0.4779085152486548,0.4778693382700903,0.47795985290174,0.47768719118675135,0.47733564967783665,0.47712826743563824,0.47706033571431683,0.47705197504696983,0.4769915087823486,0.47713748482113616,0.4771060438633522,0.4767804537746411,0.4767146340480371,0.476890911877943,0.4768476060334537,0.47662328214513017,0.47668454658846515,0.4769053186197965,0.47684987428895587,0.47669249328931806,0.476793454064992,0.4767974650727687,0.47684669107480465,0.4772015211035737,0.47726750676910906,0.47727205920920873,0.47689759831103573,0.4769721194441233,0.47735758195714273,0.4774008580648124,0.4773669196565332,0.4774651108390293,0.47743959705062883,0.47741617567233835,0.47753751928257804,0.47766535650776043,0.4776383442097474,0.4777243821863608,0.4780754051619393,0.4783429532712163,0.47849445784451716,0.47865930011779856,0.47869521275293836,0.4786193733374044,0.47873419905574216,0.47894995408223934,0.47904534152126205,0.47920480047524966,0.479333862004528,0.4793387305989911,0.47938208927651393,0.4794904066325649,0.4795876350282654,0.4795659625709074,0.47964171623111007,0.4798114090936707,0.4800945595481213,0.4798184752664711,0.47966830983242914,0.4799124175546103,0.47992608894508876,0.4800253139035012,0.4804361885264241,0.48065157994341845,0.48058859870614706,0.4806183155348156,0.4808573080724568,0.4808988670037973,0.4806009211803576,0.48058316685710983,0.480764231398192,0.48083601061752324,0.48092927022243814,0.48100000016532457,0.4810357606985419,0.4810418955289972,0.4810095544611403,0.48101851827439046,0.4810248963155336,0.4810530230481021,0.4809497540226179,0.4809325120710903,0.48112205539683844,0.48112788129664164,0.4810820107482708,0.4810358023877715,0.481058711040704,0.48100179014169747,0.4808900083709719,0.4809322966412328,0.4807751746178226,0.48017996267094837,0.4800774022091243,0.48034351815802667,0.48026106595383244,0.48021621972044004,0.4802110539562988,0.47998721804588373,0.47977644696436805,0.479623598222337,0.47963660334962227,0.4793505411681763,0.47912561570464446,0.47917004780073097,0.4788835014391576,0.47870504623674415,0.4785188630393171,0.47833995544859137,0.4781361654118243,0.4778964167613,0.4776662469263664,0.4774070830487171,0.4770761572971016,0.47676978139182236,0.4764296723090815,0.47616837306044096,0.47596960924824167,0.4757414265738846,0.47561780893198025,0.4753219681373337,0.47480080676342107,0.4745022606506276,0.47432025073168793,0.4739939892617498,0.4735726574143564,0.47344879230361775,0.4730136404117885,0.47251210627618084,0.47205630421362277,0.47162406907510346,0.4711466576906412,0.47058813259550825,0.4701527465283004,0.4698584939635625,0.4693382348320723,0.46879204018176834,0.46818911922745693,0.46743072775486516,0.4666866879963509,0.4658679241743012,0.46518422816705546,0.46472721336318423,0.46387831694889986,0.46265820947795894,0.461920065633423,0.46146470517847726,0.46052151921732165,0.4593675869919211,0.45865634435331365,0.4579571448862142,0.4570712350532925,0.45605039655865875,0.4553568347484347,0.45452847355581955,0.4531597086274538,0.45214604859468455,0.45161307505995946,0.45076896246968173,0.44960151922483776,0.44865405192256036,0.4479304790001409,0.4470510458665223,0.4459870699719062,0.44512391122135275,0.4444422401047428,0.4435637973804444,0.44269382858417916,0.44175922450935534,0.4405871022075029,0.43962032362403636,0.4387382817196677,0.4378536037709865,0.43716767775580295,0.43628413225398655,0.43521383266214625,0.4342699767879104,0.43334793846073594,0.4323046734703318,0.431376188373778,0.4306431494887286,0.4296105624515293,0.42841266668671957,0.42736389784369155,0.4263411386691539,0.425128243743544,0.42401121301007005,0.42259201801711194,0.42090007940712026,0.41919752061397325,0.41745178454417464,0.4155192318575119,0.41346219682695506,0.4112552608279608,0.4089791597937956,0.40639803251345064,0.40352346545271434,0.40063499508197925,0.3976703122924048,0.3943830080334568,0.391046396709741,0.3873637064647381,0.3831430489937793,0.37901082287985455,0.3748391861149884,0.3704622247552921,0.36596305974124105,0.3613751196238352,0.3565251786333348,0.3517106091390431,0.3467800245567524,0.3417870240469865,0.33672399668092606,0.3314293487586344,0.3264433226170823,0.32154730534348636,0.3166005525078764,0.3116617311365274,0.3069495261758337,0.302224210557963,0.2976921313998844,0.2933205358670355,0.28923271472699713,0.2853069355409383,0.28148511880532845,0.27791996222275317,0.27452741781479273,0.2711099752836016,0.26804124262666595,0.2653825651917687,0.2627626253213996,0.2602637242954363,0.25794634524559534,0.2557878877992051,0.25378714550711556,0.2518729935327251,0.25024332749413103,0.2490411548952162,0.24768245122068103,0.2462877489733363,0.24515942237095625,0.24405731683563736,0.24310219791634066,0.24222081528698222,0.24165015273523052,0.2409513926248439,0.24010983884663403,0.2395991242608372,0.23934925608463928,0.2389512422897012,0.2385844003288212,0.23833381099910828,0.23810046162762993,0.23789515210378326,0.23781211501554542,0.23773933767345615,0.2375936600101214,0.23760535556127174,0.23780991760768608,0.23792256762538744,0.23804135332203755,0.23817884996744032,0.238315204451663,0.2384721748080922,0.23864511435479713,0.23884221318848198,0.23903906481308412,0.23928176964750159,0.23959019840581508,0.23987465739482336,0.24016844517385397,0.2404744418894647,0.2407317690715128,0.24107833098214648,0.24155824554137298,0.24193551106653066,0.2421884734549969,0.24263163401491553,0.24317082768918613,0.24365566945972889,0.24413512410863664,0.24481934375583675,0.24554924243698226,0.2462526663523625,0.24702310276746148,0.24796063358310147,0.24891750048463204,0.2498352151996504,0.2508242587655592,0.2519947948042229,0.2530570175240024,0.25397726034496443,0.2551256126634482,0.25644893819212505,0.2576369718945499,0.25880879216662767,0.2600931104881526,0.2614245928530373,0.2626527534117908,0.2638886784247857,0.26521937894615677,0.2664721425815264,0.26779495489817595,0.2693037077895637,0.27073560915472616,0.2721075416573787,0.273475057772848,0.2748862718581408,0.2762681635391884,0.27752947479054607,0.2789158322246885,0.28043936722827534,0.28185268890699866,0.283215270136411,0.2846490519921104,0.2860878129906163,0.28749320523296834,0.28896858088789074,0.29038937353111904,0.29175021537650525,0.29307208425546044,0.2942904395506716,0.29564053373858434,0.29702952067964195,0.2983973383353604,0.29989777871246315,0.3013206065775257,0.30267229995386696,0.30399612516915886,0.30525461709385737,0.3065617929358622,0.3078229439096745,0.3091373741578974,0.3104956987967951,0.3119743274460075,0.31323904910367883,0.31442185516042387,0.3156997730293208,0.3169193275086936,0.318142880364603,0.31945580154833925,0.3206849062543398,0.3218391509998058,0.32293822064576677,0.3239951282570674,0.32514681975604975,0.326272741012529,0.32734540041004884,0.3284843459283564,0.3296036187439471,0.3306071797173034,0.33166075223490155,0.3328258122046259,0.3339048392818616,0.3348509055950055,0.3359295073602502,0.3371317935594858,0.3381915235473055,0.33922060243823104,0.3402399205327171,0.3411743182226498,0.34215368516087147,0.3432032192573616,0.34413623000588783,0.34500126790818403,0.34587462658511137,0.3466271901134126,0.34753343654822133,0.3485368447544217,0.3495027647127942,0.35059743656571707,0.3515065995877215,0.3522703333218024,0.3531102090536321,0.3539214737362816,0.3546986834901161,0.3554524449364985,0.3562729487052619,0.35711884418561257,0.35788605575401194,0.3586626793562647,0.35945812185459275,0.36019299204368793,0.36091018754885396,0.36162697773151764,0.3624264222896242,0.36336038991553427,0.36400448051533096,0.36443075379272644,0.3651284563553281,0.36582149286533,0.3664033130750745,0.367119397465674,0.3678734038562963,0.3684519732988919,0.3690805279646505,0.369938055057108,0.3706903954812426,0.3712711821891814,0.37191394890753937,0.3727336609217135,0.37334154544583614,0.3736872348272885,0.37423569475189916,0.3747943902733461,0.37535848325672433,0.3760543303522469,0.37672872765716836,0.37733433596087906,0.37798741684938947,0.3787958788791389,0.37945740983979653,0.3799852387655435,0.3805888579472815,0.3811625704523438,0.3817244621983707,0.38235138481880937,0.38294104763836434,0.38347425649518346,0.38402300512435483,0.3845730056576973,0.3850943914026072,0.38557280972326297,0.38610446026187695,0.3865904705109598,0.38719449408940704,0.38808975415935615,0.38866992817858453,0.38905899836733254,0.38954911065056336,0.38978654718268785,0.39021016557034793,0.39102598381713327,0.39155564571957985,0.39178527254980305,0.39228123532893505,0.39287702103980177,0.39335432500576467,0.3939589906740165,0.3945552672857982,0.3950840994825059,0.39546468028754045,0.39570002310127167,0.3961376678213743,0.3966280819459332,0.3969825668739539,0.3974137729773476,0.3978802065205204,0.39818587357207746,0.398493912748373,0.39891178547548006,0.3993731130135645,0.39984643742157866,0.40016205240596087,0.4004083925549456,0.40077539990434324,0.400984511713831,0.4013448273171318,0.40218930004883,0.40257169390126857,0.40246607868626016,0.40277842125839064,0.4032941777684544,0.4034607642677855,0.4035728218005668,0.40386690609275994,0.40395693534463556,0.40404150673108324,0.40445160089944787,0.4047391334911857,0.4046492413850474,0.4048156400756409,0.40534723326884986,0.4055743695623261,0.40565585404606347,0.4058261077207389,0.40589019659624254,0.40594115965353184,0.40604254508158477,0.4061651232662017,0.40621805749470025,0.40632289810204836,0.4066222750720088,0.4067063582683048,0.40653273309801996,0.4065936500235546,0.4067463090327437,0.4067730264450167,0.4068760200516147,0.40699152389995963,0.40697205028506483,0.40695393337626107,0.40705601002533315,0.40708934333340624,0.40695711378676147,0.4069863524332878,0.40718888554399446,0.40713970990901466,0.40700689008389923,0.40697676814496164,0.4068850260201177,0.40671132656592146,0.40649402858096917,0.4063715525030613,0.40622709075290336,0.4060947685915067,0.40613605948362536,0.40601524155893653,0.40574257062715496,0.40550768633776274,0.40517355897254775,0.4050399928784319,0.40507374269942037,0.4048472396256118,0.40460866237245996,0.4044127962446662,0.40401716614311417,0.4037419082825804,0.4036406021125305,0.403516493803262,0.4033833271157409,0.4031485388478378,0.4028644854547355,0.4026742010208734,0.4024929279847903,0.40221076144169315,0.40208712200911745,0.40174062914238373,0.40096396649803656,0.4006287592080425,0.40057319975294525,0.4001109589036762,0.3995517590334725,0.39934427417879875,0.3991275003216436,0.39849875339981555,0.39828740168165244,0.3979443828041685,0.39723288191381745,0.3972600549310923,0.3972870578352782,0.39638184307350816,0.39586179294483503,0.39573126427730154,0.3952057477032737,0.3949992233942296,0.39488730548112144,0.39427404139566585,0.39384487818961367,0.3935329223704829,0.3930847774040212,0.3927881094097934,0.39233735692605176,0.39185940258546825,0.3915385527812376,0.3912146140224708,0.390825951068975,0.3906615043498288,0.3903033129358313,0.38964953068552205,0.38920319621110006,0.38891748312353647,0.38830474828695627,0.38764427064950574,0.3871506923635087,0.3864095431900571,0.3857264352922488,0.3852958287765949,0.3846795343157354,0.3838079170514229,0.3832908313675707,0.38315558423298707,0.3823717685741677,0.38117374308016216,0.3805172085099332,0.3798732917619739,0.3792785563580181,0.37909069901575493,0.3785053969233861,0.37747308097262544,0.3767290336770923,0.37625232714690865,0.3757927062952366,0.37497945757327705,0.37453699514457134,0.3743319954441076,0.3738663636718132,0.3730698181889193,0.3722224391891071,0.3714957060257811,0.3709134386777356,0.37087067434280613,0.3708708634892135,0.37020157291074013,0.369567567122853,0.36939214747988813,0.36898715961107686,0.36861021356052187,0.36864861379747216,0.3680237576552555,0.3673449178675968,0.3674374233729865,0.36699815537595526,0.3665446730540804,0.3668203574752138,0.3665807124756705,0.3664447933691815,0.3663586587348428,0.36563859847578417,0.3654415258495702,0.36608048840023055,0.3659539200570942,0.3652538545696535,0.3652033659169529,0.36525111314417613,0.36507748286350616,0.365315018030232,0.36535983915974457,0.3647913226964708,0.33571503936018293,0.33579156758913575,0.33573935254181503,0.33597047787139633,0.3357301707215078,0.3352545733535612,0.3360571300687734,0.33613188072674555,0.3360543197832815,0.33614923525157353,0.33608527499662183,0.3361253350645879,0.33628522850342235,0.33699165270563985,0.3368995372288623,0.33628772276080643,0.3357656032157631,0.3354572927310653,0.3353317432284892,0.3355073216048727,0.33568779818650674,0.33635779490383316,0.336256979311864,0.33572456819739316,0.33554478220118744,0.3348975433051934,0.33416698200248185,0.333856938549761,0.33406879346512885,0.33399569098406323,0.33395008178992214,0.33380651855820903,0.33385902607021095,0.33333900684686313,0.3323426486510738,0.3319975519565075,0.33161873407629,0.33098016376993894,0.33045075678063,0.3301748213858928,0.3295994166147453,0.3288685216304681,0.3280943566963023,0.32725116667604714,0.326454206447467,0.32522097724257365,0.32374428955431955,0.32224754883149825,0.3213853272220267,0.32029052194328833,0.31935312050368597,0.3180694389600402,0.3174618377222285,0.3157391051836805,0.3133097464698973,0.31163061934954617,0.3089632229174222,0.30604201997678315,0.3037807260152889,0.30159289015942287,0.29903895868921376,0.29653128474681495,0.2934260837644772,0.29018199605257505,0.2868963107273239,0.2829901244382859,0.2790788930923349,0.2750702313101583,0.2708629931510434,0.2668349314583288,0.262347864921585,0.2578840261370069,0.2531273532714763,0.24791288400406478,0.24234743808518314,0.23718510319179428,0.2317511838248399,0.22591913757587637,0.220408150612963,0.21474664954102235,0.2089366536613818,0.203421693612501,0.19817509899910654,0.19265461772628883,0.18727762761481043,0.18221037476494104,0.17650309127973085,0.1712327866210945,0.16618569952857856,0.16065717918962782,0.15635071432952394,0.15227507340954774,0.14805497049481897,0.1436185146760247,0.14031675495845727,0.1371679478355222,0.13395475119272873,0.1309027445104633,0.12827106137654315,0.1258326475202138,0.12337568427830753,0.12145003972641326,0.1204140491439014,0.11897174349158832,0.11743693884568113,0.11643524291712275,0.11529510582127932,0.1143439194148122,0.1133393584514162,0.11242234732061498,0.11203933502048752,0.11129991178836185,0.1107189117339762,0.11043708641850514,0.11011858966793875,0.10958220092763726,0.10947562460212111,0.10946707127178573,0.1089910540712753,0.10895150643560264,0.10897601524670263,0.10889124756344831,0.10922609757085956,0.10926040784478758,0.1087378662224335,0.10867837220099076,0.10877097857942218,0.10919557061002161,0.10935581552046622,0.10965651984318117,0.11029930529840129,0.11038579137308524,0.11024494045767479,0.11051662072900703,0.11098419812017579,0.11186779041803974,0.11201554687342181,0.11178108058144812,0.11209850360944147,0.1123979619950021,0.1123257042107897,0.11229104398649707,0.113001296853548,0.11386099613057193,0.11401783054513229,0.11412927128821068,0.11458938945281191,0.11526561533888242,0.11576682021301588,0.11616443217606937,0.11717993552053017,0.11785101446291246,0.11795882047370959,0.11774483543028995,0.11843570074219745,0.11940869174271972,0.12035032718506879,0.12109211178097083,0.12156765010547375,0.12148685083462535,0.12217173521575882,0.12319550002147607,0.12389948541958529,0.12487953371501295,0.12585808406646656,0.12637612180188373,0.12678457215027752,0.127334861080727,0.1280515480336646,0.1289053067177652,0.12978128072560494,0.13037549763798562,0.1311454636898903,0.1319199868811416,0.1322155867793719,0.13288797768770425,0.13400465482141713,0.13500903647947388,0.13550465306850484,0.1360927642837987,0.13712468861026206,0.13788008711738614,0.13892345004000925,0.1407062319231358,0.1416751467126859,0.14190997204731653,0.14286729059669961,0.14400536977811643,0.1448784911826266,0.14605117480510324,0.14710714007848624,0.1478534397931075,0.14867025449069937,0.14933849905197125,0.15012822061731576,0.15077825169976317,0.15084792093581648,0.15157976457906416,0.15286561320439318,0.15384742344588845,0.15478670780039377,0.15592533960836327,0.1571754251033252,0.15823810525337126,0.15921593762693775,0.1603766969592559,0.16136251962489984,0.16184081018964666,0.1626600037076531,0.16384862472378897,0.1647968546222562,0.16542180893230946,0.16626891529096213,0.1674551142467537,0.1682536366830792,0.16880415863405873,0.1695648353355981,0.17036671148808316,0.17074776117422133,0.17140177091569453,0.17256566066805726,0.1734297691923878,0.17421292245395784,0.17510075090141763,0.17613524335756844,0.17694211159520237,0.1776437685203022,0.1783694659858313,0.17896839184333763,0.1795857348858385,0.18003536633863476,0.1809954376949751,0.18220866960378287,0.1826477322802174,0.18307730734718564,0.18319965339084582,0.184044645781964,0.18533273761288555,0.18573027148558266,0.18580196884091724,0.18654501781480876,0.18696067724816554,0.18738577786108826,0.1888695662240822,0.1897949387995052,0.1900006044417249,0.18997637228373682,0.1905900390725148,0.1912269322282935,0.192024049503096,0.19301515735371208,0.19383444580710243,0.19493858101363726,0.19564548343837748,0.19619445255081955,0.19636351833605684,0.1956413067296564,0.1958574277892258,0.19654765006514752,0.1968569017343257,0.19749595050117555,0.19807762053616645,0.19865338322129394,0.1987712864197238,0.1993123827453744,0.2001971090357461,0.20105248297191425,0.20218581194382143,0.2025220827337496,0.2023444997144816,0.2029254538204328,0.20327935158698676,0.20367013240348514,0.20501805181651775,0.20576247247092036,0.20569153704037743,0.20591971256781988,0.20630229918992005,0.20672864030869473,0.2074366570006314,0.20862758978228638,0.20911115891230625,0.2093149484794391,0.20989722912998252,0.2104193240939811,0.21068690900304848,0.21110465445165263,0.21153222475302538,0.2114121140349388,0.21164939245905245,0.21223159891989735,0.21297081024377765,0.21405571981525637,0.21469800108367157,0.21544609980065627,0.2166277543903382,0.2170672611248774,0.2165951081399459,0.21713604498035194,0.21828524327594678,0.21851533046854554,0.21853130018456074,0.21898029810048278,0.21874275177694388,0.21902239481179392,0.2204789893184211,0.22127883039236335,0.2216940554051269,0.2219715151530849,0.2225665201297914,0.22321224131345932,0.22340777250349156,0.2232355792687331,0.22365971724913555,0.2239498879181628,0.2244921236822342,0.22569066146474503,0.22655946167379337,0.22739385652473357,0.22787977741118173,0.22812774615830347,0.22862266065286746,0.22891000614019374,0.22923271944835283,0.22999988516952016,0.23042192172881953,0.23021033610432687,0.2304183071204871,0.230814092984649,0.23133852489858447,0.2318036852013117,0.2326362113939652,0.23311344727451414,0.23326300388499366,0.23367136131477656,0.23413020629965003,0.234539933089485,0.23494199827051657,0.23552011945776485,0.23628730456613928,0.2368016772931838,0.2374671983488021,0.2378769471026276,0.23783580578663477,0.23778276502643775,0.23883515506014946,0.23942550492883785,0.23968521399509335,0.24020989294060746,0.2402416405550314,0.23883527614106556,0.23930028336507114,0.24128438229862864,0.2416015857067536,0.2419674126945488,0.2421217265283831,0.24050577281065696,0.24040083713838417,0.24197785901502047,0.24232678621885867,0.24222811217892787,0.2424521310117478,0.24206570446819503,0.24203857299994064,0.24240505381248528,0.2432535514908786,0.243544408839302,0.24367272956354896,0.24375545047482958,0.2434061724252859,0.24375453627342702,0.2447314682961637,0.24484467748885258,0.24488856700264192,0.2449296650749291,0.2440642820204013,0.24399972708483728,0.24504941600179833,0.245072831847621,0.24443381164688807,0.24431721092872807,0.24368287584760534,0.24361367831464864,0.24444689264619895,0.24499743548805225,0.24596554601222395,0.24634477472816532,0.24625887340642455,0.24549448445133143,0.24596674039366387,0.24688075848020874,0.24655445394928788,0.24630865765153817,0.24625294310767573,0.24475402289563206,0.244576260476393,0.2461297775008623,0.24652610118369897,0.24640772691321944,0.24645780996108893,0.24639643335677588,0.24637300732678097,0.24626941143842074,0.24620521671302742,0.24622174403453995,0.24623110382462546,0.24614916546457574,0.24622202137011281,0.24696034333357372,0.2466495926713849,0.24603212795671012,0.24576230646385985,0.2456998247645857,0.24526560456237292,0.2455468166908263,0.24695865509544734,0.247170800597544,0.24715803123919608,0.24661095722409207,0.244603963788899,0.24446495680125155,0.24524163476609132,0.24538498362877462,0.2466567897199591,0.2468264652343235,0.2457494137709276,0.2450077798717615,0.24386248199081506,0.24340854214856186,0.24327114792503016,0.24282023625927965,0.24288666980482873,0.24276768504909435,0.2424419421043142,0.2417215478465645,0.24053808132457635,0.24023291319947837,0.24009600530399433,0.23925867868400938,0.23859534769745946,0.23810564846380103,0.2378443430759758,0.23755509285597964,0.2370030348401746,0.2365807668101769,0.2365941871994355,0.23665977627284066,0.2360612570919014,0.235937698093851,0.23526156882529883,0.23315788373600074,0.23212840646262428,0.23168265462966361,0.23101460423834796,0.23034003478604043,0.2298804030712198,0.2297659731596739,0.22947585898698203,0.2292784411534514,0.22899378970746234,0.22875992779251086,0.22820077949802564,0.22792367248537287,0.22637864313307454,0.22510828672137032,0.22466075848714698,0.2241672431202766,0.2235613576667187,0.22287701525460393,0.222106708974474,0.22148689770134208,0.2211579687856555,0.22063600381610976,0.21997392401465116,0.2195656562248185,0.21913200915265793,0.21875131712657697,0.21869306526620058,0.21862174876880863,0.2185515840258759,0.21830218521444592,0.21832695827096024,0.21773949718718755,0.2162572933378842,0.21569622873215397,0.21552578869689878,0.21503183027331568,0.21447619505607254,0.21435041658202553,0.2144352249109096,0.21420511640061052,0.21458061587284652,0.21451780027554646,0.2137435875184755,0.21291762806768502,0.21194430976839324,0.21106108420524153,0.20984289212888724,0.20898374788273744,0.20836522081604103,0.20786640939439574,0.20703443388805126,0.20624186396857247,0.20538145189359067,0.20492407320729275,0.20497685787299347,0.2044420093833133,0.20336590980644867,0.2021439966223398,0.20162769129916905,0.20235005516875618,0.203339983487143,0.20257423708670053,0.20163531870044235,0.20220690068970223,0.20256296881282332,0.204766717925282,0.2039368681114652,0.2009786830433354,0.19987149007704313,0.19756034615814705,0.19708068625280298,0.1987523712804058,0.1996160897871925,0.20143745652810188,0.20118394463427156,0.19915787370779678,0.19911303075443945,0.19903599981512954,0.1984663123725189,0.19971702338849934,0.19969856091126664,0.19739354855344896,0.19619618857554016,0.19542927949157707,0.19501462388593685,0.19497639699899766,0.19440525632733266,0.1941934684540387,0.19393413614954488,0.19328652058522944,0.19258225335024032,0.1917428544223155,0.19119895400727244,0.19041991710962317,0.19004450979168683,0.190550767121528,0.19040310695983642,0.19048494170105365,0.18944100374545014,0.18642299847006616,0.18598783719211961,0.1875889700794452,0.18603701893436958,0.18537677740867034,0.18700538288506205,0.18744477553771785,0.1864296122047269,0.18618986525034656,0.1851907975011087,0.18200006965797,0.18183483893531746,0.18280289068866507,0.18250000996611498,0.1843065454424234,0.18470573843622715,0.18320136392356648,0.18197913421344958,0.18200265967292775,0.18242899704708018,0.18127373304024003,0.18181788405395166,0.18286051216987356,0.18045642695731776,0.1787125786098468,0.18047376658627678,0.18000842719178475,0.17700447734312272,0.17703535695137426,0.17798156977625504,0.1774805157058441,0.1755792164027494,0.17412637912610687,0.1741534928620671,0.17203895866804028,0.1717215299154298,0.17359418251991737,0.17242783955811217,0.170115642875859,0.16930175621519214,0.16988262845329416,0.16892250979894916,0.16710581112342898,0.16704449057325535,0.16575937117106432,0.1647660448610681,0.16647097000483702,0.16672292877631203,0.16572425174634822,0.16440854229413102,0.16398701888203215,0.16596607464130395,0.1656585167658449,0.16393944179919295,0.16486112363903407,0.16504335533380157,0.16368249522444275,0.16290767493760772,0.16126414437924488,0.16001400820173156,0.1602154182791644,0.1594276647497756,0.1582966050160001,0.15798722643309257,0.15879245143456355,0.1609947313755433,0.162362628457075,0.16131496476798088,0.15755300304369035,0.15560003009518383,0.158742099615184,0.1586599045009676,0.15342481438690006,0.15140891387426855,0.15209343022458796,0.15015796319902588,0.14829360199196623,0.1505284697086718,0.15096285932511455,0.14936209647972587,0.15229557778755265,0.15514250494283946,0.1551992577297722,0.15353924958447898,0.15080329806040246,0.14937217718473286,0.14733289972252336,0.14820383933009235,0.1498502355238805,0.14527145897613108,0.14274808281007081,0.1410591747358968,0.1372498395588851,0.1390705082222145,0.14160204362377887,0.13960647547681632,0.1374698704382559,0.1404726004045469,0.14319301742490678,0.1375336261974078,0.13418213709824853,0.13712306597160104,0.1372743557813984,0.1370220654296576,0.13824793748641595,0.13648852678072868,0.1326071492206617,0.13345707620899294,0.13424769182249746,0.13066239555426165,0.13160342101070568,0.1344114500917823,0.1340802657322592,0.13315924540500151,0.12686916024230643,0.1235989537160586,0.12660821036326922,0.12707660834629397,0.12392733518569914,0.1232810705623048,0.12321625001119146,0.12299138799232813,0.12500217190001248,0.127606513895897,0.13095925195897037,0.13242834227186934,0.134344152092681,0.13335398645890145,0.12764115008958823,0.12542706754635555,0.12053566372300872,0.11938214234950771,0.1259874863932192,0.12422565854214002,0.12223277116279527,0.12406281847581518,0.12117222354768782,0.11965716208892392,0.12271581700279734,0.12141955205611267,0.12295805349698696,0.1331052119542974,0.13061398226057264,0.12337381109325178,0.1292110664260275,0.12076821544850028,0.11096329060164262,0.12525483519296401,0.12472385014133161,0.11764722182770214
33_3_ANDGE_1_T_1_00000,0.03311102746573308,0.09358168897902097,0.13501682147850358,0.10807160276889727,0.04005702040604903,0.0794022735157503,0.09870584934328767,0.08694809999329253,0.0763801229573552,0.06864623685696764,0.06040321060437494,0.04994315955380311,0.04964072761040221,0.0743297282935738,0.1117159664217502,0.09963017415589596,0.06677359069964865,0.035975958889060515,0.0302471381111641,0.04228164479021884,0.05849271337287017,0.06826278826393668,0.08355971080805157,0.09029683683227174,0.08300112118883825,0.07778018649777795,0.08291285385293555,0.08734475205578923,0.060909430546741854,0.05049692121248177,0.05589210242951109,0.0643494343373249,0.0811646908868881,0.09116821882217535,0.08526010721809862,0.07320060631335186,0.06504961675115183,0.06498965357761488,0.07047254457265455,0.08030964847099314,0.08717182581951258,0.08220826887770259,0.07626542602520395,0.07070084597183975,0.06595140352148841,0.06773626127319174,0.06655444418669278,0.05999518349400608,0.056440869422488577,0.06359537585704068,0.07425299702550588,0.07238477648974571,0.07289118364031923,0.07439644309223176,0.07259813997542472,0.06854639348460165,0.06490116907943035,0.06443560399159341,0.07125713470876577,0.07438978920779735,0.074095735203917,0.08152610711438561,0.07974854135005015,0.0733264998512348,0.07304351004120468,0.07212569518571484,0.07104430196465412,0.07088090216679904,0.07151308764721133,0.07269569329182016,0.0739972058562028,0.0748567614162707,0.07434413040423982,0.07193386720208739,0.06746213149613434,0.07083245476265415,0.07452629954013691,0.07055199180464487,0.07563222140495095,0.07733860175893728,0.0704120520872705,0.07164672166983438,0.07463438874234903,0.07638265005474462,0.0766985867231981,0.07630880543104596,0.07588367685419602,0.07608724498532074,0.07728295492552403,0.07818756598070022,0.07766224177178198,0.07584952462506511,0.07581492222498126,0.07810274042149537,0.07856635111438823,0.07952224159887945,0.08142416772906311,0.08364925240774577,0.08469910065607053,0.08436693079102235,0.08322328287313531,0.08408198027638333,0.08482751810629292,0.08396544128638928,0.08343793212827809,0.08384338387570228,0.08501712550283486,0.08574088210972475,0.08692229842706287,0.08788678498644208,0.08728294236330907,0.08737478262257481,0.08662143322538213,0.08393775363087048,0.08519271208786483,0.08729429106649228,0.08785736386519201,0.08714109152556228,0.08706924633594754,0.08784588360928755,0.08805351724956045,0.08859905421208379,0.08904034056458214,0.0886052806519256,0.08844432778780018,0.08870410210783589,0.08933134745671119,0.09044170932496773,0.09079766381719348,0.08987529272197205,0.08800788033230623,0.08772620228266864,0.08888219942802845,0.0894380614116416,0.08946966918810356,0.08903911577385994,0.08841370066142491,0.08865389072271207,0.08922940432214281,0.0893548586518421,0.08767767624008546,0.08748846041521732,0.08948802831664215,0.09126854880720506,0.09052790256206042,0.08888664053904945,0.09012857171847778,0.0901035491662419,0.0898058494193339,0.090793600033449,0.09087015839278727,0.09130361074228463,0.09289292327150335,0.09505841332697369,0.09575858073019697,0.09519417802797947,0.09596673642092489,0.09686743733115306,0.09801633994005736,0.09987195626539053,0.10098419296972842,0.10192585941171359,0.10355199932268067,0.10635872934482181,0.10853191096233973,0.10969065726734571,0.11252067750950463,0.11503465522980749,0.11689549905617885,0.11892968839305733,0.12155891572091054,0.12442871171667406,0.12695713036425701,0.1299886722260657,0.13297031540172535,0.1353737667315415,0.13735189924935964,0.1398268247888526,0.14281783513298968,0.14478884999425687,0.14668245525941764,0.14887572592491222,0.15149774713381292,0.15369026601491637,0.15532316498765855,0.15657801049800876,0.1580159239245841,0.1594827103536465,0.16082242486067075,0.16221392530866718,0.16323720651519477,0.16391977465429977,0.16495293220175944,0.16579265869459103,0.16670139870546608,0.16831739945993154,0.16933825693563004,0.16980066775705066,0.1700859039827964,0.17036501339383847,0.17090346644792295,0.17167616608726957,0.17189450578230409,0.17221942828575093,0.17266605065977214,0.17248973004748655,0.17207272175638194,0.17175552835740765,0.17185340276208755,0.17154720346114077,0.17086972474267484,0.17005106724702657,0.1692787068899695,0.16851312024019613,0.16765939201892877,0.1665163364309061,0.16537408160910383,0.16424803043718544,0.16289179555966632,0.1614568028011404,0.16008537221494948,0.15886884535039533,0.15719516287107968,0.15534981149152646,0.1537209615507283,0.15237712712407459,0.15108751931513292,0.1497755268937201,0.1486702421146266,0.1476549193612007,0.14674978789255394,0.14607136334852686,0.14551341033689152,0.14475665345221153,0.1435441556378775,0.14296674139746074,0.14212627982490467,0.140548413498671,0.1401612045804446,0.13983191170130796,0.1390467797218026,0.13822508438564524,0.13747969769854843,0.13690639650050548,0.13656774365612537,0.13622552932430718,0.13599082344749938,0.1360038009757946,0.13595576691383426,0.13595176889955465,0.1359965512814926,0.13569205702441609,0.13523466767935816,0.13474082954149386,0.13427528906730146,0.1334099167576755,0.13255151889736963,0.1324620751216597,0.13191719603687718,0.13133620502874596,0.13120997614244123,0.13038985972292058,0.1295695276328509,0.12916844051909923,0.12876406119358833,0.12796531064206265,0.12695936178984982,0.12657249136635054,0.12574627224615434,0.12452375722821998,0.12338861642935682,0.12277055536632818,0.12228487819786504,0.12165742686807254,0.12155958381792566,0.12165526398656716,0.12166026884958962,0.1213836038846659,0.12081688060240357,0.12010007035323386,0.11950194193840526,0.11926466341719615,0.11894332271597462,0.11808272380241584,0.11775204161943752,0.11768830806746518,0.11751506777212992,0.11690705735595733,0.11640462673231051,0.11604147715251835,0.11526713961246976,0.11422671911435853,0.1132647357111775,0.11277916970261585,0.11174206543103753,0.11052958642494706,0.10959053338318625,0.1083895663159287,0.10706745929371109,0.1058291705704778,0.10500249234462933,0.1041938728180356,0.10333597003766447,0.10259946975823407,0.10181151203237303,0.10098085067024348,0.1001647172187421,0.09936898705497425,0.09841064310233603,0.09719573372508845,0.09596091358425136,0.09469600981826569,0.09349556748838467,0.09265516834274665,0.09182087206901209,0.09083949359646476,0.08967938497566373,0.08897812687802924,0.08845771363204483,0.08773610461167557,0.086975140122888,0.08646571767682851,0.08632802635690201,0.08637435307991345,0.08641599238397368,0.0863548581468956,0.08616548342310375,0.08596928206911311,0.08596031447222294,0.08631298997314389,0.08681295760282522,0.08743582497420535,0.08821569955379052,0.08929886830128556,0.09043910550177234,0.09168153463571246,0.09346283244236935,0.09554774410036987,0.09800048260021961,0.10100490569435948,0.10461834990276835,0.10881419819361997,0.11351521142614569,0.11857742714723131,0.12407061038598691,0.13008272791323486,0.1368240841102856,0.14384674408257891,0.15114947980531004,0.1590904260732474,0.16715817291253585,0.17517809752299643,0.18313621420417914,0.19120453945721383,0.19923728064491242,0.20714619879420562,0.21502498281552881,0.2227443161218806,0.23017904787527493,0.2371813264181732,0.24408570053559614,0.25100881214144616,0.25791150692759324,0.26436413931705166,0.2704221298313779,0.27626291765583083,0.28230986170466793,0.28814455840694625,0.2935697872870859,0.2986863359406962,0.3036697584807731,0.30855595045647544,0.313308668733723,0.31779371839727577,0.32194908803687017,0.32579350465683615,0.329541907386817,0.3329497365301222,0.3360545716388215,0.3394291465709694,0.3426916516260532,0.3455881328611643,0.3479202729309513,0.35042579327012957,0.35274753447167273,0.3544719724105088,0.3564531894796519,0.3584136768877286,0.3601238994501048,0.3615847134645527,0.36304352707256016,0.36443085754338006,0.3654426836766196,0.3665981977173483,0.3676904585310328,0.3684173273505793,0.3692227684945495,0.370005627220241,0.3707548755419556,0.37186640874737154,0.3725403300232848,0.3727271485987729,0.37300399928030387,0.37344445567344003,0.37399991220875944,0.37454438423885383,0.37496596074025407,0.375183262992385,0.37521779428593727,0.37532505726855203,0.37536246629684067,0.3753805660201484,0.3756082371748475,0.3756806470996601,0.3757868650076277,0.3761871118671007,0.37624115219713966,0.3762616198918071,0.3764627544842726,0.3765356644045703,0.3766418048661585,0.3767612095960833,0.3767094545693804,0.37663498459155487,0.3765769203495232,0.37654048223560355,0.37650359073612133,0.37657978426031613,0.376748229696481,0.3765952646659445,0.3764979981017267,0.37655404343155846,0.3766334942150539,0.37668447773634983,0.37669426343222107,0.3766829076827538,0.37676680145875935,0.376774230432108,0.37664496220461874,0.37664073125087705,0.3765506822507176,0.3764000033819732,0.37638906353027646,0.37656706035456416,0.3766087730430235,0.3762476214059016,0.37614090065418215,0.3761984063370893,0.37622178240537285,0.3758178760185773,0.3757611884520336,0.3760442154044982,0.376181323253152,0.3763320243948143,0.3763255209909113,0.3760579701505516,0.37597465624237436,0.3759110393290816,0.37576044890266724,0.375521314204504,0.3754109779627635,0.3754689750900215,0.37560339727087266,0.37526163952914393,0.37501598574084166,0.37528370409540335,0.3753092352770443,0.3752928275423805,0.3752748979102673,0.37509743390014383,0.3750576490595678,0.37498009073416777,0.37464666763064125,0.3749694512085645,0.37522392965018386,0.3749561667185471,0.37475290067189215,0.374732023335995,0.3748341094967564,0.374840570976774,0.3749699824077507,0.37493701363877496,0.37456350320889503,0.3748463046323509,0.3748412286206968,0.3743228923025361,0.3744163763657277,0.37446748362449506,0.37458054725018625,0.37508620943588744,0.3751008230651245,0.3747879549188306,0.37453362918482147,0.37492907737021675,0.37500510330619125,0.37466849126996055,0.3746706947118168,0.3746492756370054,0.3746374666939934,0.37472143298458044,0.3747160746012032,0.3746600758133657,0.3745995218695558,0.37456473144599556,0.3745274634899856,0.37464079886748014,0.37508064778790656,0.3750724686489724,0.37491842220074867,0.3748956049009958,0.37455523078096536,0.37464898464024493,0.3750478973476721,0.3747960017357147,0.374783776718186,0.3747765302528784,0.37443314163401553,0.374452623360098,0.37467845702433444,0.37493609785532944,0.37510528761313716,0.37507336627657034,0.37496187366541633,0.3749789652760709,0.37493608946802387,0.3749966155304857,0.3752498253510622,0.37555805000587567,0.3755206011811245,0.3752764333203346,0.37533037874761827,0.37518724498334477,0.375062835806962,0.37510519615807675,0.3746001528144797,0.37462177562812077,0.3751386619059247,0.3748973761084434,0.37493222022253553,0.3750760584700671,0.37495711363991197,0.37501468589700554,0.3751841426179001,0.3753225336145812,0.37519205868133615,0.3750859443561564,0.3749375228502387,0.3746404722881361,0.374922589404386,0.3753267801948186,0.3753919617882464,0.3747813916322422,0.37472199523793787,0.3750763148360117,0.3750003280115906,0.37469420151284366,0.3743878089694831,0.37424805698409286,0.3742072241076589,0.374559292110019,0.37503548130559006,0.3750013408319902,0.37504357691157547,0.37470839938798267,0.37391713317263564,0.3745011912312677,0.3746983203580448,0.3741705061820837,0.3738294107285813,0.3740561974079934,0.3743263659302907,0.3741764892378403,0.3743194895002468,0.3745299350762214,0.37454868852090945,0.37410643195665755,0.37394223264183035,0.3740080039473588,0.3740601357049089,0.3740236200133222,0.3738960355817847,0.37366541787318386,0.3733056168879292,0.3733794891151255,0.37364008436602075,0.3736911109506525,0.3736568703782307,0.37340373190893206,0.3729584046707245,0.37253811121773645,0.3726846395481032,0.3731324216257821,0.37340041274325403,0.37326142899031495,0.3732137922259799,0.3732263079470043,0.372641404010281,0.37198038063775823,0.3718927812307019,0.3725868828454045,0.37232473499433627,0.3716639166459113,0.37116250132137835,0.3712880298422755,0.37118995125538906,0.3709077365443427,0.37063783994582644,0.37018245483730833,0.3699274300131283,0.37002646381820403,0.37037013564930377,0.3700729696164711,0.3699289504608063,0.37051594090761475,0.3703487202336722,0.3698881258081693,0.3696725768309095,0.3701937028645793,0.3698293842557657,0.3694506451467814,0.3697796405620469,0.3698048960200122,0.3696564692185093,0.3695398025698978,0.36968054947158374,0.3695983828799447,0.36960447749311764,0.36976172671700125,0.36925992911125083,0.36930773725805194,0.36957284301525,0.3693202383060258,0.37039922723957824,0.3711009739762387,0.37069541791949207,0.37048909228576926,0.36996764333446824,0.3699146817549198,0.37095051869330065,0.3709316004163964,0.3708629771094858,0.371007063920963,0.37069550451267835,0.3701839462416402,0.37036166039918267,0.3714667986162489,0.37118131881008837,0.37042485358575034,0.37017923734950825,0.37123595972218326,0.3715384188277112,0.37859755835729536,0.37834935445377416,0.3775611958953308,0.37725005971506154,0.3773099942739405,0.37719800561304756,0.3778182219834669,0.37846466853099264,0.37887397255287997,0.3798371908727744,0.3799843913215062,0.37940726195191177,0.3794999985316485,0.3794510937316162,0.3792981764533142,0.3790516715666585,0.3790655908583312,0.3792670749664888,0.37934746014859894,0.37861687944175954,0.3786021147361559,0.3784759984245334,0.3784633617837345,0.37953089083984676,0.38044365938244534,0.3808724193273085,0.3808581231624528,0.38101789294510396,0.3812988137286121,0.3813618739974939,0.38143568383639154,0.38140279020398815,0.381038488745098,0.3810680334267656,0.38117657836696855,0.38155534390212736,0.3820474112836486,0.38189440462260305,0.3817943988075627,0.3815652392926121,0.38130358172694584,0.3815650125770689,0.3815651631913704,0.38184757739059466,0.38222450446412803,0.382365512683458,0.3821647659059823,0.3825535892408727,0.3827650293909046,0.38283882615380105,0.3832580068787557,0.3832094308245131,0.383177370556842,0.3826538500582934,0.3817694714723622,0.38203104255323284,0.3822974657269091,0.3827809704825129,0.38419070621418716,0.38420605978957717,0.3840272886063603,0.3832928846923482,0.38303642476494293,0.38234037957830896,0.38267480553010114,0.38326773770168293,0.38359822666604215,0.3836019658273506,0.38243830596811085,0.38185791825845006,0.381510768324492,0.3811492902150856,0.38197514634437746,0.3826480246846082,0.3830434413455496,0.38313666139472613,0.3832928976750734,0.3825872561055039,0.3817156045774552,0.38121260577765015,0.38120693378825854,0.38198263044591474,0.3828716501988978,0.3830839588307829,0.38284024348706475,0.3826279552003444,0.38230494866234377,0.38219957929191983,0.38271674955808443,0.38295210552952713,0.3829170169307109,0.3828508152315232,0.38276030256166677,0.38230147087339816,0.38173768343897074,0.3821364011213633,0.3826534841614656,0.38322100994948816,0.3837006467695022,0.38319401594667435,0.3829012310420963,0.3826955879997396,0.3823614242730469,0.3831924096162605,0.38332745512136074,0.3831714904512927,0.3829105668337609,0.3828248948196081,0.38236187333067106,0.3819155191451948,0.382301495954255,0.3820287479157048,0.3822145147765781,0.3829353593848378,0.382885640289682,0.3826131833578016,0.3821050192727796,0.3816122310719048,0.38171931574317297,0.3816841757489377,0.38158832923790065,0.38158771695231675,0.3814483693415468,0.38112147670543206,0.3810784186516736,0.381387561817504,0.3808517171928662,0.3805060832811421,0.38038314229668463,0.38011923715073304,0.38026419186887295,0.38013624297202064,0.3795029578325268,0.37898475643110274,0.37822253706422365,0.3779707618789321,0.37809773456309304,0.37766702176356,0.3768641026479861,0.37650383276069604,0.3760651677089819,0.3755584386168124,0.3752971356002972,0.3749271891748747,0.37429776169388396,0.3737207525511442,0.37332015035004895,0.37281906571711004,0.3720699017622628,0.3716413111000062,0.37163338720279926,0.37160175036360515,0.3712566105757252,0.37049960249143254,0.3702251228532603,0.36990752532517096,0.369774693557135,0.37028637026076705,0.3701465168861413,0.36924148892836817,0.36893249679300466,0.36862400964028186,0.36885351281180206,0.36903410111589646,0.36911293412674806,0.36893395711504756,0.3684877768957151,0.36838534815307894,0.3685965628730067,0.36866853228807317,0.3686751974950996,0.36869422992785944,0.3686406752689195,0.3686415024725221,0.3687302600257479,0.36873391117267923,0.36857771647975596,0.3686043999577108,0.3686461865437412,0.3688910684638862,0.3687751333620168,0.3686813408506031,0.3685267697615377,0.3682160340876889,0.36830117231251375,0.36874532883123917,0.36892664734821506,0.36862208910047095,0.3685731963277212,0.3684947586112915,0.36840733057838904,0.3684158984408412,0.3684327102089618,0.36822405710968936,0.3682513982908451,0.36859807612051887,0.36870234559505904,0.3687892608923443,0.36888543177281535,0.36877070918806887,0.3686203768838641,0.36863900682085465,0.3688281220823554,0.3690034585905731,0.368877454673779,0.3688867376899732,0.36917869733325065,0.3691408186243737,0.3689804710353157,0.36899218788864635,0.3687971037373843,0.36881798394556387,0.36916096099747975,0.3694270088652151,0.3697926541397279,0.36989571967279067,0.36977425155019455,0.3698840978496016,0.3699258959578249,0.37008176109613306,0.37027748100273533,0.37062938574201204,0.37082726816268174,0.3706401898742893,0.37068026651924113,0.37097638437703034,0.3710347870677053,0.37097506221765053,0.37109603242825134,0.37122923261331364,0.37127850693667885,0.3713915628483899,0.3715110196095827,0.37160660090432507,0.37161323302380217,0.37154651887169377,0.3716056631808473,0.3715779283515972,0.37169644138741026,0.3718725982532114,0.3721080450840697,0.37225116985513873,0.3721563149464031,0.37222386709262756,0.37251146251683726,0.3727254634763169,0.3730897466729571,0.3731948856428616,0.37318825313137877,0.37322482387517164,0.37315247329851803,0.37308933509484893,0.3729198789274033,0.37297626830799946,0.37328874125250505,0.37329254049145766,0.37308429554018596,0.3732120800233982,0.37351485377366095,0.37348258309225685,0.3734146491970473,0.37360396789321404,0.37356452969777787,0.37325766648244285,0.37342032712434425,0.3737163503862993,0.37375138351576465,0.37350323723399076,0.37349511717513256,0.3736349308563156,0.37353890804413115,0.37325719946758285,0.37325267072028484,0.3733074792778931,0.37322389620962126,0.3733566758473735,0.3733118819328888,0.3727941692883361,0.3727085087521267,0.3730817032440458,0.37304887498822453,0.3728623762003113,0.3728216312318577,0.3727074511283574,0.37254441223821877,0.372681174657362,0.37273503450557344,0.37263101868371945,0.37232718627694267,0.37207676131944906,0.37167589798651074,0.37156379766059305,0.3716457934829182,0.37147896139605824,0.3713350634633964,0.3711862502134808,0.37079241793679724,0.37060327833451306,0.3707258125520044,0.37059656779185474,0.37039606272547815,0.3700972181545251,0.3694990383004075,0.36918643040288385,0.3690275927581936,0.3687439963588023,0.36847855697206516,0.368343821989254,0.36802954417142064,0.3677960807324827,0.3675767991355592,0.3675461827340371,0.36720127777939104,0.3665731336444583,0.36634795059971337,0.36624986528820724,0.365940255116744,0.3658232769454781,0.3655373677076633,0.3649775429143624,0.36447506636322985,0.36400240493864644,0.3635361601976482,0.3630037736624827,0.36244557616634765,0.3619466199966379,0.36142803007311974,0.36078440828759845,0.3602135300888519,0.35979493637774757,0.359256766943657,0.3587092616783966,0.35802016887455457,0.3572994902086187,0.35675009827052667,0.35607794239251933,0.3554099994267718,0.35467159303797946,0.35383190127572745,0.3531254889977755,0.3524374071183582,0.35177748781283036,0.35121774717553017,0.3505702651287664,0.3498619894127469,0.3492117522438505,0.34861179078398774,0.3479287225909353,0.347153258075605,0.346525776968742,0.3459780607493717,0.3453257109577928,0.34466799487012095,0.3440818066819537,0.3435030780311462,0.3428432022792214,0.3422104931141249,0.3416002588008142,0.34103840605692987,0.34021512188785746,0.33946290106904126,0.3387504224290654,0.33805414067666656,0.33730654553430783,0.33650579045769563,0.3358237262772201,0.3349299174033664,0.3338471367188685,0.33278825501361387,0.3317525184099695,0.3305552459753408,0.32930989464631427,0.32787141996838776,0.3262704907463184,0.324614035761571,0.3228570121029581,0.3209530313633783,0.3189877517732963,0.3168324120645005,0.31450323352452875,0.31202914012896243,0.30942554273545847,0.3066705552097301,0.3038286070330884,0.30072596542487634,0.2973240403293919,0.29393644030942634,0.29044643630861094,0.2867860992964286,0.2829681707260165,0.27921572185816834,0.27530451682761437,0.2711623436576439,0.26708950166889395,0.26297753653339145,0.2589269000899936,0.25475186228921654,0.25080065218380054,0.2470399177905936,0.24315438600242106,0.2391121560636828,0.23552191937152608,0.23217492112802074,0.22869468974405546,0.22530971910969708,0.22219099289512315,0.21894825274301274,0.21606570629674773,0.21371613928980637,0.21127247899523008,0.20876825971996435,0.2065407860093427,0.2044884906528643,0.20259842928417862,0.20098176065843598,0.1993683876627462,0.19778016309975968,0.19640885484217122,0.19526558160548163,0.19406200719043848,0.19289396131020178,0.19190647739264038,0.1909582699778856,0.1900464252150526,0.18937795651496112,0.1890284494501668,0.18849628069652777,0.18798615291694357,0.1875240595718898,0.18704448146465633,0.1866660278135393,0.18636047398225122,0.18610778513095533,0.1859058749206592,0.1857655036513563,0.18567353560051766,0.1856786553780084,0.18588659643009942,0.18584828921895616,0.1856379859459515,0.18572255628221648,0.18583046854237095,0.18593946217769206,0.18633481149922507,0.18656380243363976,0.18661534832758356,0.18671589245502998,0.1867972926995873,0.18698973438801159,0.18722627787689863,0.18742731700614368,0.18770683177834935,0.18799227416189043,0.18822986107161854,0.18847048674405292,0.18870207874794662,0.1890449641971772,0.18939520113681432,0.18979604509927506,0.1903690155741959,0.19089808044985526,0.19130243432225993,0.19189766022529878,0.19250010523557942,0.19318261509750878,0.19376489582275613,0.19431651191077925,0.19504635410573717,0.1957618813484013,0.19659647653619633,0.19767027578199187,0.1985766823879414,0.19940777563223105,0.20032192724601414,0.20123054839066692,0.20223418319288922,0.2033245516441684,0.20437365263434834,0.20546960279433998,0.2065475559213077,0.20761650691292433,0.20866409289302013,0.20965628064486086,0.21078006370124833,0.2119630668332918,0.21310517696619863,0.21435783578016868,0.21552203712146042,0.2165614677677868,0.2176829468475524,0.21886444924312948,0.21999701711945943,0.2211353645284271,0.22224016536423993,0.22321864311092504,0.2243625899656492,0.22570206203483267,0.22682068170846717,0.22780720763759707,0.22897070958916144,0.23013991232657932,0.23122960769082837,0.23238674456465092,0.23361148843166793,0.23483541679839143,0.23592331455996518,0.23698191629144513,0.23815487077149985,0.23930196614325436,0.2403445741206953,0.24143854246049315,0.24257504830360124,0.24355964409068265,0.24458477187835231,0.24566625406231998,0.2469658600091701,0.2479443854000226,0.2487102238004776,0.24974885774861139,0.2508337795658528,0.25178526674638346,0.25277696935203414,0.253849344832679,0.2548763650326525,0.255772474930691,0.2567294255677164,0.25773401668504287,0.2585976589096572,0.2594154299203896,0.2603297915963883,0.26130765311017934,0.26218111251799947,0.2629724489680424,0.2638844911522735,0.2648108207584657,0.26553496452259207,0.26633093826855325,0.2673385343897464,0.26825417206650426,0.2690023864273063,0.2698107336327204,0.2707684572341065,0.27160946102758754,0.2723219757813887,0.2730472947706958,0.2737962708584431,0.2745205435410245,0.27511533485031575,0.2758499576234396,0.2767063199987708,0.2774825203490533,0.27836947415567403,0.27902621873352257,0.27935852962752683,0.2800638522332605,0.28100445543561436,0.281603407291818,0.28219024421044936,0.28284734053614885,0.28320482346845416,0.28373591945105553,0.28457713213226915,0.28528508667603314,0.28592072914312283,0.2864676732600591,0.28697236400454446,0.2875243719971887,0.28795409855600573,0.2884550849293654,0.289080544793075,0.2896702338837303,0.29026194596413446,0.29078296453189917,0.291211224924785,0.29177146168987317,0.29243591033464567,0.29294061400603505,0.29338549900875327,0.29394870688158276,0.2944969801276089,0.2949471063161491,0.29549278715605926,0.2959966113752018,0.2962358849114751,0.2966553430771905,0.29735390918191,0.29783708022986005,0.29811968843120495,0.2986007213328928,0.29911810872143924,0.29960951954732873,0.30024607898230915,0.30083947758726515,0.3013949309587307,0.30186636455851257,0.30230208949351806,0.30276978809840804,0.3031505362148722,0.30353667141212787,0.3039513047660692,0.3044134107474149,0.3049046427759561,0.305331660094374,0.3057552965953912,0.30621210788077236,0.3066555209333585,0.3070477424929356,0.30742470917187226,0.3078654120306525,0.30830630910200624,0.30869801827887494,0.3091213291314419,0.30954778639456615,0.3099265219141498,0.3102865990751483,0.31072843465598615,0.31107426782177544,0.3111858776679135,0.3115069978771542,0.31200990456459016,0.31236886181131046,0.3127455686208738,0.31312553872536286,0.3133704120605789,0.31368256787095644,0.31413231782064477,0.31448298644813594,0.31475252258578956,0.3150565070344371,0.315334172782938,0.31562455068640816,0.31595955899506406,0.31625544440876674,0.31660060351234964,0.31682286761326994,0.3167293991376746,0.3169875421403523,0.31756820279959114,0.3178589369764808,0.31820930920214474,0.31854416609709585,0.3185733276119906,0.31868441584992313,0.3189899365581952,0.31923283382484985,0.31935816854828314,0.31948746624685154,0.31967123806736797,0.31980665142285186,0.31986060161958857,0.319943207128881,0.32002831459672215,0.32013363988480437,0.32025951805477143,0.3203506996335573,0.32045201696307335,0.3205246076329663,0.32056938876726665,0.3206103746480843,0.32060486830907936,0.3206112528275628,0.32056105842537597,0.3206408829655244,0.3209428636809059,0.3210007817089397,0.32090863331220376,0.3209337430179615,0.3209374908853255,0.3208401214127506,0.3207123637582661,0.32073028752363897,0.32075647821871817,0.3206625568804641,0.32060277937424125,0.3206418345795599,0.3205857210126472,0.3205472116734763,0.32081341183016643,0.3208078457553842,0.32049653315608995,0.32028803607658957,0.3199909026598646,0.31984094237358585,0.319858388728454,0.31972753997668346,0.31955626107615576,0.31942265943239334,0.31921215129366315,0.31905272855924977,0.31900485656773403,0.31888484212098367,0.31876269045675265,0.31852022373805056,0.3181182734645577,0.31791929687752474,0.3177825793061768,0.31755040049013383,0.3173297935500399,0.31725763912011967,0.3172528100811964,0.31699921414544674,0.31677960061602567,0.3166260242583016,0.31627917671555783,0.3159035906827154,0.3156299587115286,0.3153643880432148,0.31491103796520703,0.3146936099211863,0.31479502270623494,0.3145418622005976,0.3141163352367789,0.3137464280987349,0.3132928041532708,0.312977524715997,0.31271857670806325,0.31234879402457477,0.31206914055266466,0.3117896568689385,0.31150978454140915,0.31117007547074116,0.3109406149224998,0.31061664680993095,0.31013511423832363,0.309879941778382,0.30942757180638447,0.30880840338968374,0.30856125729655953,0.3083808604819552,0.30823695371762394,0.3081226744488044,0.3076505899164429,0.30723820526146445,0.3069317947181487,0.30643379855294856,0.3063839244800813,0.30647844771766575,0.3060492279153951,0.30588455476629295,0.3056263175366304,0.304967200995393,0.30450550891666966,0.3043137865474947,0.303876522026469,0.3031651537718171,0.302812344819977,0.30271709796726115,0.30223864425038566,0.3017305174524827,0.30119574759149875,0.3002953194698875,0.299735429683951,0.299496618084255,0.29906529386591973,0.2986003597854783,0.2980104703321545,0.2972863711139172,0.29665041530817177,0.2960595289111812,0.2954706246151729,0.2948331297103371,0.2943623427952167,0.29381431219676124,0.293540655134509,0.29363141361249223,0.29327279949254925,0.2927305740413034,0.29217320737698693,0.29149650478441996,0.2909246702485546,0.29054126341608144,0.29020019297836586,0.2896679221684552,0.28919603077668227,0.28879584831256216,0.2881818293318659,0.28777672198730264,0.28788498386002015,0.28809974437904123,0.2878740546918033,0.2872623789869485,0.286734515270047,0.28647864954571023,0.2862230436970897,0.28624412144045064,0.2862337885928684,0.286033320226136,0.2862900115625459,0.2861854124884914,0.28526880780657876,0.2850686035074374,0.2853951476168543,0.2853215114537324,0.28535597794949785,0.2855092046564563,0.2851519479827087,0.28517121180747496,0.2861573093200025,0.28537347087998005,0.284834231352122,0.2488620964376021,0.24888465890483635,0.2490335686021196,0.24872183400585962,0.24891488084776422,0.24919495777775805,0.24920282727858753,0.24906574543487658,0.24818240180935494,0.2480180309994501,0.24837546134002406,0.24840964776350102,0.2482860279274759,0.24871951518198995,0.249102614518632,0.24863046295811925,0.24821587388337535,0.24801755936178585,0.2479969209454973,0.24780201914802655,0.24798650393084473,0.24894648315475099,0.24946065347123492,0.2484596950579645,0.24751130617607578,0.2473207380215526,0.24655631385451524,0.2463563367063996,0.24784757435348553,0.24782494805859098,0.24631833902120337,0.2459169494009693,0.24568265338397502,0.2455258076985646,0.24549756976957854,0.2459585477462006,0.24615344207398818,0.24531463568930706,0.24472266210268295,0.24392237619785756,0.24349820346445086,0.24313548766534626,0.24285603963492514,0.24255653731772783,0.2419559332412533,0.24083411186470932,0.23963628211381627,0.23896576443714987,0.23819007185843105,0.2372132218005059,0.2362622191407887,0.2352402309782671,0.23406067954584833,0.23307967293528487,0.23220942628264551,0.23136079031090045,0.22998367209219123,0.2280846755359004,0.22605195110028073,0.22391734067781688,0.22173231716413977,0.21946347843306138,0.2171276683284794,0.21460089073173505,0.211642073032514,0.2086567900325686,0.20604886169082734,0.20364442262418023,0.2007132737512203,0.196925993700991,0.19322080286490015,0.18896119910584624,0.18461174813879658,0.18091313274960638,0.177581228770254,0.17385447013160882,0.1693952890111191,0.16445139660614355,0.15992908504460868,0.15495194798097137,0.1499204983629435,0.14553484554536736,0.1417293690566317,0.1373065489996307,0.13288405439797718,0.12919683085962888,0.12504672861030286,0.12070598446647281,0.1167250424306874,0.11282654811936466,0.10889001986257928,0.10494769845378826,0.101641595501874,0.09903181015813498,0.09660646920760693,0.09347194324239269,0.09032753058025107,0.08731290166824034,0.08478613315832674,0.08335984568615881,0.0823324270148888,0.0807575885087375,0.07884965143713435,0.07732702022485047,0.0755153337138115,0.07431187562329793,0.07367009057611712,0.0732374137814122,0.0723210791757201,0.07142667893343632,0.07136828045167083,0.0708940258760235,0.070509659674383,0.0706498244129702,0.07054260650234781,0.07025307464826383,0.06956763016366,0.06922851463289446,0.068925205313908,0.06862222647021698,0.06873093200812923,0.06927714507242735,0.06987052652813426,0.06993550715998319,0.06937209420148416,0.06947064655878245,0.06986591149014361,0.06961307167473417,0.0693946851358465,0.06986592153489407,0.06991990568270744,0.0694591386279073,0.06941726151159056,0.06980882696392278,0.07002735518503496,0.07014380884138262,0.07042311620058955,0.07087427214383016,0.0711620432261891,0.07144306553503954,0.07172651130569845,0.0716564162445126,0.071820584776111,0.07206688812346966,0.07208420664905156,0.07238249517227231,0.07286444765681493,0.07342387897724867,0.07407764761557885,0.0747631321145329,0.07575345227219026,0.07642594864277562,0.07685579367216629,0.07742054473918059,0.07793256216272032,0.0785508942108908,0.07922335184409558,0.0799130599222354,0.08028952728057138,0.08018525776382146,0.08053366342992495,0.08099481159529648,0.08140279532914844,0.08201918196688875,0.08258021964769373,0.08314217524859062,0.08355920859048217,0.08377688881995866,0.08462201708743305,0.08518217793205926,0.08531433254276324,0.08605531645633378,0.08750705153294666,0.08817571671765233,0.08833545469645865,0.08921135381252437,0.09032092253414434,0.09106891795238047,0.09141477859752191,0.09241395434769749,0.09319383128363075,0.09317332206271864,0.09359571479172439,0.09474764957149381,0.09554228142037793,0.0957806273807459,0.09642328544601264,0.09764198948657185,0.09841159306019193,0.09893428675372776,0.09945682050187564,0.09988895481017562,0.10036800540175267,0.10106886643145961,0.10196100599188562,0.10274648525433212,0.10387595570348654,0.10465525841810999,0.10484452159184121,0.10554914716203692,0.10649384434033195,0.10737949109243158,0.108459717941719,0.10970847208532397,0.11047589910202034,0.11098385824341164,0.11132288521898236,0.11189743000886827,0.11255099631751567,0.11346867247528941,0.11414075817143571,0.11464224822499519,0.11545020140311768,0.1165894893790093,0.11714903121290683,0.11740542997653958,0.11803552162201825,0.1186122664483365,0.11892457320435863,0.11954373678206116,0.12056000957180531,0.12138106429976006,0.1218382574047111,0.12269838242775832,0.12449593326704071,0.12499801853365473,0.12444500894576077,0.12480526342497121,0.12475395370447977,0.12509635409601794,0.12615892663714837,0.1274837196944505,0.12814260704851504,0.1287974786362058,0.12918223980217797,0.12902213171460633,0.1296092737850663,0.1305394675978444,0.13109561614275914,0.13189440133850586,0.1324676762904239,0.1325762354447138,0.13291472106704297,0.13356484328204138,0.13401412999063259,0.13470207724876013,0.1343611017637643,0.13473061628242036,0.13528233218521526,0.1354056108419305,0.13530571977767736,0.13574491924518187,0.1362004752032837,0.1365423587471064,0.13731301718040897,0.13795874994288876,0.13808631831150972,0.13849785217048333,0.1395429365312,0.140179890272936,0.14013697096386366,0.14085756659906964,0.14154464696622074,0.14255530327924015,0.14270816101551573,0.14247431919336828,0.14273384404458997,0.14258560995056813,0.14276021105267767,0.1436293460291924,0.1441476036788105,0.14439801661611792,0.1446394884745315,0.14462333285809817,0.1452199264510354,0.1465483488327512,0.14699305563787027,0.1472723571252742,0.14771721513735808,0.14820480935792318,0.14814759300412805,0.14810601639647838,0.14820423465097085,0.14864951780634278,0.1488294536732871,0.1491230779615351,0.1503093574433425,0.15093826523428344,0.15064811210109388,0.15098174190854505,0.15194250802203543,0.15252443165275592,0.15302509324618727,0.1535588742425116,0.15402425217457028,0.15442380580660267,0.15438725643769102,0.15382183779259603,0.15423615444185207,0.15496347085410922,0.1552724612290362,0.15603577688176234,0.15658925634366527,0.15631457078906705,0.15663539476037544,0.15790135130359848,0.15854263433035706,0.1591295324043709,0.15915823681755573,0.15926982476356985,0.15914823926124597,0.15943624975877144,0.16008561929737816,0.16028610420365833,0.1601826682957938,0.1606725324251742,0.16130290243789921,0.16178064542910472,0.16295706531003498,0.16340594118357943,0.16270839971851914,0.16297783197083227,0.16383455834137214,0.1642756317901574,0.16494270232820285,0.16558255218689255,0.16612108268436618,0.16610855642823888,0.16646285131614832,0.1671552171873175,0.16753100287191966,0.16790302560913184,0.16779863619267815,0.16695148947467928,0.1672257814983663,0.16785471483268954,0.16815361626814374,0.16924594686045588,0.16969037041051407,0.16918039848682268,0.16913556356610682,0.16917513835343226,0.16950947261346433,0.1706391525723975,0.1706442468128507,0.1703113070812689,0.1705709421607942,0.170972409047623,0.17128981360604265,0.17126706960033283,0.17143774155229832,0.1718266576416856,0.17176000043750214,0.1719481630941324,0.17303558362972343,0.17349695040029414,0.173434408394057,0.17329241300994228,0.17275227615348693,0.17277286685809973,0.173108138635338,0.17301978454074707,0.17275873533537045,0.1730926937391253,0.17355636108097253,0.17370002068751,0.17396366213725403,0.1750407345728765,0.1752779310401257,0.17463491899350492,0.17466052042137054,0.1750649380134206,0.1750705698219154,0.17489362187170454,0.1748919108779541,0.1747838030556435,0.17480735588811344,0.1749822074880574,0.17508060892531993,0.17549695668700707,0.17537784374790352,0.17426247414822316,0.17436240099708425,0.17572467623733753,0.17558708462144232,0.1744572151053187,0.17477420109000522,0.17516561190327484,0.1747643704755776,0.1747433683866422,0.1761560766792384,0.17648745931024631,0.17567291649145525,0.175411572775902,0.1754694551210166,0.17566518180712087,0.17572235500765604,0.17575542666548927,0.17609859425509253,0.1765686760013456,0.17732543230725636,0.17712025729559355,0.1761543445159149,0.1762361551610877,0.17637458696680788,0.176069904098324,0.17655798357869606,0.17683017165447806,0.1764651981483541,0.17546608946641912,0.17597915096915354,0.17613404431592392,0.17631290265060737,0.17667260307391514,0.17644642419812454,0.17581831924456326,0.1755766873892655,0.1749882441792154,0.17484046617070673,0.17534553711436365,0.17519900663563887,0.17482987661565075,0.17445473191952277,0.17365789200535622,0.17334630561415743,0.17313790330177822,0.17311461381822058,0.17370285963275897,0.17377162084269934,0.1737836182261808,0.1736391940607543,0.1728412419931927,0.17246982842375874,0.17253204892866383,0.17234118298450077,0.1707664110041287,0.170551135643503,0.17131307175634508,0.17065517459703183,0.17024954288672314,0.1707128222744162,0.17029127728480406,0.1684853253471461,0.1678804443100221,0.16809844321046863,0.16781051184354348,0.16769076514501044,0.166763980992309,0.16503959352404576,0.16415921111421947,0.16297620822439046,0.16225035702345258,0.16291354486097362,0.16235291458638157,0.16025023628073137,0.15983415508442206,0.1604201720675461,0.1601176064180759,0.16071151238593726,0.16052897319041093,0.15840371665784375,0.15765130523692317,0.15711076925937856,0.15765689426605778,0.15910051258898938,0.15859241945650113,0.15763568983843498,0.15738771240635893,0.15670350996126597,0.156476375652904,0.15617501026217206,0.15550477406728755,0.1549339889754612,0.15392660081238374,0.15332110964465798,0.15277379530180546,0.15282789693635565,0.15371699728319405,0.15325219619993966,0.152317719502353,0.15216096255168848,0.15116828923417758,0.15110536431733254,0.15301625938451732,0.1531991857424522,0.1526865832603444,0.15183356165168502,0.14926746354387474,0.14865798199303534,0.1491380677799755,0.14890728803347125,0.1501096523357628,0.14991981413349537,0.1471035840662938,0.14639851281623184,0.14734212689917595,0.1469835652337444,0.14625728754982303,0.14656091083139608,0.14707151651531836,0.1467229497309713,0.1466548429257728,0.14718694312205527,0.14569337845261393,0.1440667268508944,0.14296177719245395,0.14166609556731652,0.1426685450704393,0.14331087848099328,0.14297789776501318,0.1432415960431323,0.14230779370700114,0.1413857404826872,0.14157066647297056,0.14226690060374678,0.14153659499227772,0.1386957719690484,0.13842535027567154,0.13902342741489454,0.13875350434163128,0.13959850832177587,0.13989777669242157,0.13948662706583376,0.1387769165304486,0.13798209748975845,0.1375016590046283,0.13554562741071038,0.13550402624155083,0.13795676555754977,0.13816445221926676,0.13819463509121074,0.1379917688693826,0.135915969408027,0.13528644590311106,0.13624604821707162,0.13564001525652278,0.13352199263095318,0.1336563858541563,0.13527944458181418,0.13445345769104725,0.13279327063361498,0.13315319306963144,0.13402531811280038,0.13303513324077995,0.1321302849315958,0.13224276190390835,0.13071702067954402,0.12949276531590523,0.13044753090997097,0.13089549129167594,0.1305490484005942,0.1288531443175967,0.1252395475240588,0.1257749057103204,0.12688130770554998,0.12547419337586058,0.124250798341765,0.12438959723932488,0.12429764709152105,0.1237257994524174,0.12419486674651302,0.12517628489961863,0.1246856467363618,0.12451451409211546,0.12601690431463838,0.12693870445653563,0.12599494994216479,0.12455222878592172,0.12260421582494783,0.11986655752393781,0.11930715212916884,0.12009426951523401,0.12101560599738526,0.12349307009429271,0.12476308332389702,0.12338128545073655,0.122688401636787,0.12278559371062998,0.1206059903670457,0.11792948856614177,0.11702829830042664,0.11622410448363792,0.11654250485626463,0.11825788490574143,0.11699198485347312,0.11566709790918928,0.11639858047089889,0.11609087853534637,0.11625461784372997,0.11612421349580881,0.11539847397784969,0.11471545725872435,0.11472868386826392,0.11508395140984443,0.11525749620097403,0.11605447436773812,0.11277958485566987,0.1090232294138849,0.10954098353497554,0.10621236797613427,0.1032881157336406,0.10740398282578621,0.10944569857507486,0.10632656171931355,0.10336450864021125,0.10330340241139792,0.10296683645318498,0.1038450228219654,0.10581262132909329,0.103512664419633,0.10336789269190887,0.10340839558099633,0.09920089596533516,0.09897908663246176,0.10128229805152571,0.10063660692188353,0.10255088655397356,0.10536387022276461,0.10033733104127249,0.0960256444115205,0.09999808348450893,0.10218769367103789,0.10190285562106574,0.1051510029227254,0.1044453535077647,0.1005823469307642,0.09942776833846413,0.09685976790570082,0.09411084086469583,0.0938852918209885,0.09373568783795942,0.09115086750969405,0.08863614634093922,0.09109595311238713,0.09336438726986876,0.09166399197398753,0.09213247512573595,0.09386304037358731,0.09380727507072778,0.09409329374042097,0.09444112614185449,0.08948015582375746,0.08478340087565105,0.08655272090693363,0.08750041146479874,0.0876052491251948,0.08770362105251116,0.08605058488442349,0.08707153065058786,0.08896027697896249,0.0852626896665505,0.08530996479758499,0.08597562304562203,0.08044254081092408,0.08522740220357515,0.08879351145083254,0.08416226684727722,0.08368393873956767,0.08083826458850094,0.08048122652331192,0.08405877134480219,0.08616971067185877,0.0878221819719207,0.08523832846606538,0.08065740604830454,0.07901663236622189,0.07830395054183456,0.07716031635280023,0.07565696626294942,0.07394047303119644,0.07250949292699463,0.06893569846520907,0.06355010418398524,0.06604647803693145,0.07013247850453118,0.07229027884988878,0.0812863423279701,0.08461319388990744,0.08388385795854075,0.0808782706285572,0.07789975980515065,0.07614046033734542,0.06696577301268727,0.06416909578000309,0.06756289193932752,0.07039137282141857,0.07925653533031651,0.0755188315659615,0.06780294084283205,0.07650474262886389,0.07551489984113095,0.07173149217205008,0.08006664301544152,0.0725485738549226,0.06252577641826293,0.0778553127550981,0.08959741707677074,0.08234981361739908,0.07943075825869693,0.07663193587789437
33_3_PETCA_1_M_1_00000,0.03178190679611655,0.07860397818273282,0.1342348607162295,0.14302171537823566,0.1021103671596118,0.04362129050390238,0.013468237578172775,0.043183259308675996,0.11552071503676532,0.13518216703456884,0.12699193259208397,0.12486109056933357,0.14432456871245078,0.13125348424624197,0.0854179849926179,0.09705664678838667,0.09705510412924141,0.08519380584982672,0.10034613712374225,0.10164561472277234,0.10778727097387633,0.13621488430348505,0.08712186619929738,0.07994194911038646,0.1493689579581129,0.09699811739985638,0.0814810299513686,0.11536710297721765,0.09376404514710224,0.10278700638093245,0.12007290371746762,0.09743356105203946,0.0967349332722764,0.09882738533420192,0.09135377631322844,0.11144370915856373,0.11632057741936089,0.1005152286159874,0.10795710947612808,0.11024465769031534,0.10280784552595229,0.09174801485222427,0.09775446551345057,0.11295633847360351,0.12365717637942385,0.1142996861092901,0.09965950440484714,0.09199132325292467,0.09885851930278841,0.09564369183741564,0.09138291843633516,0.11476536905622599,0.10990501286204958,0.0996296957306616,0.11388648542752768,0.10767759696442114,0.09580779368482849,0.09287155233506862,0.10332024887211079,0.10473566729887523,0.0952321755671104,0.08933617437303498,0.09781799823207231,0.10858462333519787,0.10423985391937764,0.10700847801068464,0.11235340860611256,0.11285129792160913,0.1018436254558409,0.09938590303476523,0.10787241057114204,0.10107163725861157,0.10077391133556117,0.1050748029886818,0.10031119917045149,0.10416810517858048,0.10944013919028504,0.10627704688917586,0.10521444661716534,0.10324409933894772,0.10000877771235425,0.1054620045032017,0.10822259747567932,0.10665479973540837,0.10885655330914724,0.10947512520659303,0.10671132688158828,0.10075123030212584,0.10413953085358507,0.10633047169190944,0.09955325293315836,0.10486246105409848,0.10950265875681887,0.10797916998256826,0.10960212990077216,0.11040239983564229,0.10871873307816646,0.10391272233073581,0.1032609229531781,0.10601062126157339,0.10892580922345332,0.11119123989203343,0.11149784237447428,0.11011811129296752,0.11216120519756861,0.11286961392471294,0.11075001445258524,0.10828522442791873,0.10644816195293783,0.10794225319353214,0.11546845234147943,0.11240237099514931,0.10825847440019093,0.11380030314040594,0.11250974132317479,0.11027403533357281,0.11111453527707492,0.11173957341395717,0.110965911900555,0.11023019550719597,0.11406159428800099,0.11344821584540483,0.1107868582760849,0.1121427640931026,0.11220062855542387,0.11225337990279698,0.11348376769963812,0.11259394672013641,0.11090903772722802,0.11027613770316941,0.11418338014348561,0.11556193530032821,0.11420075014298449,0.11439406097126699,0.11500699773202143,0.11399274993665615,0.11003499287192095,0.11036714973317585,0.1123900552331608,0.11326750150259893,0.11295544851612913,0.11254591799051321,0.11264521204484317,0.11332326102139266,0.11462956898367141,0.11517444946999593,0.11302330693564193,0.116133067386131,0.119703655391463,0.1180507262355693,0.11857953043794177,0.12025226641751921,0.12132245806663033,0.11957546595903094,0.11867410784776092,0.11951591160881395,0.12021013282145611,0.12315765872430141,0.12631085986306512,0.12612869323100617,0.12625675203454645,0.1272328610365099,0.12883314018554776,0.12992826867225923,0.13255641031016935,0.13675633898862996,0.1380195139612458,0.13988691476321893,0.14290636182278385,0.14541572180881593,0.1469751095193263,0.1493370491742174,0.15434582717879422,0.1557969995681166,0.15619629634505303,0.15833642476992274,0.16139569457987074,0.16330600879690035,0.1640635594761005,0.1674115774861303,0.1696884168288839,0.17069590868276555,0.17235279664053182,0.17303743751392606,0.17382242632748357,0.17605310627425605,0.17716955106395268,0.17749329478564385,0.17779143139384398,0.17920460440699482,0.18009814000767008,0.18021895910978822,0.18143311464985823,0.18129024075052108,0.18071782855531424,0.18237605343197652,0.18287210697322026,0.18252723048753014,0.18249606894767237,0.18318248627715605,0.1833828143390995,0.18262871081273985,0.18267270503767052,0.18297948712395026,0.18321400427700657,0.18324710541984557,0.18235754229981962,0.18139174138425493,0.18183406743587285,0.18120323887949127,0.1798432001675722,0.17865491790890137,0.17813917171068114,0.17729162439300256,0.1757470985048675,0.1747053368723708,0.17423211175493802,0.17373923952680798,0.1718174414349985,0.17006657696379654,0.1687410250551965,0.16755775924416383,0.1659508364434513,0.16441145810071037,0.16341374342091652,0.1624600441894241,0.1617938273340814,0.16122387612333508,0.15948211578797444,0.15812631128372623,0.15733183315184,0.15627279271699543,0.15555803848504607,0.154753205702628,0.15338789516034357,0.15402647521980928,0.1541699794833742,0.15213319075717074,0.15120518250833054,0.1506742787971496,0.15015644027163727,0.14993642787356568,0.1491676812240296,0.14822865924974774,0.1482387560432336,0.14800893693532696,0.14748371950129638,0.14691162835774704,0.1464443913648007,0.14628708126286177,0.14642872189273626,0.14630743662517243,0.1461689244973143,0.14581899525419834,0.14438139310523224,0.1433882954361432,0.14303896347224473,0.1428659651439113,0.1423971691918641,0.14194054965023842,0.1418880995044329,0.14196245111366815,0.142147928829072,0.14259099788598387,0.14399758421867107,0.14466399767232285,0.14405501894266123,0.1427157758561191,0.14115442128947955,0.13958674371970747,0.13807357078505006,0.1366067383702607,0.13507660175271036,0.1335017597512408,0.13227099414178153,0.13165409299100211,0.13155919731611984,0.1312935635469764,0.131065796212198,0.13094766578490466,0.13098019367848138,0.1315241713606702,0.13218689619829727,0.1324636846320529,0.1329831921962681,0.13374314574533952,0.1343218064983787,0.1331305410054661,0.13239252218153041,0.1323338232351713,0.13082860026662965,0.12955837808252332,0.12865538265157722,0.12764402213803816,0.12620630112908027,0.1249143937350525,0.12420844895010347,0.12311164843370472,0.1219872504448012,0.12110966252280252,0.12043654042034435,0.12022969943549076,0.12013572229306822,0.11926246545718476,0.11848228170606258,0.11797969251507792,0.11762848689150286,0.11649465866135864,0.11549970561804236,0.11519754919163606,0.11422832354601374,0.11329998729752906,0.11265658340927134,0.11189639064941163,0.11129834025917393,0.11073971311976791,0.10992307837001504,0.1091058554363338,0.10849018346274661,0.10816385245121586,0.10771959429608055,0.10724764471794453,0.10695975329939886,0.10741563655601255,0.1073295466209415,0.10679054658560085,0.10701482370289445,0.10733457458199806,0.10764264917503957,0.10800113892351693,0.1086197274929435,0.10926860382527824,0.10979880033446172,0.11041681286988,0.11144358056633343,0.11294997076227417,0.1146972635209023,0.11649857200630101,0.11860766349575065,0.12150138477436427,0.1251773285055365,0.12910692151568648,0.13295157499000246,0.13775618935419737,0.14331526398783612,0.14926068491342367,0.15494763730184863,0.16142812387744312,0.16852555671897387,0.17519196709353813,0.18213497552152752,0.1888892660875286,0.19495539885586366,0.20185336660235778,0.20878979200577352,0.21517310722538563,0.22138817499541485,0.227567809880303,0.23360818339557846,0.23912266187020387,0.24434032189090513,0.24954589356925858,0.25498278355604365,0.2601166880892897,0.2650933953135581,0.27005854928004974,0.2748957417612141,0.27913789849042125,0.28283033242442646,0.2867829213312451,0.2907824308264968,0.29476250056554454,0.29867718036755386,0.3019156374323201,0.30497447000983124,0.3083048635906853,0.31106611357094777,0.3137292699541341,0.31636152073837276,0.31808735609246835,0.3201512802273509,0.32267034880910106,0.3250893055450792,0.3270589264751035,0.3287284557201102,0.3303058485829895,0.331461515418275,0.3326708275091129,0.33411562276764517,0.3353081740967231,0.3363038734634916,0.3372537379077221,0.33841100069145147,0.3389753946915735,0.33942757976595783,0.3403576891468473,0.3404962132158398,0.34084959915393603,0.341827157297214,0.3419455411841003,0.3423076647139337,0.3430103252425138,0.3433469384222435,0.3435419930915167,0.34377237934371757,0.3441392306376887,0.3441419508292256,0.3441227072807329,0.3442668764776283,0.3441341909108327,0.34403762098428464,0.34406869932321366,0.3441342057055728,0.34416416649810805,0.34430878009077664,0.3447277624435204,0.34507536490789054,0.34529512249814986,0.3453876535432061,0.34536193220656697,0.34552040308266574,0.3457072926768385,0.34531391008131385,0.3453195132075653,0.3454575979947213,0.34522219480100635,0.3455257694259573,0.34576779454364115,0.3456060451715934,0.3457474037904909,0.3456609685511906,0.3454435420654393,0.3457317528054788,0.34577545458823317,0.3456723682959978,0.3457076502499366,0.3456225205942815,0.3454896974125158,0.3453869811426242,0.3452950400576478,0.3456373628273847,0.3461165818595864,0.3458675273258618,0.3457221827297495,0.345728684333758,0.34570213922449605,0.3452757392686392,0.34525250639897126,0.34576442904341753,0.34539241545526783,0.3452834138232432,0.34551168339286153,0.3455447278082617,0.3455518933781411,0.3454359726082442,0.3451815324565282,0.34532880488506174,0.34562831360601814,0.3457518660412979,0.3451863585875151,0.3449734844110269,0.34503755625975546,0.34479989962788826,0.34457437468677865,0.34449962784972366,0.3445862021906951,0.3445296690712266,0.34427086839487697,0.34402350346116145,0.3443496838342493,0.3445750178596153,0.3446354822524525,0.34464270338521175,0.34429211132979276,0.3440281726632371,0.34411030688315913,0.34419943906617506,0.344211510223505,0.3440938497371865,0.34384086463190217,0.34385195840342586,0.3440300149272373,0.34415353185128056,0.3441131166820603,0.34405841821728333,0.34398411171944177,0.34352355889455094,0.34370760890546204,0.34421092911423096,0.3441342192614576,0.3442128901665964,0.3443553257359362,0.3443804964755826,0.3441879616766109,0.3440829286692679,0.3439376410709309,0.3431970837353312,0.34351930635035494,0.34406491361449204,0.3436391683537211,0.3436552498721854,0.3436762745465559,0.3436026475946118,0.34432372027050107,0.344246320633438,0.34361482369433377,0.34357373924716017,0.3439504717171121,0.34436363673176734,0.34447840648910893,0.34422372536389184,0.3439583922786049,0.3438750938443835,0.3440125670602423,0.34427311660307824,0.3444454295808422,0.34436844310089,0.3442662128030678,0.34431833864810024,0.34447054700945534,0.3442782229586295,0.3441579360961741,0.344261934671615,0.3445719697733071,0.34449589727320296,0.344476992358646,0.34470771736383127,0.3443646845886975,0.3442902052759389,0.344460822574902,0.34429715733740734,0.3443771361235677,0.34439804314923256,0.3441876937073601,0.34481640156797716,0.3448494078390875,0.3442004473767417,0.344270512861208,0.34441725267704426,0.3444855849000619,0.344406100082031,0.3438723875720454,0.3438297381445078,0.3443648129556825,0.34411020766388617,0.3438260247759529,0.3437782725006584,0.34396353147194725,0.3434998524304237,0.3432810310259535,0.343702004408045,0.3437703048785752,0.3434570121172427,0.34306144759341467,0.34308496995365206,0.3434032634091517,0.3436491024691919,0.34354330503998537,0.3430469482736842,0.34294346484775207,0.34330123827250303,0.34362923904455017,0.34309170987694076,0.3425420828993145,0.3427905716222994,0.34350346554032235,0.34338100601476096,0.34258661621622793,0.3425520020258612,0.34257644931773773,0.3424856766304584,0.34227108343845986,0.342131464820724,0.34224876805612303,0.34248792835822445,0.34240085019395977,0.34236254325336185,0.34246203823075944,0.3426715207792235,0.3428807702182968,0.34244264358296506,0.3416925209433173,0.3420613240372918,0.34254842929658946,0.3424567097594328,0.34153320477632876,0.3410618853071719,0.34106304661084136,0.34120984262311005,0.34083396248315706,0.3404638847914021,0.340592045500099,0.3413205995883645,0.3410844726775924,0.3407318943459755,0.3405852369196865,0.3402683929454479,0.34008917390407645,0.3400606809001927,0.3399787481661287,0.3389952239142488,0.33847876644487984,0.33884236411039087,0.339390810177669,0.3387558219888377,0.33779391910277157,0.33767690715693927,0.3384000102955307,0.3380186092855818,0.33678580847455986,0.33700580914737105,0.33690867206703395,0.337150317118197,0.33804015940495225,0.3367730689161745,0.3367253203416664,0.3375368904435398,0.3361663252668969,0.3368143959756554,0.33747194236734507,0.33661689664713756,0.33751812763876726,0.33675637779532863,0.33542240974255183,0.33677998085372685,0.3357005557902824,0.3348997152576686,0.3360887670549841,0.3364638146424393,0.3366263316082734,0.33669646962511696,0.3366835886149655,0.3366843422342962,0.3354237264494855,0.33380868697816013,0.3364628805423203,0.33748501046545815,0.3367333203896791,0.3360389567922385,0.3365658531724502,0.33783814616433244,0.33830049717967886,0.33557622867560777,0.3365825282124249,0.33826728856481936,0.3374223025091114,0.3386728251678909,0.33913653994183884,0.3386142998765403,0.33869456193001307,0.3392422158422199,0.31947093994541964,0.31957770835809063,0.32037427895044407,0.320315739025896,0.31991299011546215,0.31963157760233313,0.3196992389056025,0.31934713073762083,0.3192136005849095,0.31983727743724744,0.3195153627798165,0.31971364650084994,0.31960201536669636,0.31895999783766377,0.3193056584583686,0.31898226220003567,0.31921677901820417,0.31987916177534076,0.32115451467861317,0.32165763264665015,0.3230231578937609,0.32379334551691175,0.32323895813644815,0.3231563893092162,0.3219910487064843,0.32054492428543124,0.320244928934131,0.3204583686854636,0.321965727329915,0.3224065196586997,0.32303701030615734,0.32325357938628363,0.3229978844669362,0.32161357539193525,0.32149916716320637,0.3217523932152206,0.3216915418144558,0.32208986292375985,0.32215936036544085,0.3221782616533882,0.32162130206758216,0.32091577510999764,0.3212800031617521,0.3218409644878959,0.3227830953957511,0.32346387303863483,0.3245298063257086,0.32409443648689557,0.3231205431073269,0.3225439411972087,0.32205801945248824,0.32237646828601996,0.32287204108959,0.32300568724702083,0.3231788819860761,0.32285085978068434,0.3229998763431403,0.3230919781563589,0.32216488896368717,0.32152491571451197,0.3216239243967474,0.3217465074339553,0.3229136628089543,0.3249057749850702,0.3257454973861859,0.32539277818619017,0.32429582856400047,0.32270932592620716,0.32196075070640534,0.3226063467940573,0.3234497217459087,0.32381875651493436,0.32395255208314816,0.3235321555388602,0.3229675694911005,0.3228377072266669,0.3230282160356017,0.3234184286271583,0.3237051611461555,0.3235349833259299,0.3230350211278826,0.32315996684779413,0.32370169092856454,0.3234859746403851,0.3234140675278185,0.3237448657636574,0.323018273257651,0.3227208276443486,0.3229999842830736,0.3223719711778337,0.3220400290252592,0.3215583467108262,0.32176784619680976,0.3225488566335734,0.3229657328827224,0.32258454609064074,0.32278183651211645,0.3222593175849573,0.32176967439334964,0.3223798989288685,0.3222574329609657,0.3219206119605188,0.32146381498041493,0.3205838814676323,0.32074746361574813,0.32081161151418747,0.32088452954145563,0.3207884544519641,0.3209400525695723,0.32099197940740637,0.3203584526653859,0.3205858071043392,0.32077578874463014,0.31995678004246936,0.3196435243634023,0.31984977568228884,0.3201095342164633,0.3205739939408397,0.3202591017422246,0.3191430915957698,0.3189668755463348,0.31907511023184976,0.31900719459346466,0.3197684006930941,0.3198626488535602,0.3195504073868142,0.31837732381078326,0.31843992368616075,0.3181913264474885,0.31699891401665486,0.31688405827766836,0.31682802521281556,0.3160198066428804,0.3155689514371625,0.3152188381596031,0.3142019030392946,0.31316159808058514,0.31265455523508395,0.31296844713983385,0.31242005790053934,0.3118822400183395,0.3111918327232315,0.31012118189680477,0.30875561726331324,0.30818262880309205,0.3077774883109765,0.3075194643465685,0.30716372126167735,0.30630523687062106,0.3053430139651572,0.3046728377524595,0.3044678686355426,0.30430980813379094,0.3038601614761552,0.303330611009048,0.3021928480039323,0.30176570767253186,0.30170201845729017,0.30156410035941444,0.3020390824496927,0.3016767430745923,0.30052958260195367,0.30007218628877264,0.3001492858689443,0.29992080720545766,0.3001299119512576,0.3004602624115164,0.3001441366123002,0.29983340306016315,0.29977593877481074,0.29967576825090936,0.29959880287038115,0.2993892185109529,0.29919850849382373,0.29911817612512454,0.2990681466614309,0.29882532855576416,0.298723424824294,0.29889069068442725,0.2989484550015243,0.2984955718593303,0.29846209249821304,0.2985888867736589,0.2981699382444939,0.2979578887966528,0.29815164858114335,0.29797242896469806,0.2976938978853255,0.29763127941191264,0.2976279900512938,0.29753856823992697,0.29769068576322705,0.2976459165073738,0.2973262206672255,0.29733071310138787,0.2973270193895129,0.29723983270041116,0.29712905830982206,0.29757209197070866,0.29740902836737776,0.29729430612301816,0.29763834964690933,0.2975312926934442,0.2971530446379843,0.29763691594797503,0.29802117635604797,0.29735801451906074,0.29729661646680056,0.2974849521187705,0.2975313177880841,0.2975416999977393,0.29774084269695367,0.2980241294567383,0.29801817621869814,0.2980418880944562,0.29812983468083115,0.2977885362328892,0.2978919476573068,0.298531179754819,0.2988802904013755,0.2986342084935117,0.2987594428090495,0.2988377673932641,0.2984979660236519,0.29856810313409904,0.29917147568898317,0.2993281467774916,0.29905180632475287,0.29926294039201984,0.2998682100574245,0.2999546561646673,0.2999075476012431,0.30005715228427743,0.299979952838426,0.2999362116986033,0.3001436278711478,0.3002764956299822,0.30033062839736757,0.30017398262937733,0.3002068997432778,0.3005720436375545,0.3005319297832176,0.3002509658209099,0.3003898051239908,0.3004822230348923,0.3004846353216052,0.30054538517288826,0.30080187794108293,0.3012021329253724,0.3011354662540515,0.30082967710121716,0.30102609667144087,0.30125654820727255,0.3011757899944646,0.3015441291398336,0.30157504831991466,0.30045993537947197,0.30031049852722946,0.3013190141022819,0.3014441630129752,0.30135479163096,0.30132921561809156,0.3008136702002921,0.3001486252940678,0.3006332921531141,0.3012454620585098,0.30126614277152036,0.3011537729569948,0.30119405625986095,0.3009070234884725,0.30065428752914275,0.3004559950011325,0.3005786071011754,0.3008514839758576,0.30074146835815485,0.3007121983031496,0.30087357127187353,0.3008431131841396,0.3005815644030059,0.30042912597321997,0.300464866984193,0.3003034921680577,0.30002620606339425,0.29982571874545344,0.29994972489389937,0.2999999257190359,0.29951419337671387,0.2993196648034989,0.2995779468096131,0.29942292190551995,0.2987472918236101,0.29866547907787466,0.29901242833533287,0.2989104905078039,0.2987835547054729,0.2986213315059426,0.29811386665979045,0.29790947658929284,0.2981609865807771,0.2978828265443213,0.2971549540717904,0.29683890750472286,0.2964981078409862,0.29612485191546783,0.2960769058823233,0.2959409595901755,0.2956658350192098,0.2953151947180253,0.2947600776521705,0.2943224079218473,0.2939854926070888,0.293439541541642,0.29309382790618804,0.2933037651198747,0.2927953830155522,0.2917752275989474,0.29114246183019976,0.29037369120104917,0.2897593780066955,0.2894380013663465,0.2889687173502315,0.28848449373224033,0.28788099758467467,0.28722905830716633,0.2865715798695573,0.28574728273108735,0.2850361359734475,0.2845254707055755,0.28382145347020965,0.2829079901983945,0.2821825185464718,0.28151701391659645,0.2807614481849672,0.28004543419403893,0.27962272979061153,0.2788488775956924,0.27782280313913493,0.27704563515473807,0.2762619935467987,0.27555419123991226,0.2750949416802237,0.2743296850448536,0.2732850074169061,0.27257612348231064,0.2719550115538833,0.27125727361958946,0.2707579066325355,0.270116846739941,0.2692677747210738,0.26851282432652895,0.26769436014405,0.2671040030974548,0.26676278533006065,0.26617750611740326,0.2656430429941154,0.2650662925705596,0.26431843830121876,0.26351553770238295,0.2625832640332556,0.2619037801845795,0.2611883997611597,0.2604031678115992,0.25966525884083846,0.2591624748832972,0.2582535721418493,0.25710082738571816,0.25607852926281616,0.2549711893698461,0.2538749288957814,0.2528750606561615,0.2516950797600661,0.25044695304105197,0.24907308683044826,0.24766171406115592,0.24602665644275015,0.2441512302501537,0.24229674721852668,0.24037575676568737,0.23829475605300268,0.2361973983392217,0.23388553979696852,0.2313834061190271,0.22873259451530156,0.22582611557078253,0.22298377316894483,0.2202043618853377,0.21712582936287353,0.21369141939878708,0.21054368399486847,0.20744742889378562,0.20415817626428664,0.20090366379517227,0.19782792334578714,0.1946795758967244,0.19130205235623,0.18808070683603414,0.1850218575784583,0.1819555560563431,0.1786999044642479,0.17581234542029464,0.17324069489743116,0.1705331946748763,0.1677555265303447,0.1653405680626702,0.16316274721939272,0.1608492296596506,0.1585890792087757,0.15660112921049402,0.15456823078395598,0.15275320544770976,0.15137780160134612,0.14992062187914137,0.14837645875819627,0.14701769023307976,0.14577454894114894,0.14469816937094743,0.1439120783743212,0.14296008307471042,0.14198174377220366,0.1411384081391471,0.14015967816370017,0.13938156064439453,0.13891603233923092,0.13842571215869312,0.1379029627426268,0.1374104484860114,0.13690824248468422,0.13637348684170583,0.1358809369226546,0.13534468960759485,0.13503919028076417,0.13491268076849222,0.13458877026292937,0.13427615459897835,0.1340793941907015,0.13381808023897365,0.13357687926759093,0.1334744498172007,0.13339374960745906,0.13322087620983647,0.13312584954419832,0.13328973334308372,0.13321630480881605,0.13285967390018472,0.1327884517141147,0.13284015656086398,0.13282433689956455,0.13303662019132828,0.13299557133552756,0.1325078773797887,0.13248237549694777,0.13275474005572394,0.13279974808656048,0.13300743107024365,0.13314204275842922,0.13285115863297853,0.13290364503844862,0.1334109361455338,0.13363074673029074,0.13372919046131435,0.13394665077492565,0.13411936084684026,0.13420014392131388,0.13442860056938555,0.13482807900187754,0.13519606906011924,0.13556801119010153,0.1358851312700966,0.1362171277727585,0.13665552455099098,0.1370849161155106,0.13748116286018044,0.13795820253314503,0.13848283679630963,0.13898457403609196,0.1394085961037174,0.13983424010005144,0.14043804609072255,0.1410641963923192,0.1415686597127647,0.14210154371493058,0.14285825161398216,0.14373680137897324,0.14424208380543535,0.1446937398430564,0.1453938640036215,0.14586467208204043,0.1463883047089606,0.14736562739429596,0.14808079487318074,0.14828728199030222,0.14888886204244167,0.14987408450237097,0.15063190472337276,0.15133560661607645,0.15207562376776323,0.15281043768832075,0.1534738300956134,0.15400897778919564,0.15475506948291196,0.15566786791395093,0.1563839073028326,0.15710620330575792,0.15788058114849435,0.15848713087122918,0.15915283923935614,0.1599596412723962,0.16077384708883408,0.16162736677959932,0.16235555024717682,0.16308818339362446,0.1637874989548232,0.16422877342337452,0.16483957187684312,0.16553234592213106,0.16633799771809285,0.1670814535093605,0.167908817690921,0.16862046184903273,0.1692561079554896,0.16994490005513763,0.1706305109469849,0.1712979087829222,0.1719812717833758,0.17261894068738476,0.1732008585171535,0.17384255992784053,0.17445337837748817,0.17517331370665282,0.17603764572463507,0.17669294192842794,0.1773039746951269,0.17793809046472536,0.17840163175518486,0.1790634339782349,0.17993957327684873,0.18059314977723878,0.18119444043976304,0.18179051509554833,0.1822453295739886,0.18283993603403031,0.18346831002688482,0.18418811789304332,0.18512476959730403,0.18573277148873105,0.18621434080018598,0.18679099103744173,0.18713305771496402,0.18770005161874412,0.1886416054674667,0.18918500209657005,0.1894026162094385,0.1899702882523838,0.1906095202115989,0.1911448436189456,0.19184337589862513,0.1924895768025193,0.19298042719449632,0.19347720610848723,0.19409207951024524,0.19462776651586486,0.1950168427920431,0.19541842334845227,0.1958018439405817,0.19628743196587153,0.19679013278853796,0.19725006275088305,0.19777794513026387,0.1983103136421189,0.19876265539754734,0.19926338759068996,0.1999080540052553,0.20042926148224055,0.20083321873263063,0.20130822425052083,0.20184852435520345,0.20225606165417767,0.2025750390090198,0.20296052678159268,0.20325344822940578,0.20362098417937458,0.20412649703970748,0.20455572177153486,0.20486571236225457,0.20533464632728637,0.20593136933313677,0.20644217925071554,0.20703895778769402,0.20755775970159376,0.20807645067473313,0.20840478598281262,0.20841668116759818,0.20874392947537307,0.2091967687143738,0.20948865876362202,0.20980287301023107,0.21029360873626865,0.2108260051529896,0.21118341297134804,0.21167686981046713,0.2121185414624478,0.21221661331319053,0.21247770751301168,0.21305761246871344,0.21339738509107314,0.21344419794245154,0.2137304445062782,0.2140553320941221,0.2143944138031354,0.21503533811370013,0.21545037626253494,0.21559537817601077,0.21588218819579238,0.21624006425989636,0.21648881350179502,0.216608188496633,0.21696119851063325,0.21744279514440157,0.21775928098387476,0.2182125769118681,0.21861065096204055,0.21875979312095886,0.2189974136543597,0.21939951524170154,0.21966225217473967,0.21983321762344732,0.22000631043223218,0.21995494420980485,0.2201857035407509,0.22063361914091972,0.22097600930810882,0.221605079703971,0.2219533996178998,0.22193682304074394,0.22211334321026532,0.22229725508996867,0.22243132916580124,0.22262400540890032,0.22283403006550082,0.22294811440041926,0.22312645927448044,0.22343117155999107,0.22367333638773396,0.22396769151666987,0.2241225601383431,0.2240188850446801,0.22418513073982974,0.224633957730167,0.22469321926205504,0.2243955167022854,0.22463373819313562,0.2253443843150393,0.22529417416060235,0.22489271033304867,0.22501104807200775,0.22478849369929263,0.22460399132441597,0.22521507989304812,0.22547919136271896,0.22502736395275932,0.22492643542681345,0.2253241314847576,0.22535333635656335,0.2248840706700761,0.22498634605954237,0.22563956884121364,0.22562141634298383,0.22531639070005863,0.22548077323670715,0.22559524908951697,0.2253912152642432,0.22532617205165165,0.22547299490292008,0.22548418753265265,0.22519591003379594,0.22493476995719083,0.22502369929796176,0.22491603847015862,0.22469845835081143,0.2249472838117821,0.22507077170377437,0.22471480479360875,0.2245116432433612,0.22465779728289928,0.22470704130219818,0.22447753531282486,0.22437589081741569,0.22460355260953302,0.2245041750578359,0.22406586193699188,0.2239588835758813,0.2239274871281244,0.22377955548746206,0.22380548133267586,0.22371711594501037,0.22347260771954278,0.22319707567340555,0.22285409112648763,0.22260855346106967,0.22236518361348637,0.2221026204578718,0.22186855412865256,0.22168663635128186,0.221497135654981,0.2212617181323877,0.22105013180244398,0.2209481154295408,0.22088218922652014,0.22056661471859368,0.22018708139651594,0.2201589094098163,0.2201974001206955,0.21980887215296374,0.21944183044004226,0.21931760060692096,0.21883785347661333,0.2191517248651288,0.21926866670661044,0.21873674352591937,0.21816616143041842,0.21764335718052522,0.21745728738380465,0.21774392671217965,0.21759490841505946,0.21687773136935037,0.21675867284273143,0.21672880514738044,0.2159228653377527,0.21574546868283187,0.21580550413234037,0.21493559671678195,0.21447807458317317,0.2147101985249043,0.21440115442888427,0.21398072923469044,0.2140357039776782,0.21361508423971232,0.21298769003519594,0.2130917925256908,0.2128261913516911,0.21223390572700274,0.2119046206186251,0.2115859367307648,0.21140325438558355,0.21158678066764083,0.211315862544725,0.21078867560431866,0.21035835583233276,0.2097451342688022,0.20935677590390445,0.20913193208370512,0.20869001419954927,0.20808027692425182,0.2078224753399269,0.20778628550060121,0.20759754025489466,0.20758897880679292,0.20716955224335276,0.2063691398379605,0.20589381211400581,0.20536297689215338,0.20521724578644387,0.20544689696268448,0.20461525268007338,0.20438507132903977,0.20385161171756988,0.20328946559694525,0.2035911579656409,0.2034911845929242,0.20296025484800434,0.2030401423801566,0.20283899199989322,0.20225335869999989,0.20191821920644756,0.20150769766480506,0.200821944450455,0.20078772239440523,0.20131354413879313,0.20120702268614457,0.2009140391909563,0.20046792610615416,0.2000636153080757,0.20023472719982058,0.20037574686659487,0.20040238019966145,0.20006984547922194,0.19989459738158588,0.20042557118808765,0.20041820388817017,0.19957216103130648,0.19936911953739545,0.19957606092771044,0.19955143791599148,0.19957496329475766,0.19981345185853355,0.20003169172433374,0.19989443779061278,0.20003074051450434,0.20004463640982126,0.19939899570323777,0.21024905401695737,0.2091740680351964,0.20961078436702119,0.21280611918605336,0.21497633618833614,0.2149005996781538,0.21384094795790784,0.21314478006364104,0.21075436132528858,0.21029930829245233,0.21100785986826456,0.2111554922959481,0.21180819156310932,0.2116119668419215,0.21163537405056607,0.2123006724359306,0.2115526490153081,0.21113405625791842,0.21114406784989756,0.21101795845869203,0.21090414914295524,0.21177495864779158,0.2116791455267703,0.21050799471574283,0.21004373629883896,0.20984955985662498,0.20999381563984934,0.21015590895107095,0.2108389759038558,0.2106382350588025,0.21017496367657962,0.20970501951856763,0.20834984478770902,0.20783726300806377,0.20856545239618998,0.20937452519509578,0.20978670164868016,0.21025992714111796,0.21032931861152737,0.20933676345433133,0.20875930978797674,0.2081894533215021,0.20823442510045034,0.20791891122891942,0.20649036636994633,0.20574338642517961,0.20543636381814492,0.20395656329352133,0.2033279968165813,0.20247092717492077,0.20179158158513383,0.1995405158863582,0.19825920965830152,0.19872037745361812,0.19788180379210318,0.19552230361462716,0.1950716037055907,0.1941615859026066,0.19092563385190311,0.18993927434439098,0.18863811217068224,0.18732682294984718,0.1830196700936579,0.1813728119809086,0.1807661305073234,0.1784102776441302,0.17745406838575215,0.17660805907665655,0.1740054072069586,0.17136650216979527,0.16835344493619211,0.16462273493985685,0.1609566717185357,0.15823565328242042,0.1547301033854086,0.15260018928505828,0.15099297650689786,0.1478396335724339,0.1451506616743373,0.14239434751477445,0.13929281155685866,0.13652566085309276,0.13417803893613636,0.1320655629099149,0.12965978470505665,0.12675182333568005,0.12381355764439034,0.12131010809411949,0.11911755611679962,0.11763441559842223,0.11632246699258617,0.11441385730822624,0.11287474368010256,0.11133418877108861,0.11014117889632774,0.10827521503796864,0.10617870974045215,0.10539670850122768,0.10415518656043761,0.10284377814678618,0.10352386194242244,0.10306053928501391,0.10118390654670836,0.10016398519586177,0.09939983905965144,0.0989282452173588,0.09914574571282532,0.09989156485883212,0.09919823093065784,0.0982167298596422,0.09836404557991862,0.09851636380765431,0.09825770870349258,0.09906633277577614,0.09926754863634703,0.09862476936771082,0.0975784892713814,0.0967477604893988,0.0961131973953958,0.09663614749106354,0.09727541901996282,0.09813500240517048,0.0995391653531208,0.09953116459891613,0.09685962137658578,0.09632108204398558,0.09642939849525031,0.0965525414236324,0.09686002379815366,0.09716946181744338,0.0970868026944669,0.09726805109793613,0.09727914143391879,0.09722709644045305,0.09717399210471167,0.09661719438876858,0.0966182841122357,0.09733263801696516,0.09752393540634886,0.09775080185470124,0.09733597608453819,0.09772446192612741,0.09874597893919958,0.09898542705413328,0.0992823646467623,0.0993610286275614,0.09775874822768266,0.0970959846980646,0.09639897914349951,0.09700336478229807,0.09894800230334332,0.09986657926326839,0.10166582593033979,0.10213167800010184,0.10165828429733208,0.10137535314952831,0.10147300273065463,0.10192464656447078,0.10213881748278483,0.10259638424916825,0.10249864507749971,0.10150362298687948,0.10148425856731783,0.10168327459906662,0.10200996502289045,0.10288488623502658,0.10362175763370315,0.10314300500117819,0.10179373543334831,0.10194876658149105,0.10290828766267378,0.10289143927895948,0.10303826356681552,0.1034621551200898,0.10287113491046962,0.10290029156331727,0.1037824635236677,0.10527422899654207,0.10548310551154269,0.10570597099558461,0.10658857095260414,0.10654351792949593,0.10632201893639932,0.10570274907339484,0.10565738684044104,0.10479021731428195,0.10507850406439016,0.10700738419741133,0.10754006820631395,0.10725428211849397,0.10825084733202824,0.1086339634101315,0.10861090315225855,0.10935341934516944,0.11028598378460086,0.11091082929861965,0.1116034651005635,0.11160043187061056,0.1105652204711271,0.11087021006421792,0.11182806697803663,0.11215360997522561,0.11265518042182963,0.11363834130035042,0.11409727077635305,0.11352267133242759,0.11371016493936037,0.11394923046401578,0.11396056912060812,0.11324373027649426,0.113342481002014,0.11405369006321606,0.11435153387616821,0.1142542728192957,0.11495716540929234,0.11649755026355857,0.11717262872271378,0.11813825425121381,0.11880102549653357,0.11772957111523628,0.11715840662465601,0.11732709240575347,0.11823346765248471,0.11811986052447156,0.11763483845679662,0.11815854636156663,0.11850923793677601,0.11915692959370987,0.12187628968917649,0.12277967599000465,0.12178465236634807,0.12194040916281758,0.12266079570927677,0.12172557936804798,0.12192369822925964,0.12305268330263947,0.12345480966738512,0.12350729994868904,0.12378989416108334,0.12391981349152237,0.12411536559208412,0.1246451750310606,0.12486274942998352,0.12439846729150396,0.12483038396399206,0.12567583597748777,0.12679996569243496,0.12659868413667474,0.1263873621913592,0.1270880514111374,0.1275830361726531,0.1275746670164753,0.1285401618277835,0.12902028568228902,0.12765443012440247,0.12765432990641215,0.12930943132574485,0.1301082842230669,0.13105262262281098,0.1311661317257552,0.13022635694555004,0.1296878016013602,0.13008917776226958,0.13083948140291682,0.1308340244776516,0.13105989628819073,0.1318313347854446,0.13240433720827907,0.13249772391483317,0.13311440757525872,0.13392499480252976,0.13422489005246668,0.13410255142925592,0.13414167873163482,0.13473379104296035,0.13515031127563146,0.13489495865273735,0.13501531164134709,0.13606308766701045,0.13683947271606478,0.1372311366211999,0.13722720655316575,0.13755444020909477,0.13783142984030158,0.13708473610410923,0.13694241765122886,0.13770693084333974,0.13795926729661953,0.137369216640423,0.13766232154724323,0.1389393887539501,0.13953407999386577,0.1400736312037741,0.14067074971416094,0.14109867715756355,0.1412903362388333,0.14087684521996324,0.139708846458537,0.13984721381008539,0.13987152453305207,0.14022001627413683,0.14219847169686872,0.1429513855121258,0.14267952545005183,0.14288723631408873,0.14347092927624133,0.14350194455572257,0.14278752799774302,0.14283071831509292,0.1434846033297745,0.1433417140028591,0.14294771776956547,0.14235429906110122,0.14284024615066326,0.1432914130793138,0.14346539032050132,0.14451658774122086,0.1453696973127864,0.14576691270347422,0.14580908484979696,0.14597308604249504,0.14642651162866374,0.14616290768424217,0.14617153379782516,0.14708319313975998,0.14776997856747132,0.14808789550839835,0.14833005060594143,0.14852824249306906,0.14897709133942158,0.14935587984449442,0.1495005635134956,0.14949289636873783,0.1495036866968559,0.14963341228779017,0.1493071724172741,0.14958156226137953,0.15069968128261307,0.15114689599051573,0.15145116905931885,0.15164806311086745,0.15117443868220248,0.15135846288724197,0.15215526631320567,0.1524054265579999,0.15334085430466962,0.15422131283217033,0.1547588706509124,0.1553778265789162,0.15510997668407756,0.15406655609004583,0.15357705099231095,0.15198441301460608,0.15217067938011294,0.1549208541735789,0.1546846917647931,0.15241267165721137,0.15255728026585558,0.15245672655513434,0.15248317777720996,0.15522439773064722,0.1563730199274378,0.1557045942784408,0.15535165969067305,0.1550548556172358,0.1543230923621701,0.1547272692731233,0.15571464317434552,0.15598577837568503,0.15710395148355769,0.15690142438618068,0.15479595351391376,0.15471368484072803,0.15554520039218434,0.15551720668731703,0.15581917392813313,0.15619793311314367,0.15618609715393314,0.15605985618945858,0.1560151499447506,0.1563619851799304,0.15677284581007075,0.15671700355008839,0.15700209166074153,0.15730137695098417,0.15737154549769153,0.1565670618472985,0.15592186464675664,0.15558889790384028,0.1553565673340608,0.15439783960289533,0.15409315675675506,0.15460309807401573,0.1548423424144749,0.1553783727625871,0.1548946596347981,0.15292364421624555,0.15363465808336577,0.1558306880508572,0.15631418934798041,0.1584475127480882,0.1590405440519962,0.15617403600937782,0.15530414476572288,0.1557557937124365,0.1558243994173834,0.1573744182240725,0.15680155988637234,0.15417220384873015,0.15211988318764125,0.1515908562418988,0.15143402157332914,0.15166744090131068,0.15459355638935102,0.15544531735858785,0.1550093823158101,0.15493408093322997,0.1550034926841611,0.1553154622036043,0.1557195207512825,0.15495356581105174,0.15298272210629346,0.15341403590499345,0.1551426043347775,0.15453928393431204,0.15354427709494758,0.15435884023354296,0.15477946407818519,0.1540511165536701,0.15464547911846016,0.1556080511800221,0.15566997784748116,0.15428918218400642,0.1529231821688836,0.1520218012538316,0.1505407461414293,0.15028930745669394,0.15159681392581487,0.15203322470224695,0.15164505106317572,0.14833762053461394,0.14760767904546457,0.14825807606317573,0.14878477222893033,0.14987317056181423,0.15025788381353686,0.1511914635916241,0.15082044155264124,0.14916440653753976,0.14808467495432465,0.1460876043817704,0.14548604655412672,0.14647749911176447,0.14571862220431564,0.1441047493969349,0.1437564907204329,0.14276254819780707,0.14249407329972277,0.14473665437557143,0.14499655611885484,0.14410594282346897,0.1431308063591374,0.14041047759052308,0.13949338699068756,0.14013076880603942,0.13930228372398396,0.14006685101861172,0.13996882949771922,0.13825942626526672,0.1388919158196103,0.14001280489937926,0.13950574445486863,0.1384537759019658,0.13617609615769927,0.13523432114951428,0.1339451251522842,0.1336922495671107,0.1349606558585179,0.13517698392432048,0.13469343435144526,0.13478968289057988,0.13615298485404298,0.1354618127569525,0.13278244662734381,0.1327172545296101,0.13343312657275821,0.13273321812793576,0.13180300331373973,0.1331442544409438,0.13617216847109892,0.13536279262088835,0.13382004039301357,0.13436193082520692,0.1323557294737446,0.1309285302854754,0.1330673851731237,0.1342435771610976,0.13353487752208323,0.13241342160720737,0.13131580935679277,0.13172250854775172,0.13104072438690453,0.1302211132365306,0.1321057292322229,0.13148648849030722,0.12768494864651278,0.12695387695925606,0.1273842259427017,0.1272464146174046,0.12770731625547765,0.1271918179029996,0.1278973493789668,0.12933040173988372,0.12649794327711975,0.12281558042338349,0.12293988693624704,0.12292151717969958,0.12286994342752548,0.12755584791931462,0.1279339283046663,0.12243417377364196,0.12252774142482979,0.12712243141069868,0.12721153933631865,0.1257240017157939,0.12627765064652116,0.12658438302594316,0.12496102548316998,0.1228945708614068,0.12361701510373936,0.12387282797750206,0.12341104574946703,0.12619404350481772,0.12726454395238926,0.12479131795234615,0.12313004158970049,0.12306557404039661,0.12292159165601352,0.12046665736021785,0.12071435134558982,0.1255529272986337,0.12616610950421048,0.12305135726875113,0.1235958069104308,0.12610651657566188,0.12541837233466285,0.12571938622148374,0.12475083407468489,0.11790026046279665,0.11524490139739399,0.11689968931933264,0.1165354819364393,0.11633254010268215,0.11599143316643828,0.11359799449333433,0.11285820401124612,0.11600975923007535,0.11722004589977508,0.11508633819002524,0.11481092406909564,0.1171634851836568,0.11509049858381251,0.10915025167250562,0.10792989378974217,0.11096049574985688,0.10981247248870024,0.11029555993480138,0.11558858630978962,0.11448238943648452,0.11146586794611392,0.11369924194494868,0.11482627463402449,0.11284473690005302,0.1109287427706258,0.11107975366362742,0.11423238750818784,0.11714050546450189,0.11829622010214651,0.11808730500392944,0.11792480711054877,0.1183370510945124,0.11634863483109395,0.11978963734564307,0.12442590911761625,0.12120009395899488,0.11792947845745401,0.11414947203607298,0.10936422226837894,0.1065442486051176,0.10859185180497279,0.11317306947079572,0.11069567233375688,0.10560172374447568,0.10411903605943942,0.10441367773496621,0.10707886153542608,0.11275465115531576,0.11718473158500223,0.11628361758077418,0.112227644113275,0.10745878367596863,0.10700171147606591,0.10958774595042875,0.11086348328061697,0.11065007114984947,0.10681369765056102,0.1062334715644582,0.1087778417140796,0.11187014594150432,0.1190190368648872,0.12053038883624279,0.11329787784753763,0.11334705672914923,0.11662800772034633,0.11364301770719873,0.11513762038931989,0.11547798704453276,0.11239971434127344,0.11118720678159721,0.1111017996870811,0.10940929128253975,0.10313428375233535,0.09970254363481994,0.09957328408845391,0.10182442629232258,0.10168925824741556,0.10033869133922876,0.10038814605413027,0.09404308183103191,0.09291432310681359,0.10135136823170388,0.10363113722160568,0.10050832716952164,0.0991723624674897,0.10081457741916901,0.1086791153790715,0.11188050160621923,0.11055163132515006,0.11333444920377395,0.11077011109553807,0.10432418781739516,0.10980553231104732,0.1180425632573078,0.10482237556881108,0.09563571428928358,0.10473725298629176,0.10114405883970072,0.09392892119595371,0.10157696549060537,0.10215032209405682,0.0939346669203239,0.09719439038114738,0.09862773416816026,0.09886949916589954,0.1086514348379722,0.1073740763156738,0.10247749111861976,0.10442465495003969,0.0968872458719635,0.09093743767271543,0.09534180117428169,0.09994444008224057,0.1004640180297669,0.09566379686584854,0.09306231130408495,0.09611326064408157,0.10295674524560967,0.10499993461857443,0.11148590327679107,0.10939796710863209,0.09189499394691172,0.08723391371043361,0.08975367555484642,0.09119582258628826,0.09824092169825446,0.09703592238714621,0.08554797853811166,0.09282561877477996,0.11297779401716164,0.1200649414377116,0.1189837432506472,0.09681053067999577,0.08084547976644327,0.08774586974577739,0.09111994640274296,0.08506590003149966,0.08671257938991986,0.0853334219896832,0.08425639533699567,0.09714141050537482,0.09922326867348534,0.09386084631833798,0.10198945682532802,0.11015375097808401,0.11033229353778556,0.11448820406272611,0.11570103109240551,0.10402169575656861,0.10350341346841452,0.10199179877734833
33_3_PETCA_1_T_1_00000,0.11408517981089772,0.1451866133020198,0.16564566564845587,0.18377441261231234,0.18845023603581415,0.13422304418492204,0.08173301732766043,0.08382751855276961,0.1454951875369737,0.08261526943755595,0.018601086826144846,0.08284179179936692,0.11293235247857346,0.12085715408811921,0.13235643527167043,0.19947935906723926,0.17709743316343943,0.09597535099788629,0.09662817663219883,0.07286895562460159,0.053786492488725586,0.08954691124371025,0.10704650331014355,0.12144173488334274,0.13874891270080025,0.11226607689807161,0.14237458589776694,0.19362352001866756,0.12006060072963212,0.08411470036060342,0.10203027180464572,0.13795993161210515,0.13335731138424858,0.1269993049328156,0.14363492172028336,0.134023280832802,0.10059915945041555,0.07231893162221492,0.12766431785950674,0.11983740519486048,0.0755173961190863,0.09064264535108905,0.09211442649729441,0.09997964627625278,0.13181568652619416,0.14307675049619722,0.13733586013222937,0.1235418164577602,0.11319756458443977,0.11612016253675914,0.12607165667330666,0.1254936035371306,0.11831577347774777,0.11615237928729459,0.12652667080315774,0.11649928034121242,0.10845379532808816,0.11461101453736257,0.11241071116999421,0.11781889447720921,0.12504345037430492,0.10710299824113727,0.10310223336967636,0.11011128809967972,0.11147994124317848,0.11565081798813814,0.11531654363142313,0.10747233206339868,0.1100430186532673,0.11244023172768318,0.11152863109094002,0.11680703125479149,0.12201678238396094,0.12254796118889108,0.1141635207142349,0.1158292872418228,0.11850863374787673,0.11096315014446209,0.11167103016729787,0.11286357496698185,0.11038467031914241,0.11463205319700855,0.11717439552828444,0.11471668489393787,0.10775452735849346,0.11044010814111622,0.11566348733324752,0.10930020893107525,0.10956632327356151,0.11190692850894929,0.11057112865615519,0.11130858160021428,0.11394371954778124,0.1172178935779313,0.11834359063307888,0.11749281028545716,0.11580527340124849,0.11545265830558847,0.11521125287805598,0.11547580183239466,0.11670652149578477,0.11645541165654505,0.11656567683271532,0.11813434464186957,0.11878326446186685,0.11795366501541658,0.11609281546665016,0.11480880947520124,0.11651917130463599,0.1190241649000428,0.11776685443075396,0.11647231789804745,0.11643597828180272,0.11793140762506904,0.11863288964483364,0.11958729522235027,0.12074924366909641,0.11858298858770583,0.11753352500275847,0.11824444841273583,0.11798535025001003,0.11634655301789597,0.11529054055806236,0.11717893403595751,0.11576141370919735,0.11387898028906976,0.11469091256086125,0.11699010593726733,0.1178187596954538,0.11664755909152345,0.11721008743845372,0.117913695801449,0.11745550350012542,0.11441042683011991,0.11445420533989605,0.1165282678509659,0.1175027467438263,0.11500172924149667,0.1140402866256732,0.11704107061103142,0.11602417537307133,0.11588414188122657,0.1180011912559434,0.11933869866731907,0.11831260957553272,0.11639365716474051,0.11682769942760197,0.11786289427936823,0.11842088193316262,0.11794237837251902,0.11812947535788655,0.11881099286535157,0.11948581620830728,0.11908225705838875,0.11920359549903027,0.12007066174669083,0.12051124659143132,0.12112312059671157,0.12147337285261949,0.12093077353460162,0.12202351105595717,0.12364726595840245,0.12445349162544744,0.125172449863719,0.12578245868938515,0.12668934981286303,0.12966143054328658,0.1310050653243087,0.1308749208008622,0.1325815876872868,0.1340178407338146,0.13515869007450432,0.13647600633859816,0.13693549154922266,0.13782329612395436,0.13984358894352214,0.14028657757895913,0.1411383590288866,0.14312164185000498,0.14499493492691395,0.1452556265886573,0.14481662199996811,0.14637161989260894,0.14696613053796057,0.14736119173417683,0.14894298583584684,0.14943474849508903,0.14964827958919666,0.1502612580954814,0.1503760795861531,0.15058900592122443,0.1510147242673399,0.15098583799192455,0.1516898462896966,0.1525876613018264,0.15223243436124206,0.15239850807448158,0.15273722414785826,0.1526212836660014,0.15309368139843624,0.1536216329324589,0.15362382984483638,0.15248164576208786,0.15213073280425984,0.1528110648969077,0.15279189445449143,0.15295850716705348,0.1529577387769214,0.15201475695950795,0.15149911550680253,0.15144992289774925,0.15150563189181085,0.15085433738284554,0.15003740052051492,0.149483765790433,0.14926168568110054,0.14874226064661628,0.1480309220347993,0.14800258135654057,0.14754249045788975,0.14662123296227397,0.14562791116715212,0.1445822919540814,0.14376720078514987,0.14340434582001818,0.1434316922577644,0.14309659646947512,0.14225732110193984,0.1419986108963949,0.14159558154585938,0.14090020697174854,0.1401359260867654,0.1396013437347177,0.1390174241484452,0.13809219128042163,0.13851663557079943,0.13895559993511325,0.13835163932655167,0.138010471118273,0.13745006708060628,0.13654533454988543,0.13570055925598662,0.13524814524189113,0.13514294641272231,0.13507786181368434,0.13506922526120343,0.134847031934436,0.13425101223143598,0.13421469364448174,0.13427521185352861,0.13405657339886873,0.13375594435352145,0.13352007662635962,0.13324944020066207,0.1324347326937888,0.1322143830722597,0.13265453063426444,0.13325749366539474,0.1333339203073722,0.13339325425546436,0.13395794114809892,0.13381780507957028,0.13434776717400063,0.13606358708548463,0.1371160524287333,0.13752567645552793,0.1370644985987646,0.13531638426364456,0.133590323638051,0.13201682850201646,0.1303573249999337,0.1294612829067059,0.12871199624426133,0.12752914339705781,0.1261539639130409,0.12517974847419433,0.12477047471846524,0.12445876190745701,0.12388074005567619,0.1235203588696765,0.12449319031525531,0.12493331130093209,0.1254205725025276,0.12688950991511816,0.1273709912695675,0.1272626286407101,0.12712668978490957,0.12718394261270982,0.12734005302388798,0.12728272194898738,0.1263130814523556,0.12596198363464664,0.12569925623470685,0.12424631266979035,0.12372719610986302,0.1232085981615693,0.12177221524927068,0.12124521873078617,0.12099986269415024,0.12062643506379359,0.12037619993204066,0.12013373041751535,0.11978156460036114,0.11917612264187921,0.1186752231215198,0.118360845115715,0.1181617967447921,0.11753532208398651,0.11707480845953304,0.11709390410934908,0.11655666366630234,0.11610106591286842,0.11583834603061047,0.11511385392105285,0.11443240761243471,0.11394449436161726,0.11365662577729074,0.11365909114623284,0.11334437222637325,0.11232406389248382,0.11197601477318211,0.11199303628592612,0.11211602719909136,0.11250424828720357,0.11242701803376226,0.11209944907417772,0.1125531652732512,0.11239691094102175,0.11194231501182043,0.11198628218447464,0.11239555256020142,0.11284155143286125,0.11317549456623487,0.11390764515221614,0.1147070257972734,0.11550534311068414,0.11658949974586372,0.11760278272800197,0.11876236240874348,0.1205392178272233,0.12281294864387719,0.12505459384736525,0.12695415627467518,0.1296023285427625,0.13243822387407927,0.13519288563694323,0.13830083164336032,0.1416611673341809,0.1451283020437295,0.14848383620405137,0.15197000040416955,0.15548065942038738,0.1588389580154556,0.16211581351810656,0.1653703293810606,0.1686437054554554,0.1719217374536516,0.17506780127786353,0.17806505827373742,0.18101771870723132,0.18369916536719802,0.18633281176142397,0.1892242833178502,0.19166098914257082,0.19391921470997953,0.19631160465811007,0.19877327342180118,0.20127139552332735,0.20369626039226016,0.20584444228658133,0.2077537866832035,0.20954003131485183,0.21137838906684203,0.21309207210875,0.21479670352784372,0.21655898759214395,0.2179642145551442,0.21922383421554686,0.22049174677721267,0.2217967947489969,0.22298357422625817,0.22415537502410765,0.22555837033215972,0.22675225083915324,0.22766981475802564,0.22839363162614107,0.2293017377183788,0.23001476324382691,0.2304303786758814,0.23112056073908335,0.2319333008303208,0.23259965566777302,0.23272785864800224,0.2332839266626628,0.23387715613089985,0.23392531590729623,0.23420862756074615,0.23463589482507002,0.2350777342765259,0.23551956147494696,0.23584629071402485,0.2360843058483685,0.2363877065991907,0.23637903290228052,0.23636712311531816,0.23676222697561214,0.23707694109122582,0.23721829995435814,0.23724285953428473,0.23750851006383475,0.2375582260718941,0.23743851703178587,0.23766032686622546,0.23772142983368968,0.23771477203552546,0.23787440157889797,0.2380203169417625,0.238100202316785,0.23813231570710164,0.23830111048638436,0.23834677289453537,0.23825857792810004,0.23825308410695006,0.23823203960089342,0.2383005745961419,0.23856023315624908,0.23867761431851894,0.23858615154051846,0.23842404237466613,0.238823354706393,0.2390261635588097,0.23888658941886468,0.2387680931872803,0.23898509158237843,0.2390682798272326,0.23852573524729515,0.2385214526543405,0.23864034093228217,0.23860859855928393,0.2388254827431083,0.23908596020779768,0.23910465906154546,0.2385265439404311,0.2386818159985064,0.23909805047073135,0.2389844829709251,0.23873345463913975,0.23875443561062673,0.23905047800448934,0.23877487884963763,0.23859540111728852,0.2386608059678591,0.23882833137533965,0.23899748709824603,0.23892932182429819,0.2385365242942113,0.23843568125191278,0.23861574051685688,0.23884725958149935,0.23852781943553306,0.23840721965743775,0.23846059466440706,0.238328716916811,0.23823129132739929,0.2382322775414696,0.23833423350999758,0.2384372313122626,0.23846255592827909,0.23842321254304108,0.238443350640497,0.23836772896976624,0.23835736992291554,0.23858855686601585,0.23842793436268606,0.2381650432832643,0.23807544863134705,0.23818015643814755,0.23821471502253672,0.2381985193615342,0.2383665978558242,0.23852539266165262,0.23856958874319042,0.23846454024438285,0.23837094658501656,0.2384873787567431,0.23869523452355618,0.2382913948711574,0.2380770617168232,0.23814356842104267,0.23828170024587897,0.23870401294346194,0.23901667080966874,0.238963079703886,0.23897075671804224,0.23875564205619093,0.23838107272846668,0.23824374999414663,0.2383333888784665,0.2385530645125339,0.23874753914509708,0.23873555864805243,0.2385638597768986,0.23839327690416107,0.23860266035175146,0.23875243800473392,0.2388556940135673,0.23911325422278018,0.2392461095749077,0.2390905355847636,0.23873997215179796,0.23901865108153844,0.2392842241872023,0.23922564447684586,0.23883491347807925,0.239063652182327,0.2393217853096644,0.23891173430933735,0.23900676853884134,0.23924036116639444,0.23939072990282695,0.2396232631016014,0.23949105207708243,0.2393150341602588,0.23966127424272335,0.2399002940074505,0.2401735994432908,0.24046813803265424,0.24008369140765537,0.23972953416976964,0.23973883985479022,0.24015684733631848,0.24005320316990833,0.24011773051364402,0.24084974239997228,0.2408038299328424,0.24033552513523204,0.2398722655169343,0.2399047292824883,0.24029346252821907,0.24036304795703597,0.23969017027453346,0.24016446653074414,0.24059824222818046,0.24051579916022012,0.24083982884509852,0.240826562937514,0.24050629973985346,0.24023567658395284,0.2403784700841271,0.24069236141226383,0.2408374506932918,0.2403246913430975,0.23999865268372808,0.2400771320070877,0.24039673594723088,0.24044435378714715,0.24019766731921183,0.23985312375635706,0.23993017511048986,0.24021856055043278,0.24075016996653242,0.24159934659625212,0.24085623241525705,0.23987321953052732,0.23995460662168944,0.24011710712193526,0.23998796280509163,0.2397699023568517,0.24013302164975223,0.23954206686058746,0.23905551681278533,0.23966463504768437,0.2397507437846853,0.23985619476866368,0.24024693788172272,0.24087295887285118,0.2408971504192633,0.24067434518735753,0.24064576058351736,0.24005282166884315,0.2398312420626352,0.24009890916744295,0.24002079816759428,0.24080833756219583,0.24110254917527588,0.23973511125620048,0.2395390755617771,0.24000459430939747,0.24036349687268038,0.23968655764094685,0.23940807311607343,0.23948337638485345,0.23945112689867237,0.23894657497371327,0.23874575963204156,0.23909612301078137,0.23959295916995327,0.23988988683773962,0.23984703761098822,0.23957795558333828,0.23993690047175353,0.23975955853370323,0.23922679862176105,0.2399669653564534,0.23952682863218244,0.23860265291662933,0.23831033884117866,0.23797294096851715,0.2381553316412884,0.23865536055580527,0.23855067431813937,0.2381155452483661,0.23814580540357783,0.23893873638130386,0.238702344843137,0.2382929462450149,0.23831645595506804,0.23904807436105824,0.23845216029682978,0.2379621601269,0.2386293521323554,0.23864671833663653,0.23816032600614254,0.23764118283864696,0.23776518529809348,0.23838392597667443,0.23865500510579046,0.2383274981416611,0.2386382808915286,0.2390563239029955,0.23942913065527513,0.23972847438078393,0.23999072869676336,0.2394307772748877,0.2384085590444768,0.23918541088248046,0.24053862362353437,0.24093160993551943,0.2395221075694931,0.2393958270132199,0.2403610176817524,0.24127973797061258,0.24025183659639002,0.23969270959217198,0.23952824285758137,0.23935970494593461,0.23966622806468282,0.2406632872405838,0.24188550510702736,0.2423056517370071,0.24044010222160636,0.2246756375646388,0.22350828576257337,0.22153964823899847,0.22109657961583093,0.22082208173032125,0.2214936340921296,0.22238781864447785,0.22316336855329016,0.22386248194004107,0.2239178490739925,0.22465561288197558,0.22552115516422763,0.2261139727026978,0.2260817838912767,0.22615802420112563,0.2264632950261209,0.22677196055084026,0.22730976951862394,0.22778965594799264,0.2271559028094507,0.22660068885282367,0.22611745015214332,0.22533443692410762,0.22503980799278464,0.2247411772436185,0.22326809941627637,0.22210742977155354,0.22249564165051858,0.22295545695066035,0.22376063194097168,0.2264784095593605,0.22761720519777076,0.22820020811549352,0.2282560613245211,0.2279022359671767,0.22519436706262705,0.22426103962825758,0.2239595710565245,0.22401327629035717,0.22628188992146728,0.22699828027748753,0.227275715349562,0.22774868353957944,0.22691092676452765,0.22644708035147304,0.22642054625120664,0.2266304737322402,0.2268954695550926,0.22734005149286546,0.22754400102400105,0.22768450608847593,0.22707380072749578,0.2258251156209132,0.2254383388897924,0.22503902091397948,0.22466093741952137,0.22584443420373623,0.22638356912254182,0.22689654126424758,0.22834382735025266,0.22864650781962642,0.22804667650922325,0.2281155347164578,0.2281413965628125,0.2274712388486282,0.22835153734270755,0.2285020259302537,0.22826286518644562,0.22844951317638446,0.2276548346092766,0.22723368962957358,0.2271959526657996,0.22699166061570134,0.2273928229551069,0.22775786403409803,0.22777445746905947,0.22753469511998156,0.22760685279106987,0.2278463942185143,0.2274589363382191,0.22723252601113525,0.22759701672286664,0.22742677288052854,0.22726185334582244,0.22783523693458954,0.22819893076567363,0.22801329849100557,0.2285813140484443,0.2299951463114163,0.22983246823193373,0.2294690975662198,0.22850220981713443,0.22844644822629473,0.2280626513348095,0.228180635108515,0.22921726511006424,0.22906094238971636,0.2282393352950064,0.22809265942125045,0.22767204965007545,0.2274214637846835,0.22769058782763388,0.22755004722901628,0.22789884415276962,0.22871415505422477,0.22877202934498875,0.22798154743709298,0.2280270212886917,0.22820658401321245,0.22820561173349657,0.22858348908578519,0.22888465171233424,0.228300023970135,0.22759231113427955,0.2276594289753094,0.22800839555377062,0.22783579467320741,0.22785087940861945,0.2279097750576449,0.2273803484305077,0.2270326497874463,0.22719482693472903,0.2270474804025434,0.22613512587865092,0.22606355136732192,0.22664536455266998,0.2267806502360368,0.22684319197627864,0.2271473690645351,0.22670488383732057,0.22614582753166823,0.2257133123056848,0.22470906459008114,0.22391659061526287,0.22401405040491543,0.22402225990191424,0.22383553380840288,0.22353898737986896,0.223145484868279,0.22244476243528957,0.2213144756091745,0.22092388663588808,0.22086685267084397,0.22044833465475647,0.22039915003902025,0.22005638521240362,0.21897450031156943,0.21835270461166195,0.21820148146799773,0.21786017890833892,0.21754445271031153,0.2171167666190039,0.21680715147669988,0.21670674490983816,0.21639275021125082,0.2162465941092526,0.2160527554669408,0.2152569165167556,0.21501472803584065,0.21567197850290307,0.21564354082977896,0.21537036123118156,0.21522096007089175,0.21479588035117483,0.21395656302068405,0.21413871818416422,0.21467717349274967,0.21487155244451145,0.21470637501819284,0.2138962438337425,0.2133982246931825,0.21339775718008588,0.2140471116132522,0.2141013383067145,0.214256096251027,0.2142857868258825,0.21390660658708824,0.21381132657455204,0.21399145261617974,0.2140465200379759,0.21389472352958858,0.21349511706980503,0.21337748678959487,0.21348601231908243,0.21351293916890077,0.21374766943745957,0.21383464038090821,0.21360435776166767,0.21358153052070694,0.21365610289700201,0.2135847327862528,0.2135303656152746,0.2135130965083843,0.21325452517359406,0.2131856632114775,0.21336784917488805,0.21340983610057612,0.21327237950890487,0.21361730311833083,0.21381193364677542,0.2133579112613501,0.21322485410888908,0.21326619313240888,0.21339365610590852,0.21385367785482282,0.2139883207260714,0.2138356850844165,0.213889864496936,0.21381435993362294,0.21390207602597006,0.2143212715095989,0.21440986096244147,0.2142609824233306,0.21424541124718063,0.21404457905145347,0.2141479049155228,0.21482901614303415,0.21487966261635325,0.21452644651745684,0.21436723940584823,0.21479599360019985,0.21489382929962567,0.21474788529941474,0.21507107352077987,0.21505845867733694,0.2149892677265783,0.21506565176244608,0.2158634097657358,0.21592268897936223,0.21516547479059522,0.21521177545850007,0.2158349730703288,0.21592785621663738,0.21579743342813848,0.2159981015198134,0.21620402526864085,0.21623587583347859,0.21638826487341983,0.21679846491842136,0.21667182176890257,0.21637926613475203,0.21645676882175582,0.216688113460465,0.21690708467055908,0.2168198182662334,0.21679446381510153,0.21669504924162675,0.21671467131098537,0.21671093967662813,0.21669132598060428,0.21673577978517158,0.21683985484281557,0.21696781842576834,0.2170064763721439,0.21703431365975623,0.21708547083931387,0.2171089203588162,0.21713931991666785,0.21726175202774572,0.21730377481405627,0.21720932413839658,0.21706057025860812,0.21725874966623188,0.21757907802400578,0.2175783573582041,0.21767920121082532,0.21769296226879817,0.2173706221173161,0.21740586744092485,0.21784757469276414,0.21782991338658286,0.21750993933772894,0.2175543034078523,0.21769835349609717,0.21760356218940818,0.217654825450552,0.21767679065139892,0.21735054408759344,0.2171158639481284,0.2170049593295714,0.21697208175373714,0.21682805884627546,0.21691226595069893,0.21699740318362967,0.21703852712803554,0.21700535245765898,0.21691404797810784,0.2169303673846494,0.21720992521188132,0.2169950508375351,0.2164235247975061,0.21624092213945767,0.21590260791212004,0.21582071909353454,0.2163089939933211,0.21629261818756615,0.21592207769184216,0.21579545056357624,0.21561844802622412,0.21551694875065186,0.21572054883162534,0.21568304677068653,0.21545225702493226,0.21522766582219155,0.21477145474537768,0.21455940166387805,0.21447034381961447,0.21455520075657106,0.21439714699709067,0.21406587502828864,0.21390626234812968,0.21352649087530848,0.21339376720357509,0.21368122764223008,0.2135501798270389,0.2131717074038194,0.2129324058174344,0.2127075753224786,0.21233133593253217,0.211825303198385,0.2115103074305795,0.21126884367344317,0.21086224831275546,0.21045993464154522,0.21011893656780598,0.2095708433346959,0.2091546527601465,0.20915230072029875,0.20881549067364855,0.20814462993706193,0.20767521932111915,0.20727043742908258,0.20667030597713815,0.20615768282213282,0.20588798125340924,0.2052635374029031,0.20431305851167153,0.20377965512819857,0.20328182989534035,0.20287579371318204,0.2028406705535294,0.2023828876819933,0.20169874616054664,0.20114289310709504,0.20046571446001618,0.19990065830967368,0.19940438069324434,0.19896433723585982,0.19865488956885094,0.19815649517340755,0.19744519838823366,0.19707521108321122,0.1969177058418156,0.1965231675109166,0.19632906809822043,0.19594938826192101,0.19510006245093608,0.19448916001648103,0.19395604981297712,0.19355229824191553,0.19315346117049942,0.19287489865747434,0.1924189024188669,0.19200617751856244,0.1913674485698495,0.1905127141275013,0.18980149863926515,0.18900356046480912,0.18833086028893983,0.18790205575641547,0.18709856987224815,0.18609195100596548,0.185223077157786,0.18429239298460998,0.18324951017797536,0.182242566225186,0.18118830721101714,0.1800784698438723,0.17874122393384717,0.1772729399391277,0.17586719824804561,0.1743192727856592,0.17267454235714552,0.1710652981559684,0.16944216067106824,0.16764330065052252,0.16584370120862246,0.1641070110860933,0.16236367889399092,0.1605961290793258,0.1587478669259943,0.15680216314218254,0.1547153213649665,0.15301871561656719,0.15147237489557155,0.14956748822859606,0.14768393626290632,0.14600373952082274,0.14398673543349405,0.14236005910896007,0.14130982213384236,0.13994703600261008,0.13834525770657963,0.13699887294895566,0.13583545587381596,0.13462970582775058,0.13342194292930046,0.13232667259302705,0.13129070548670888,0.13031858922478073,0.129487728397639,0.12860171231410072,0.1275295664857033,0.12683375616148318,0.12647092123396633,0.12591134577636726,0.1254249102973446,0.12504090672215482,0.12457427325012364,0.1241257305007316,0.1238325912983287,0.12358080203777147,0.12337839831257667,0.12301035886423162,0.12270435830227226,0.12251120393322226,0.12223337479281109,0.12180331549271867,0.12154842304968878,0.12139230826222815,0.12123182528187859,0.12109166525135598,0.12099692500572384,0.1209768027024934,0.12090762125794025,0.12086302583423561,0.1207766175562805,0.12061008790805491,0.12055966493515616,0.12056850858140708,0.12053821278158383,0.12061462966372397,0.12054226574016436,0.12020432997871244,0.12020292976085678,0.12043008749274967,0.12044138601535395,0.12056100708077036,0.12059236449531534,0.12025626322462839,0.12023505353296415,0.12058942986424744,0.12064195790025675,0.1204778423593042,0.12057571000228731,0.12079269730403097,0.12081602108266766,0.12081096783264617,0.12099176892439291,0.12116348761247712,0.12121641289830731,0.12128361569854397,0.12159825912610904,0.12183352255629121,0.12192269171711338,0.12196089941590722,0.12206285599543255,0.12232859582208058,0.12247673552155112,0.12267376081871953,0.12318545494647913,0.12348191076119917,0.12349156844642534,0.12372033162430653,0.12417050337269124,0.1244252470589994,0.12448652625407801,0.12480596422982626,0.12527381228219453,0.1255947851534515,0.12600689964939474,0.1263034476163587,0.1263617326216638,0.1266404191761441,0.12705824534767932,0.1273845968162875,0.12774294033434938,0.12807551672951845,0.12828414943518615,0.1286517239530965,0.12918472419305457,0.12957296803468255,0.1299329191216887,0.13033606227277972,0.1306232056251273,0.13103390374417076,0.13171060189546505,0.13212098875651684,0.13235461657912911,0.1326940082831571,0.13294097935809568,0.13322098542921848,0.1335073585191399,0.13394150556052772,0.13458490294005224,0.1349827971386327,0.1352411994349013,0.13570938552885714,0.1362668848163538,0.13657851722906164,0.1368516939656179,0.13726062065350805,0.13742076163226138,0.1376963227388221,0.13810274637092468,0.13888833201433548,0.1392504509548772,0.13935947628125483,0.13982630041041677,0.14038648452136362,0.14078982482414318,0.14126506287146057,0.14181761735686627,0.14234493337840534,0.14263695233019485,0.14292003704258263,0.14338062192135143,0.1436539951221694,0.14398293471524676,0.14468730184502282,0.14502454456612393,0.1448846779633516,0.1452084629387753,0.14580105641224989,0.14618235621969336,0.14655687476691823,0.1469950704382367,0.14744062521518891,0.1477579672004333,0.14808525849511078,0.14842220576667026,0.14859313389416426,0.14887557917325472,0.14924882718958246,0.14967566279509775,0.15017808015736703,0.1505446913789483,0.15092098879993313,0.15131372586096084,0.15165238184984492,0.15189389851918184,0.15201785961411646,0.15241992285251926,0.15299270930295344,0.15324293877263429,0.1535040514573732,0.15383625390429867,0.15382157911301925,0.15405261705266934,0.1547249139936223,0.15510794825265337,0.1552700373345419,0.15552888660652814,0.1558108333619987,0.15605785421305404,0.15622900553071184,0.15653824763361665,0.15696465412659083,0.15725888672406643,0.15752893219570246,0.15786852062426293,0.15819632362331001,0.15846164225151838,0.15871664187710596,0.1590727540125949,0.15951822659014464,0.1597299438040438,0.15981958981836633,0.16010171522313074,0.16032263245083697,0.16048728988777577,0.16074530938098963,0.16111107561623225,0.16151288092029728,0.16173442879258632,0.16194539852942177,0.16228516163211978,0.16261130942792873,0.1627285369568173,0.16268382022099825,0.163019595702787,0.163529786084848,0.16372262568847154,0.1640930345901941,0.16442365055247737,0.16416600149151145,0.16429998598534132,0.16507186944466434,0.16541792421169765,0.16545743349461664,0.16571028017551134,0.16597667621706488,0.1661437418299362,0.1663597433604524,0.16663702073424533,0.16674855518316742,0.16696798859193468,0.16760028648717515,0.16784664043815048,0.16761471677478185,0.1677747242079144,0.16805402423085788,0.16821814462498774,0.1686742763429068,0.16894623190847893,0.16871211403163905,0.16888418021627455,0.16950097501986477,0.1697749239656124,0.1701351383412974,0.17030453305497184,0.1697377434104454,0.16982824740083213,0.17061073126835152,0.1708375535776485,0.17098232596939283,0.17128770191754994,0.17124404902341372,0.17128458506292335,0.17177162126996942,0.1720096824807318,0.1718058293472534,0.171886813968156,0.17218208627590892,0.17236325496845678,0.1726077937772043,0.1728211762443486,0.172988237070467,0.1730663679406377,0.17304422923937035,0.17314781971514814,0.17324321210872848,0.17332459367469544,0.17343895542146712,0.1736077020052396,0.17397494600681754,0.17404175469074706,0.17383187692168595,0.17388642840775625,0.17389340877029905,0.17384477285234817,0.1740235647797973,0.17417188785218035,0.17416453558717127,0.17410808172685957,0.1740967031726433,0.17413900961625806,0.1741826905162225,0.17409413560518688,0.17385987263430894,0.17387406943056907,0.17403718162142073,0.1739604150718426,0.17380813004254267,0.17388466959497167,0.17401104727614158,0.173915322210483,0.17387237833315314,0.17398018765361475,0.17398646784658575,0.17378726259779873,0.17353988664674608,0.173641273235998,0.17369105907801627,0.1737063758888863,0.17435104483936248,0.17439578690973415,0.17364195459726312,0.1734748844861328,0.1735521984727761,0.17342897242573652,0.17330977186973007,0.17338031116204244,0.17350523071838575,0.17348623248818734,0.17368248358558142,0.17367311717743816,0.17319412845603846,0.17313610303081423,0.17344754620742348,0.17342742074918613,0.1732654639265721,0.17324350888260354,0.1731766331419147,0.1731046113994779,0.17319811534690543,0.17318636943135032,0.17304539091315593,0.17289013239897927,0.17269424388114157,0.17260031396920988,0.17249109088903555,0.17234443413533926,0.1723716679858631,0.17221499485613007,0.17168386898966137,0.17159448531967256,0.1718519249040784,0.17174875966913003,0.1716031789137334,0.17163834618360918,0.17152072955817751,0.17135165713872005,0.1715126502915063,0.17137480130214322,0.17078090209938865,0.17095703959821934,0.17079468248722904,0.17037632920219586,0.17025597072513723,0.17008153037705356,0.17001012734217824,0.1699956959831444,0.16967349604025783,0.16944413686274512,0.16940476147128702,0.1691243397933128,0.1689951017271614,0.16889451948900944,0.16857893041370225,0.16874227766664254,0.16904752939091966,0.16874496480379622,0.1681855710930096,0.16799388217819405,0.16809869387396806,0.16815231601205086,0.1680980502218209,0.16772495383748023,0.16751978977067192,0.16776345097082987,0.16766586188786461,0.1672586545779273,0.16697128655508084,0.16645735193807926,0.16621889156425954,0.166297916089054,0.1662015365748339,0.16623339099848197,0.1660702706757732,0.16547168772922163,0.16545820345424914,0.16598397244539795,0.16574654848791032,0.16529135052531274,0.1650256759103787,0.164256287558514,0.1639414436040398,0.16438831121279812,0.16418225614051937,0.16329811896157473,0.16331964599769708,0.16392093428659224,0.16356789239867822,0.1632429269718341,0.16255362691999312,0.16196488560687447,0.1624358782681219,0.16283256193777365,0.16263959230441868,0.1623121599483197,0.1619522781281436,0.16194433856548882,0.16201805519289822,0.16185908957303782,0.1615554888126934,0.1610412701121292,0.16090858542465983,0.16109352230386254,0.16087031065431587,0.16062551885509047,0.16058640564956625,0.16050566745286654,0.16048119091763874,0.16074139929334505,0.16101302032962775,0.16085835242774682,0.16059568652790596,0.1607044073888066,0.16051157292647625,0.1603346924684589,0.1609279123713112,0.1609077160726988,0.16002342293479666,0.16012756644866263,0.1606129912434835,0.16063611124457958,0.16095195968863565,0.16062927074590383,0.1606537614409356,0.1686666758396455,0.16926921513819482,0.16985507797158966,0.17016193973673452,0.1703416402644832,0.17085689752956376,0.1715593320621346,0.17158196836759237,0.17012219022635683,0.17029280997042015,0.17136373889296083,0.17155221249084077,0.17161238263268008,0.17280343337621729,0.17178788818647778,0.1695538946413769,0.16981548141778666,0.17086763349319287,0.17059634283199843,0.17061448132999235,0.170924293193449,0.17125759578141736,0.16917849793173947,0.16920759852183428,0.17151038416143322,0.17165095613964826,0.17075177394080127,0.17072728974794663,0.17054048018053924,0.17038382053742487,0.1705895198590273,0.17066758177808533,0.17060558756234476,0.1703971350635517,0.17023571629482362,0.17089548043000166,0.17058510110708,0.1700299131637959,0.16976337415739537,0.16915404459261071,0.16887951822022695,0.16905986824088998,0.16936253643159302,0.16913762905612137,0.16782551938819903,0.1669699408652519,0.1669522044569308,0.1657740983195494,0.1653687808400059,0.16535447366568584,0.16610721315276186,0.16523383590000623,0.16516651727438436,0.1648703732087656,0.16273977369485212,0.16140014097144276,0.16137205552197637,0.16128766539657313,0.1611504710289385,0.16053404267071272,0.16000402052156742,0.15842194654045297,0.15763230264283085,0.15740693765179706,0.15701144350401655,0.15569876118100587,0.1543208948477253,0.15344935677391455,0.15208290845008635,0.15091838799479512,0.1496955139979999,0.14818311618072025,0.1466053712145183,0.14558567441784132,0.14397567423837482,0.14237221812613285,0.14120009163728864,0.14062649646810663,0.1407765400177321,0.13934814629234682,0.13671648050236004,0.13519694571961444,0.13321475274996972,0.1316293566293015,0.13163827496343536,0.13149211077584683,0.12958322098077865,0.12741613959158404,0.12568942171873718,0.12456647220409399,0.12385542035810908,0.12301657070740603,0.12222828880259294,0.12107609404777961,0.12018269103162538,0.11972993043344494,0.11917478779867331,0.11824260852416896,0.11773594483880911,0.11778310363376521,0.11721436153563779,0.11691924757244528,0.11730311601891966,0.11725717401926934,0.11707165818934098,0.11628751158775509,0.11558543483312378,0.11409973503958573,0.1138090438556171,0.11516186675868151,0.11506427341968943,0.11550819623152801,0.11606279611190524,0.11550819549285539,0.11499908648493234,0.11510608756998278,0.11572868683426239,0.11493444169112703,0.11531573084965228,0.11619190179363204,0.11637634737327539,0.11665279300177207,0.11620877049204434,0.11574835866227173,0.11511264943511822,0.11530319330446268,0.11549472855723597,0.11563606971245691,0.11679187697385683,0.11717113178313476,0.11656850755043935,0.11583439759360374,0.11481040625481369,0.11467388564536571,0.11470756725938067,0.11492244008128912,0.11502807637103755,0.11616322217453898,0.1161529421161204,0.11521832901705735,0.11424098129075282,0.11481150229702358,0.11512693708265517,0.11531541132804493,0.11662198919321078,0.11669683519716091,0.1154966426939391,0.1155950286834345,0.11653318159877304,0.11694303587713675,0.11793578600821988,0.11830694659533263,0.11778959489221277,0.11762698502306491,0.11850217692577855,0.1183640791489343,0.11756724669761544,0.11732872285536047,0.11770754521390593,0.11841778350860521,0.11864720437200908,0.11979938641436472,0.1201189141558093,0.11944679481633938,0.11833051234516533,0.1186033161946593,0.11914284878793409,0.11915084578633073,0.11939884933977929,0.1196406192787825,0.11981422475472317,0.12023355239661596,0.12105828605388202,0.12124625722784937,0.12108727646757846,0.12110777657104083,0.12049293296159772,0.12098347543407394,0.12107411733908238,0.12124878296955639,0.12134275363324039,0.12061324579258653,0.12061551109621166,0.12089754306225114,0.12131562854054381,0.12225630287404302,0.1227444767509935,0.12361137203108352,0.12366994891691294,0.12265840614072443,0.12233240956201297,0.1221817371846017,0.12171703272925774,0.12273080177128186,0.1231022232010368,0.12348518131149128,0.12386062753171347,0.12445308508368608,0.12520801997223147,0.12570130621949663,0.12626483271608402,0.1264378796231219,0.12645894108726946,0.12584011955620664,0.1250239739039032,0.12459368878956438,0.12458782013925986,0.1255493781006222,0.12543485685601038,0.12468259324091846,0.12531354357264327,0.12672690278970786,0.12676105592556028,0.1264082511626165,0.12756152044881236,0.12924074521617404,0.1292568270275598,0.1290073337894858,0.1304765345204435,0.1305645791371002,0.12899966537417001,0.1285829371349049,0.1296685903909523,0.13018108360837236,0.13022611350683938,0.13000963653025482,0.12963268941833378,0.1300394892666618,0.13068271988004027,0.13064031649920368,0.1311170057880405,0.13150393740087335,0.13101359699541193,0.13053716133787577,0.130889647475059,0.13265442323713555,0.1334058054917007,0.13417870932036888,0.13421009482366394,0.1330398260636044,0.13340629453673442,0.13451955911877586,0.13478437084558223,0.13587823040956865,0.13632493459881334,0.13552341696686449,0.13444090671084652,0.13539674483896305,0.13575073529963544,0.1356903737139791,0.13558730562684967,0.13555265929905913,0.13465945321703382,0.13465583073336684,0.13592643432285825,0.13586453755664318,0.1342513879262451,0.13465205638603667,0.13673284863632437,0.13694583318636097,0.13721921108733498,0.13719947860931558,0.13789003613256803,0.13735717090345498,0.13752906113801347,0.13944961588883045,0.14004244761615228,0.13939271028523603,0.13905153932791944,0.13884145230538295,0.13878954198939392,0.1377165729106684,0.13782572814567765,0.14012472194713613,0.14065998433485022,0.14093549515021045,0.1400500080909409,0.14035844424578472,0.1403022330450047,0.13988959473967028,0.14002265672394015,0.1401100489333131,0.13924875990635643,0.13876497508203656,0.13908781305416595,0.1393101257321999,0.1387819260159518,0.13882539934136098,0.13986699969632205,0.1404646903300842,0.14129804835072002,0.1413749477598282,0.1404604415548807,0.14020516185056595,0.14055017952832224,0.14058529449211465,0.1412252934736412,0.1437351267416511,0.14431403519170724,0.14370327240983347,0.14374170352802715,0.14369546335091654,0.14331830053708705,0.14267488352177238,0.14237356918143043,0.1417020720178013,0.14139549531424367,0.14113805966022547,0.1419203195595922,0.14356073328254151,0.14314645774866294,0.1429719387044551,0.14256114208314774,0.14254431538246753,0.14174306539512077,0.1418778444959606,0.14328316056653584,0.14352294785231134,0.14303249800582427,0.1433887203515885,0.14445536780618798,0.14431037646880454,0.14329014093819023,0.14337247037944265,0.14348827108825285,0.1431302649319211,0.1433667719870397,0.14376173213422844,0.14408892267773996,0.14330410348004471,0.14383058549545166,0.14624193669650906,0.14628861201020027,0.14501775845217715,0.14470828342113948,0.143796684439241,0.143237583234653,0.14311104702413116,0.14329293654539343,0.14363773334082455,0.14373903520005663,0.14448904330586565,0.144915763091819,0.14547366666794134,0.14435942782946568,0.1439604021487549,0.14474696285959399,0.14487149654936507,0.14495178247375784,0.14488768788743778,0.14475852944555867,0.14467657414033303,0.1440488345600313,0.1442237684282505,0.14518841288412676,0.1454581372700789,0.14616962662720545,0.1462511213080219,0.14486380145491679,0.14486721639227557,0.14567501192222237,0.14588165926764843,0.14675079043348999,0.14721192753938123,0.1472362959216456,0.14673356387045597,0.1461013985714566,0.1450868094868223,0.1450649828580854,0.1453391679104338,0.14495356739115436,0.145112132503477,0.14473389922451255,0.1424921330653522,0.14252862077768305,0.14466695388994563,0.1450278362689024,0.1451008859405344,0.14556322023087107,0.14566529296014585,0.1455914260652337,0.14608154323326222,0.1461726551736734,0.1444567747931936,0.14419509149731644,0.14469925597135358,0.14643963393119977,0.1465255891413482,0.1467474588715866,0.1466448589146123,0.1456404358352964,0.1444344923623761,0.14259211349167977,0.14253276871124373,0.14308714103275708,0.14267862623091687,0.1431469787593792,0.1434506800149826,0.14211799146684462,0.14194388502005367,0.1439073621202644,0.14439076580478644,0.14414925222416938,0.14362171418141673,0.14167578447135834,0.1411300163244899,0.14175648183661865,0.14132810700076648,0.14070518604388368,0.140698303548103,0.14095438738333257,0.13996662759341946,0.1396484921226224,0.14080250867706723,0.14010884460549683,0.1371646436790874,0.13713314190263529,0.13871925302325797,0.13867469755344233,0.13941056631527973,0.13934433227867002,0.1371770531799918,0.1364155052837047,0.13715021992509438,0.13654118770735255,0.13464016448070001,0.13433444432141897,0.13454972522928257,0.13449822264301148,0.1360051983069788,0.13603761846027976,0.13388508165405652,0.13334828499151546,0.13360429210346322,0.13361297596793403,0.1329901071773072,0.13211687258782878,0.13237460932721826,0.13320949801132084,0.13262614463431552,0.1328306125508592,0.13261840308563735,0.13016205971484443,0.12968199598524416,0.1309581790762435,0.1313895235791464,0.13231422908525572,0.13187952698996155,0.13023345204779646,0.13018377076307552,0.1299807688234345,0.12941486888422388,0.1301763967272071,0.13025330152770018,0.1290752128233666,0.12842355729533453,0.12821356256605193,0.12775287532847715,0.12723275328241943,0.1265271437887218,0.12497325628092802,0.12487366145494246,0.12671384348362735,0.12610790372024044,0.12442038767325365,0.12426459879668372,0.1239525523334378,0.12491213647439407,0.12766687372737,0.12853905365406845,0.12721622724274032,0.126443869796721,0.12660920190336014,0.12760958644631618,0.12737218552778018,0.1277033995425435,0.1272307864753714,0.12440810747186096,0.12382056677431041,0.12497104203825934,0.12488012041780334,0.12539573185836378,0.12499600406682607,0.12258104988651528,0.12256523909766955,0.12350887946468382,0.12362881285618121,0.12508332727535104,0.12574771537160576,0.12554561953529259,0.12512086299019623,0.1244240177480151,0.12428047115122766,0.12373556012758792,0.12306877020720469,0.12303819285582675,0.12299484848125657,0.12247522678055395,0.12174907115447275,0.1211250697859113,0.12109287163181202,0.11971043660861022,0.11920998709850393,0.12178762547736706,0.12373644151853645,0.12323799479716417,0.12408626147110388,0.12511364293379693,0.12216135787370924,0.11961600211332821,0.11978451046878733,0.1199780263724786,0.11947857256543919,0.11951631796311338,0.11972212157701036,0.1203809406815061,0.11969423270296373,0.11952335721634613,0.12115776039333866,0.12228618131320443,0.1215817480567097,0.12145337716554823,0.12362849033373002,0.12337325021046885,0.12053505701560573,0.11981107582701499,0.11951646515825211,0.11928813322075658,0.11980834338395592,0.11976244158250005,0.11917035438250871,0.11925638287718608,0.12107537096740155,0.1197676074285819,0.11436093373917194,0.11526352928160312,0.11970204269656648,0.1190336248608266,0.11953305203577563,0.12079963276243115,0.11747414833446891,0.11571161632554332,0.1179247020563095,0.11938505448596574,0.11964566764899187,0.11883188544997543,0.11779250847306955,0.1180898739301567,0.11733163177778835,0.1162687654193465,0.117916249138803,0.11837755438704177,0.11724535994440985,0.11464708693708466,0.11233963063508311,0.11312888557223162,0.116691436749557,0.11628932370472632,0.1154173546636499,0.11674904597000504,0.11646364545804444,0.11497351951743405,0.11679733209320119,0.11903956935744066,0.11742006782664813,0.1178448503816427,0.11816380018560227,0.11331869908716707,0.11153122159289058,0.11415445272151999,0.11345137101899486,0.11548511819926083,0.1200898367312273,0.11904030871973302,0.11730312125002215,0.11552147266704549,0.11274048939456763,0.11087364688527694,0.10999402181844928,0.11457590522030399,0.12017194532847192,0.11821365992453586,0.11345674650877208,0.11427163015791772,0.11623649199843082,0.11223659408242662,0.1108241630545295,0.11434871493642165,0.11404327091243092,0.1118138557943078,0.11193455296407881,0.11194620899218664,0.10812436239235888,0.10937946895132221,0.11668389251472132,0.11611479270788597,0.11727821942640436,0.12138841448884133,0.11858260864482893,0.11954098166496743,0.12238645013378556,0.12001909618919189,0.1186776779134816,0.11969111377228552,0.11928467707012431,0.11871965025054498,0.1177693287717578,0.11629687543682443,0.11769878524127397,0.11727882328188947,0.11392264805506197,0.11272212552388441,0.10812842753539302,0.1010121993043861,0.10593601734507231,0.11502574160774597,0.11290331171573824,0.11485601566540836,0.11670473948755554,0.10520762926148465,0.10284695134804633,0.10770547364363117,0.10405628653664006,0.10736449802483794,0.11584032755560494,0.1125499162941967,0.11054550256325275,0.11527228104743123,0.11170182965904936,0.1088373456874056,0.11595462896695552,0.1175607798064149,0.1172250761456277,0.12255789991322975,0.11956078591665038,0.11393358309596052,0.11713803623002086,0.1237692020414304,0.12892407795548957,0.12801963517381634,0.12024788549676786,0.11403094006089193,0.11226111500851145,0.10844619431188157,0.10513608498760597,0.10457044037919191,0.1067551774985843,0.11339745772788948,0.12159153584651909,0.12373063133083617,0.11416371812229552,0.11079238668020576,0.11473502418623287,0.11234274098172349,0.10842355559602115,0.10452115215029198,0.10593512335326818,0.10324208023415034,0.09903444231510893,0.10749988457172581,0.10645930820557717,0.10225694155952388,0.10760276823279459,0.09866545159184216,0.09013275279058676,0.08984981159908065,0.09535860291522719,0.09718991210234734,0.0973973182113711,0.09888779518678815,0.10202982983229535,0.10795701099881318,0.11878084677900054,0.12292966683930692,0.12481817563254251,0.12263952925342818,0.11080618839646814,0.10596120059305127,0.10606956074775657,0.11504310769801379,0.11569911572066122,0.12512689894550638,0.12036925788875892,0.10552234330467535,0.12005497526606429,0.13315769430013427,0.13432630115598929,0.14652688825787874,0.1374857198061055,0.11667671497330209,0.1117468736723899,0.11140763368529422,0.1116018980228079,0.11563516177590863,0.1329007321336951,0.1345361616574524,0.11690379420528699,0.11110336882189176,0.11611979872020191,0.11654904763123641
33_3_PETCA_1_T_2_00000,0.16712256506733097,0.08485509825197202,0.16473818007433272,0.2200383752620413,0.1916464795608401,0.12962005201172336,0.061940342119872045,0.04528819981166121,0.10114796682100269,0.10885270051158336,0.09901927684417286,0.11153053192965735,0.12599260042956664,0.12396568824156683,0.10506948377950555,0.08909170810932818,0.11093203448849086,0.14265044648685327,0.11651391233341957,0.13891249576438064,0.1517508359205578,0.08456696140187485,0.12143942266450622,0.14343169927270552,0.09231909369326585,0.08258940554071471,0.11185775829508154,0.14713304379508804,0.1305626965698301,0.11892051615827855,0.12425320401678283,0.14076819796004827,0.13106985173167068,0.11313895809666505,0.1104884266623264,0.1329623000158583,0.12505250779535107,0.09163506518229855,0.12342020926502467,0.11993483347590395,0.09613807842344921,0.110589436651326,0.11280264346045216,0.1104964860700012,0.11584799971858666,0.1267331051144191,0.11547225139511727,0.08764356961117481,0.1041588682188807,0.11736045421600258,0.11774721820806595,0.11444702513995716,0.10941006324797149,0.10581126434454524,0.10548991708126121,0.1018136647801455,0.09615150828155095,0.09163755179303787,0.09342067291565953,0.09975599504024799,0.10608216561565108,0.10500324806396208,0.10094690570219525,0.10061048641838855,0.10898518174425315,0.10298342020179878,0.09342038608802984,0.09194683572004496,0.09660066946326486,0.10711488610058761,0.11732779912089321,0.109746380181518,0.10705335999881944,0.10988485794777587,0.10768071363171526,0.10499616734899148,0.10539113651700165,0.11009857321189749,0.1072393088386675,0.10135668213725282,0.09758679221278672,0.09998510902076783,0.10180508463892553,0.10212341558745137,0.10590395769432037,0.10899251019334887,0.11063068883536344,0.11105397466408676,0.10676381156709117,0.10523976855591537,0.11106522408446846,0.10987968254335966,0.10700642068627277,0.1067910753790847,0.11229460318522637,0.1112005885604085,0.10488745149555317,0.10461977242098996,0.10407467992921028,0.10380963984757365,0.10585940525801092,0.11017528590703457,0.11144263597183761,0.10796791900383079,0.11048285032427954,0.11292022067701675,0.11337982918977757,0.11581379242116528,0.11394905352392741,0.11118925175580352,0.11526769121295798,0.1137034075198248,0.1116888599617391,0.11549836031139465,0.11526986494635648,0.1143799059066986,0.11475577464368565,0.11266250329163097,0.11183080262520019,0.11262405448730328,0.11240411409773188,0.11067852585413458,0.10968779470356214,0.11214502467871616,0.11122703040380735,0.11014522934517956,0.11187463817699721,0.11208747663077927,0.110940568070179,0.10948880575126811,0.1105849215755049,0.1094537450607843,0.10856117327989004,0.1154229474177501,0.11652302065520058,0.1133084145309004,0.11133270999297475,0.11115046273974886,0.111006893019802,0.10975270240265211,0.1088610575565642,0.10919601027891307,0.11045138565972226,0.11064421966738756,0.11088734785771391,0.11146629737871143,0.11235812397875085,0.11358938225800183,0.11441688644681909,0.11438575641092666,0.11591871101731914,0.11620564060486521,0.1146801010349843,0.1175988933419019,0.11840039082377216,0.11660533704908319,0.1178509076333122,0.12115813426226495,0.12356699721264697,0.121612635705387,0.12302610218976283,0.12558422654706974,0.12649292763009418,0.12919235020344064,0.13196130269665768,0.13381093246368897,0.13541962143606545,0.1369788549204242,0.13908821301718677,0.1428028212150271,0.14482130542359975,0.14611504412636697,0.1487177537880272,0.14890668959037562,0.1504149848086554,0.15541668239264314,0.15657592715343402,0.15744994981737265,0.1598546980601689,0.16266262767461467,0.16460109135128032,0.16540999516364813,0.16556096741697682,0.16581836742922237,0.16675530219780244,0.16853914305309498,0.16909602069740184,0.16921791074861334,0.1698429718433619,0.1714579334241036,0.17243950178382147,0.17236821347457126,0.1723963942377066,0.17248894412022497,0.17314281843038423,0.1750257897860446,0.17539520276129134,0.17497246880433928,0.17517399126051889,0.17584708295726287,0.17608045763946054,0.17546948677130036,0.17494496186278394,0.1749147831852156,0.17530687532168263,0.17552421411057872,0.1748172757064398,0.17379069192530736,0.1737016735407638,0.17377903859420618,0.1735382281878051,0.17272196976537948,0.17190871841519953,0.17135676738991676,0.1709048301355844,0.1693587019224062,0.1682818961614708,0.16781909059505057,0.16680067285786807,0.16564516410867014,0.16469620409391317,0.16420655171049753,0.16290453106073574,0.16128820437121885,0.16005481324148368,0.1593433556343179,0.15837419638314798,0.1569806861301282,0.1562371325656242,0.15548816298145993,0.1546625219554107,0.15408098579897855,0.15323157740522264,0.15222396258831586,0.15140951495677904,0.15143008265033178,0.15128898917179393,0.15026114810338875,0.14917254088097798,0.1486272369902298,0.14855937966123464,0.14776447792749353,0.14753110984786671,0.14777264153958694,0.1476402411147154,0.14708382938842016,0.14633236083332415,0.14570385315033543,0.1452672343102883,0.14497900194621502,0.14473366781606428,0.1442037109227691,0.14426826108946997,0.1447500878836957,0.14405769438965563,0.1432569010619205,0.14270478736332395,0.14242962404543105,0.14101632827256438,0.14039356954241636,0.14221263170583445,0.14253054851983935,0.14239328020829362,0.14270466022990774,0.14332254498207986,0.1432238956378266,0.14235593568747565,0.14166114398000032,0.1398726175401149,0.13750434257747426,0.13571609510155622,0.1350326807977258,0.1344340223531848,0.13305854866406258,0.13123093475224232,0.13081545403677103,0.13179589139043613,0.13077885115285276,0.13028837048176634,0.13052151300935413,0.13035214533243258,0.13055429608019883,0.1311592444882933,0.13197540151274786,0.13295140847404852,0.13318413880386035,0.13240477994486918,0.13224066061490014,0.13194800164270165,0.1312162106005011,0.13015505603030983,0.12921832792293564,0.12807880267508914,0.12618699463411706,0.125564645500734,0.125077852804357,0.1235458977943616,0.12235981885013551,0.12157446333077997,0.1210846072695432,0.1206738339801845,0.11999171976964428,0.119133061703041,0.11857759078033574,0.11787816945500422,0.11708818222452874,0.11640583446785635,0.11587077074882196,0.11557455514309904,0.11531900265153132,0.11387209284949981,0.11277079035834592,0.11225738888714601,0.1106832106671194,0.10966625522287456,0.10899442064061511,0.10765636455437462,0.10710636546296604,0.10663845522766956,0.10551931878739458,0.10531438837610879,0.10526199009932988,0.10493931200445612,0.10497412972806006,0.10471296475600035,0.1043376961642522,0.10472677762177034,0.10506392317764753,0.10530878829291984,0.10564977280579145,0.10610072208327076,0.10649452811298485,0.10683328719589838,0.10773434448529705,0.10868240530799637,0.10966936745028101,0.11134926759966715,0.11356693137247686,0.11630564837331706,0.11954723002550385,0.1228717394080385,0.12664282473479552,0.13110628661297405,0.13524698337975213,0.1398332709227973,0.14513290153789685,0.15038996460081094,0.15564607541001868,0.16100769099282555,0.1666626403329683,0.17274820780790573,0.17856859440682632,0.18340179694038333,0.18811483349519306,0.1929804356942567,0.19801083993520874,0.20270812058231585,0.20717866717245131,0.21145318911454783,0.21549142052086667,0.21922724975587735,0.2229952055683717,0.22717122810368323,0.2309310415937115,0.23421669006322526,0.23723421103475986,0.2407052269714543,0.24383278432963743,0.24640227678807258,0.24901567539002176,0.2518713027197568,0.2545838009999921,0.25653601299757745,0.25892330516576045,0.2613034078124675,0.2631622730910178,0.26510989914576333,0.26676790714537435,0.2680916096025284,0.2696829568222153,0.27132791772093334,0.27286184460166857,0.2741003033572482,0.27497628603769175,0.2760401470799756,0.2776434913048369,0.2782211789436926,0.27899210744396813,0.2803813553141142,0.28071431668184554,0.2814659505209142,0.28257452163300184,0.2829035891315227,0.2831917217160407,0.2835385133318998,0.28390109630365196,0.2843896847436213,0.28472855892247984,0.28490677068428555,0.2856984858475715,0.28604535486687266,0.28594612921164564,0.28628380100202006,0.28625358375996024,0.2864064357675793,0.2873749206595013,0.2873818809237538,0.28708565394438873,0.28709710381466674,0.28736113781975675,0.28710116890218423,0.2866137538687644,0.2872265147290798,0.2876821928076265,0.28770214943347105,0.28741519874281807,0.28765711239610753,0.2877832898916061,0.28750452131626225,0.2879203999909685,0.2881484870901255,0.28806971875521675,0.288241911992806,0.2882535632624168,0.2881586919427852,0.2881403301955645,0.28821929690962,0.28836559741240486,0.2884802035762985,0.2882913061049329,0.28800917824586153,0.2878856524716059,0.2882362264227828,0.2884814661275797,0.28848523184414737,0.2883015969084394,0.28820995166188684,0.28836794591790915,0.2886916576957016,0.2885561478044064,0.28846505274222006,0.28850106039183926,0.2884506393240005,0.2883458017321844,0.2884025722762619,0.2887176762422889,0.2884150617339064,0.28809334440912887,0.2881135289274607,0.2882283998141628,0.28815286293529485,0.2879430237961185,0.2878931887614477,0.2881402913868804,0.2882591559964327,0.2878821562548034,0.2873815734313153,0.2875592517710444,0.28837127366736925,0.2883931113501593,0.28820813350888524,0.28796291610398445,0.2877017506107142,0.2878804860020622,0.2881803565108908,0.2881916142512736,0.28761947776338803,0.2871520235402376,0.2871341054308637,0.2875452827912149,0.2877874191445567,0.28767080321345967,0.28723607670377604,0.28685354609769814,0.2868444449300468,0.2872803426069134,0.28780958589710715,0.28760928560171867,0.2869007141570698,0.2867455030895814,0.2869025521017262,0.2872830877126377,0.28771137711545414,0.2875925474882353,0.2874509623896742,0.2874724654398597,0.2871435207177089,0.2872868688647205,0.28768825253995683,0.2876931918311153,0.2877147244213498,0.2879014133956281,0.28818256484237104,0.2879190870000149,0.2876320848046114,0.28746876566544427,0.2872232347459671,0.28716687382957423,0.2872784339380169,0.28742296950525825,0.28737890400702737,0.287310460689183,0.287332394679218,0.28744171374871064,0.2874398065325649,0.2874984095566592,0.287922618284718,0.2880586890877972,0.28805622257754965,0.28811739915276774,0.28822030024701994,0.28799938215454923,0.28755608775838265,0.2874387853930737,0.28789077093006565,0.2884576632154272,0.2885546796431112,0.288082918774139,0.28786192121057996,0.2881750585735227,0.2884228230900726,0.2884138024387507,0.28823318948368043,0.28814845060180994,0.28845747651566717,0.2890702155822164,0.2895983694858866,0.28893210423205273,0.28851354315560757,0.28871303826732425,0.2891439092418116,0.2890844193925811,0.2889229156164768,0.289023517906837,0.288612920615255,0.2886899986704233,0.2893378590385868,0.2896353283194886,0.2891158655853849,0.2887945901673363,0.28959614045488896,0.2892003647102503,0.2888660235758368,0.28915566970604634,0.28926585853815834,0.28910330442145166,0.28912553226569265,0.2897923293440223,0.2894068455431882,0.28878160914281376,0.2886256331177516,0.288994574683603,0.2888191401046403,0.2883935715454391,0.2886891769473861,0.2891739918214774,0.2893975304171885,0.2892821449730246,0.289738324341489,0.2900507053380189,0.29015184578073616,0.2903567331167939,0.2897978434947928,0.2887664386884215,0.2879542037950473,0.28864771868639677,0.28902575545257203,0.28884803766851597,0.2892133723473634,0.28880239606440605,0.2885422893055475,0.28916696971638317,0.2885783540492673,0.2888021905523928,0.2898650991975341,0.28973866335259024,0.2894226043283526,0.28896172485779403,0.288345934375835,0.28822004571825777,0.2880315714721367,0.2877325227942713,0.28786750672875605,0.2882752424704356,0.2885991510206833,0.2885614583865696,0.28852905333325984,0.2884527777310112,0.2882243482048612,0.2876842313234222,0.2875670504893925,0.2879408264360911,0.28852058172212874,0.28851103472245365,0.28819463093304415,0.28793142815996203,0.288112195955172,0.28830419134054563,0.28807263100033514,0.2873400802945347,0.2874937436421183,0.28792468887246025,0.28801509140942616,0.28723678847361306,0.28755262063508835,0.2874177411357659,0.2854492655962959,0.28442446045400255,0.2841947403477208,0.28438722017580287,0.2844827145858875,0.2856536813780474,0.28636556724200785,0.2855153532752482,0.28548947684483555,0.2855073870980454,0.2854003927829537,0.285441717652072,0.2851803304239834,0.2851020480800096,0.2856125767473694,0.28656839978766163,0.2866843330855099,0.28618110809090025,0.28612986689641107,0.2855577154112225,0.2850334421223571,0.28500980448596486,0.2852848667919198,0.28561482598938065,0.2859749486191457,0.28633270477773165,0.2855092023066345,0.28643532369756697,0.2888640983106324,0.28690961557591343,0.28641205020834665,0.2866095338019944,0.2853779205875127,0.2850061518780391,0.2857528719005708,0.28663175526977813,0.2855723043915414,0.2877862710148036,0.2900892832157023,0.2892014782483575,0.2881189289875214,0.2884977263940808,0.28922857047809214,0.2876258811839556,0.28732083717314216,0.2695394191621488,0.2700879550258592,0.2727235186380858,0.27355510579556647,0.27384825501148496,0.27319935714012794,0.27264700773693445,0.2726833576895036,0.2720263623905813,0.27262645124348245,0.273806000871076,0.27323420749581095,0.27360232394720263,0.2733206364504852,0.2722363575259938,0.27306282915763447,0.27320421080556745,0.2731873264795816,0.2733287173957362,0.27433880664690885,0.273674851235615,0.27359806629787387,0.2743013933552892,0.27422434413297386,0.2748745770408739,0.27546351504403255,0.27585985854996486,0.27604340146313705,0.2756849998013419,0.27596239048261884,0.27688947566010824,0.27660782730526856,0.2759297108679793,0.27586743810282643,0.27491282568505465,0.27483853429047994,0.27588872242102697,0.27585986781091715,0.27626594285886946,0.2763404060096804,0.2759127897212951,0.2767239241491704,0.27733694587868574,0.27742455026365603,0.2772478691537648,0.2770904380373307,0.2767489514387688,0.27633346621998056,0.2756741681877475,0.2759267396720494,0.2764218914390367,0.2767136798979778,0.2773621683567999,0.2772970956972328,0.27704079585005204,0.2770752025300324,0.2768793908323832,0.2766199840746064,0.2763020950286767,0.276164307232394,0.2761392157418836,0.2761605928263352,0.27661160475909075,0.27710413736225964,0.27708367560889186,0.2772036450594398,0.27679908094055017,0.276297951593036,0.276549161240333,0.27584668280146674,0.275905603481999,0.2772178545961314,0.27695898768153543,0.2768364492979321,0.27723185260071104,0.27719620474019707,0.2763283975130886,0.2762980226229506,0.2768829371084231,0.27691637487349063,0.2767057764280685,0.27705342196581917,0.27747172467581954,0.2770022178108372,0.27685445106518547,0.2767804970916171,0.27581000774972547,0.2757967986345556,0.2764860837008237,0.2761702929453395,0.2762670669232764,0.2770941762320695,0.2771708620091605,0.2766514790832057,0.2766353663299307,0.27681017701582816,0.2764609466453377,0.27642211546325274,0.27673618226210456,0.27678689583168464,0.2763678913373858,0.2765549822913764,0.27732640039906153,0.2770682806646071,0.2765710478943513,0.2765080953931186,0.2759722525642264,0.27582467559928164,0.27621889766708935,0.27697695000201994,0.27632548019682396,0.27565915723968837,0.27534786568419684,0.27495570584331097,0.27568455240086337,0.2763839225096136,0.27601392860542845,0.27627043530026424,0.2761402736948313,0.2748169054416084,0.27442687973623214,0.27452258658473006,0.27438340279994433,0.27461157908581396,0.2748229470745017,0.2754052089694318,0.2746089442785637,0.27376868001214893,0.27301354956529655,0.2726875936094261,0.2727684564924365,0.2726448979288381,0.2727484208292904,0.2724006539725934,0.27156621140401976,0.2711981095849088,0.27114682488740066,0.27093699721780046,0.2708539678780827,0.27031581335453553,0.2694375257901097,0.2687556684832251,0.2678545724393701,0.26694565140547244,0.26665356492836956,0.2665664579085282,0.2657543558252347,0.2650133712134747,0.2644699949656125,0.2636095818522149,0.2630751025216628,0.2631191828017885,0.26261416248476066,0.26198869987639917,0.2617604108111881,0.26175523089281266,0.26150153840816176,0.261557644632927,0.2613119196779433,0.2604286790511972,0.2602440612762722,0.2604548013398184,0.2604502640833543,0.2605141030795299,0.2606014896767281,0.25986358514826724,0.25919330701653515,0.25938450490746245,0.25922872745452236,0.25918729018559117,0.25971274750862927,0.2596532739164103,0.2589209949465364,0.25881317509284074,0.2589618954760501,0.25884353832342294,0.2588751289866162,0.2589271464477523,0.2590388000356495,0.2585460556583684,0.2582672821353747,0.25826990401251576,0.2581452445551296,0.2580272444714081,0.2583154377102042,0.2583111491008533,0.25788437922310264,0.2582263949133453,0.2583033083477959,0.2583184164918222,0.2582222014813349,0.2580089794945027,0.2580299418190851,0.2582671391860677,0.2582865358333215,0.25836280815956203,0.25829643089804244,0.25777149627795193,0.25764874925916215,0.2581059999873704,0.25814196258641864,0.2577123397281544,0.2576518552405334,0.2578258652593104,0.2579445244946716,0.25811385470500153,0.25820896303002605,0.2583505121141932,0.257986676172959,0.2580658154275262,0.25891970241785894,0.25895161994269256,0.2580755416474862,0.2581654712465766,0.2588022627147536,0.2588819559737954,0.259102313864595,0.25940140747625956,0.2595516155238654,0.2590893076654974,0.2592803363769782,0.2599635646543945,0.2599245336513389,0.259732562199467,0.25984486038340165,0.2599384283599241,0.2599959898348382,0.2601575858898859,0.2602434171106613,0.2602647625369284,0.260219210051882,0.26001293689426286,0.2601325587139645,0.26046746849262614,0.2604887007166014,0.26049140634978013,0.2606751298321191,0.26088245354330236,0.26072108064614974,0.2609879164524193,0.2613066184591267,0.2609533239038003,0.26082600221025126,0.26103142146077674,0.26073798520879177,0.2608700840491259,0.2615049091413024,0.2615827448013608,0.26126714890438046,0.2614375913880986,0.2617380915805805,0.26173576692476624,0.2619782286561834,0.26207231457700914,0.2616555593951666,0.2614672647880409,0.26145789292046606,0.26147525930930554,0.2614904691073123,0.2614951060030642,0.26147792598277547,0.261673249120736,0.2621223565655729,0.26230187093178525,0.261876872112994,0.2615417707510968,0.26161289622501804,0.26160359155778956,0.26148005542478214,0.26182209367122944,0.2619664438143619,0.26153468303767435,0.26148959597037075,0.26211798087546756,0.26214396986881555,0.2615730212390926,0.2614818744073031,0.26155662624290643,0.26151809357198386,0.26164962942873554,0.2616910898533286,0.26158561487299575,0.2614860757287915,0.2613142191223703,0.2613164265131363,0.2614366190925876,0.2612119258318691,0.261076691510201,0.26100765476307647,0.2608667723518588,0.260565035358569,0.26044039901521765,0.26050785584594727,0.2602725163415319,0.2598293695621109,0.25961774729201215,0.2593276158570451,0.259153880458843,0.2593436754534316,0.2592123765040736,0.2587470609123597,0.25859329671747877,0.2587180619253592,0.25844114639457416,0.25783861264246954,0.2576754705340759,0.2576307927079072,0.2574113481988499,0.25719828172159,0.25702469935980166,0.25673591912987476,0.25579695349150827,0.2556108967652182,0.25629308996177536,0.25578292794530993,0.25453887099718064,0.25419937033480006,0.2538989028972646,0.25332827381221285,0.25317376111771794,0.2529376485310223,0.25230751748676583,0.251627189969168,0.2511075946718125,0.25075436829131686,0.25031047323850797,0.24962261528070642,0.2489418807969605,0.2485525579892228,0.24814214514138747,0.24748188120522413,0.2468683003872348,0.2466230095179068,0.2460703415804093,0.24515156808356214,0.244502485873905,0.2442044779748005,0.2436525975966591,0.24287801049226512,0.24224161526808025,0.241796441030989,0.24108535108549423,0.2399645424956139,0.23947505463723845,0.23943012639563535,0.23885883323519852,0.23831228914211772,0.2378155244203911,0.23703174648904585,0.23625128051023958,0.23542433214457326,0.23498389678337803,0.2347314296651925,0.23421478943083643,0.23394322214373547,0.23362997559266638,0.23305752301417954,0.23238008355495637,0.23172437606051108,0.2311817966303947,0.23059664315169034,0.2297719061840632,0.22910784105711224,0.2287389295743507,0.22798437306303207,0.2268853029263811,0.22617022876139062,0.225650153978126,0.22480442786451535,0.2240401858360414,0.2230436706151726,0.22170583666619795,0.22046918098445029,0.2192975409206288,0.21794846422745962,0.21640892159894928,0.21492709069206495,0.21357468308433336,0.21184748978362647,0.2098273728190258,0.20794102421571542,0.20606503914373783,0.20384894695089298,0.20144170801007816,0.1991814392744498,0.1967333466019008,0.19420160284970042,0.19178904729838225,0.18937409760748014,0.18685372697093644,0.18419358939905656,0.1814651280804538,0.17870349144782016,0.17613918944530746,0.17348733977309333,0.17084075324257428,0.1684213029190591,0.1658906462212924,0.16303613037643955,0.16059198430172678,0.15835760033933818,0.1562521390380519,0.15434185931493874,0.15240785876774726,0.1506460614661122,0.14883676422193876,0.14687113176746566,0.14520294554615817,0.1437294189766619,0.1422754062721177,0.14092002399000061,0.1396980590692443,0.13853251396072325,0.13748668985702137,0.13672764194217443,0.13583804279558728,0.13480504753098074,0.13400799121119825,0.13335053530096797,0.13266275766381733,0.13211907920897523,0.13158840550168757,0.13100020563207554,0.1304435050975961,0.12996346274830436,0.12956900310803962,0.12923581765715114,0.12900530789144865,0.1286111644795513,0.12813037524125223,0.1279399840499713,0.12783946871312066,0.12757489895782648,0.12743984907839886,0.1273165675705314,0.12699858880586865,0.1267883953985556,0.12679945895166367,0.12672302229307872,0.12652748292977495,0.12636780711244716,0.1263140384207166,0.12620072441359576,0.12589846998264634,0.12581868490684395,0.1259165946541598,0.1259399427357566,0.12602004135660871,0.1260902874290014,0.12611654906484576,0.12618066738884767,0.12632655007164706,0.12640670183053945,0.12643713622777267,0.1264983637693813,0.1265347167411794,0.12659643239014853,0.12660539092263942,0.1267560958650653,0.12721658417069082,0.12735024120176316,0.12716730836468762,0.12725672837739635,0.12758263641763892,0.12790365163654838,0.1281262963384229,0.1286628983378807,0.12907313871606987,0.1291706680281341,0.12946012945808746,0.1300604197935898,0.13045375573676626,0.13057252419437612,0.13095502268390458,0.13159167145038758,0.1319862902141596,0.13218044443952937,0.13270466218481802,0.13342591523226716,0.13387441996689664,0.13432600147567925,0.13488516857337388,0.1353095471520797,0.1357470600867894,0.13637674833606533,0.1369383295925568,0.13728059047914248,0.13777459647195803,0.13846664762024477,0.139078687208531,0.13967677265032077,0.14020726529589211,0.1405821384329403,0.14123395217259765,0.14218351402728371,0.14272957653949755,0.1431706473456883,0.14373196135826463,0.143913683862686,0.14438519054327947,0.1453681654150474,0.1460448489486322,0.14652107450084445,0.14710371373026906,0.1476130658058975,0.14819934485888991,0.14897410089176133,0.14960676614691487,0.1501487315596978,0.150730025147719,0.15121592724997945,0.1517748782744816,0.1524300197622866,0.15306351867093437,0.15370304325301892,0.15439500595751363,0.15494000239880737,0.15538307261363318,0.15598737959875203,0.15661022061474547,0.15713210366116914,0.1576881751663969,0.1583011487578994,0.15879681161912407,0.15941956313882127,0.1602722412975073,0.16088918386522214,0.16136692604108166,0.16193444787938086,0.1624785907954855,0.16305669565156394,0.1637547519418405,0.16419306450489696,0.16440949238487593,0.16494069287462956,0.16549578657079977,0.1659991875273342,0.1667575480094759,0.1672648685288581,0.16742657822056928,0.1679112213242967,0.16857997031812186,0.1691078227969243,0.16959206279807026,0.170241438052378,0.1710688566120469,0.1715347238678544,0.17183962768810185,0.1723968433871853,0.1729182665147025,0.17324406929090252,0.17362261923286204,0.17414393882814996,0.17448418737861165,0.1748296006454618,0.1754726554982947,0.175978392467544,0.17615324693707568,0.17653016177270295,0.17718515581848363,0.17765650631048174,0.17791652222235474,0.17838483539520072,0.1790005400938864,0.17950177533934628,0.18007469521261196,0.1805488542732563,0.18092723148294518,0.181268541304438,0.18146216194586007,0.18183103895693178,0.1822600070645785,0.18265405293136297,0.18323413693605478,0.1836398619790374,0.18384092201822008,0.18412628542689546,0.1843739229642416,0.18469262186179847,0.1850423751345283,0.18544430776598567,0.18606541373741234,0.18640050251787516,0.1864362383938304,0.18679162971287122,0.18722381391771883,0.1875493531880384,0.18813131004708988,0.18851952438871972,0.1884818474833476,0.18874653783330805,0.1892785289252044,0.18963858984804974,0.18999395000312952,0.1903703122536683,0.19071456300378653,0.19096250835904188,0.19110575174302752,0.19140874726563337,0.19168967266168893,0.1920007993861869,0.19270186423806404,0.1930005437586121,0.1927005165016553,0.19294268715328555,0.19346749316529638,0.19374236040875673,0.19419268450843716,0.19464990530142212,0.19495480327161105,0.19513062432751246,0.195235220238038,0.195550054524721,0.1958452082253616,0.19604855150440462,0.1965074662812548,0.19683311518730376,0.19680316360653302,0.19693961799672915,0.19729887578629246,0.19749693944686642,0.1973448278325647,0.1976547704458515,0.19859872697959025,0.19885554552914333,0.19868833504551275,0.19900921207665032,0.19924000784024076,0.19930952183931708,0.19966954447981047,0.2001501887695485,0.20058800297214793,0.20066119539983374,0.20067272423350616,0.2009155575235914,0.20081808354322497,0.20080237479028396,0.20132777165992854,0.2016001925211029,0.20145748199431127,0.20147764130236995,0.2016162208195553,0.20172667423033902,0.20178848547084413,0.2019210564057091,0.20212672418654204,0.2023378841994,0.20272370228908596,0.20284461417710256,0.20274820127112253,0.2027713207720592,0.20253988543375573,0.20259511060177265,0.2031598660197405,0.20326028062942952,0.20297560226680209,0.20312260613106906,0.2034699459517316,0.20346182921426842,0.20354617858445959,0.20363944396462721,0.20325883130517478,0.20314023237559006,0.20348321099607178,0.20352670589381536,0.20335236717896252,0.20325842758742993,0.20298967306857132,0.20301701459481017,0.20345151441483278,0.20347667370362119,0.20337362391750224,0.2033016158279459,0.2028723965338183,0.20276492317744402,0.20301982870566573,0.20306567101433487,0.20310541021961226,0.20307358086906477,0.2028936910105506,0.20284668073295653,0.20293352961614047,0.2028099164588825,0.20240650665605334,0.20240980777345982,0.20271550060852084,0.2026886972935421,0.20267826963394453,0.20267277268022865,0.20241496077913015,0.20224241492010264,0.2023052204456635,0.2022509788909948,0.20200001462458994,0.20178140467638594,0.20152424664767007,0.2014396010140941,0.20159950922084385,0.20131573918050982,0.2007795475037658,0.20066788049161247,0.20042642389041462,0.20016992346230764,0.20041326270030116,0.20041601505967052,0.19992725502048994,0.1997941605180592,0.20004874833112452,0.19984969506294556,0.1994082504096159,0.1993480330020094,0.19939577746157308,0.19912334750227978,0.19878395200489993,0.1987323111550264,0.19872351914412673,0.19841860475001857,0.1978539502783165,0.197395890262405,0.19699349198543387,0.19664481382074978,0.1968751139894007,0.19690947725788968,0.19629639888689032,0.19586282485759832,0.19571663035751158,0.19546162704209485,0.19510267175115986,0.1950273404026456,0.19509514206536063,0.19483728862177746,0.19429108552141977,0.19379030153387383,0.19364963746981198,0.1935483529416045,0.19346934686606476,0.1936834548085329,0.19339990334281176,0.19321378356760874,0.1930723324548663,0.19269305964395103,0.19242955761956326,0.19234745967673786,0.19201607072975105,0.19145791464244755,0.1912996559822687,0.19131649796949804,0.19105301355670465,0.1909874585347027,0.19082054782143296,0.19007039935393796,0.18994201796906884,0.19057059089535408,0.19022179273076653,0.18949929481021802,0.189158024641247,0.18841786819338432,0.1879100573200738,0.18792219507800648,0.18759181730807212,0.18678709299552537,0.18649952026782507,0.18666452393956903,0.18622925859490966,0.18586734045946104,0.18553512173661776,0.18517681307614295,0.1851135129116883,0.1850477006141839,0.18476200334689827,0.18446880443214667,0.1845487403073081,0.18462634174599812,0.184129484158381,0.18366807890654172,0.1832408874303684,0.18305288916317072,0.18362421873043583,0.1837472281127817,0.1831229521371479,0.18294506521544754,0.18284658576513,0.18286315231812938,0.18359733110665394,0.18330260674977253,0.18267853269152454,0.18259743272498374,0.18241997296672813,0.18239913938290633,0.18273794331130544,0.18263589328872634,0.1825503926098713,0.18255618958156777,0.182149643546972,0.18232899894647683,0.1829547134435663,0.1830112967800144,0.18323614438040092,0.1832655896759864,0.1827716915750756,0.1972836627709302,0.19771810297526465,0.19740232266846425,0.19740055279820706,0.1969021579917467,0.19647662315054404,0.19581233034953027,0.19574155556378642,0.19706044182647145,0.19757003242680157,0.19748319725349892,0.1974975356323967,0.19749721567296125,0.19808653146754565,0.19791639260857244,0.19714728428581518,0.1970485838236283,0.19845484857824147,0.19850081392973412,0.19823042258605886,0.19796711879114412,0.19722213732017982,0.1961530003879598,0.1961311332632616,0.19730494978814211,0.19850769891360273,0.19845321956202372,0.1983292105269937,0.1975339872863924,0.1970818205423628,0.19622456110940095,0.19594007587419268,0.19560635551869757,0.1958206543570806,0.19687252095790397,0.1973518522027621,0.19757689813869264,0.1979497377619023,0.1974197539181369,0.1957933651988132,0.19491314620246736,0.1938453453545822,0.19235252110676931,0.19258194273703969,0.1936469726410253,0.19366694642224744,0.19227676265772412,0.19039595045051308,0.1892066414896298,0.1881260238822824,0.18702476471472207,0.18743591506611304,0.1879006861372346,0.18616653185344123,0.18510163432534654,0.18515023348711057,0.18435200725611792,0.18305803351662409,0.18188804385476323,0.18077276971758044,0.17942595825746094,0.17780657823201426,0.1768473191022848,0.17585329553950224,0.17335768514289018,0.17077921872605045,0.16950640262850183,0.16839983879353923,0.16642013438289385,0.1642566574325222,0.16197358386465183,0.1589668774598421,0.15532576227635184,0.153160132297547,0.15128178840603135,0.1488804049280426,0.14655345277040002,0.144046147681709,0.14199754272717027,0.13943025091356195,0.13697499570124794,0.1351792834118995,0.13391476700430327,0.13207875711695188,0.12998973826751806,0.12714274554462301,0.12401221242538531,0.12218662971823953,0.12109499269910523,0.12058372596548651,0.11909407029512373,0.11623915212268107,0.11446399919024385,0.1128284339518417,0.1113346720519462,0.1100696782844886,0.10965581801562936,0.10877024278508637,0.108179429287562,0.10790926607578186,0.1070976908229381,0.10638054979422862,0.10506255638031278,0.10446282091905865,0.10434748795542784,0.1041670245634634,0.10378801431246966,0.10315406957884747,0.1021611424448968,0.10089447584553118,0.1005809176041229,0.10044220828665044,0.10022797667569262,0.10070431719806716,0.10048964294067092,0.09965129037763376,0.09933428051173793,0.09944272725665673,0.0991411943402689,0.10027519836287963,0.10097831175502783,0.1001777563640647,0.10012680798962756,0.09989355564330196,0.09871896007576413,0.09873555443430919,0.09959969706034653,0.10001761045481557,0.10046448073972869,0.10143301610898023,0.10162620583097885,0.10191770572646129,0.10194512971073,0.10121158565434804,0.10132645326044579,0.10162352285146664,0.10153539317472139,0.10190754484133879,0.10215771961380056,0.10194463075051578,0.10172540007465544,0.10166535613134199,0.10127306808233737,0.1009039804043569,0.10135988065832922,0.10270564544699119,0.10357759832291503,0.10384133811956311,0.10333550220660198,0.10331599014944179,0.10274185622664438,0.10266682791048065,0.10299451684650311,0.10376403463241203,0.10378820153973971,0.10345360181354021,0.10483329769837443,0.10575270206445211,0.10561683115429504,0.10480475309990574,0.10499795710415483,0.10450058526196823,0.10415007951064169,0.10390393417097538,0.1056006585334899,0.1063928836681383,0.10572019870757587,0.10598000552007537,0.10612904470680071,0.10618121205864127,0.10576198697955175,0.10569794092653892,0.10557308910473541,0.10601781383450973,0.10680514128298957,0.1074007361963982,0.10869167349389063,0.10969415332542293,0.1089292672231743,0.10842426110918638,0.10946892767558317,0.10921664668687639,0.10915020888633802,0.10931289558783293,0.11005862277197566,0.11106404723880944,0.11142288801093563,0.11222636556696051,0.11263472886221527,0.11200572225886608,0.1113852266609417,0.1114442441846714,0.11171177385642728,0.11220984519111732,0.11316005737078913,0.1137017293267658,0.11457642905201143,0.11526299897468854,0.11590828379122192,0.11582615620828038,0.11504063560872994,0.11515744779330131,0.115246576169052,0.11504789243680508,0.11528781371549543,0.11646755349632892,0.11758192145158276,0.1178667956725382,0.11803910547051506,0.11813441668933149,0.11851561161685963,0.11898307838484656,0.1185425441663588,0.11692154584202147,0.11734903090666526,0.11892288233361249,0.11889850097911255,0.11899692104135877,0.11992715265298656,0.11999476170408732,0.12000078173192244,0.12050555880740145,0.12330867405323605,0.12395266742116677,0.12290883563986701,0.12265379109783364,0.1217859060470502,0.12224931461450107,0.12379053916388187,0.12451297028603393,0.12578825963471113,0.12710373412437925,0.1267050456364465,0.12595919673061684,0.1260417275380959,0.12641406319027268,0.12670013772745203,0.12744437469741923,0.12768099921622503,0.12760581552702804,0.12761935879317157,0.12748807012632024,0.12741468556286942,0.12699300734934443,0.12722735306446784,0.12796040366897843,0.1286568554702153,0.12898544370717324,0.12906935818089246,0.12971361063013526,0.13056528933302405,0.13031496175599988,0.12944929209340364,0.12993017184882272,0.13064923198885378,0.1303070629187251,0.1302843236416069,0.13078283443691982,0.12980408561455276,0.1296849916869061,0.13143872127717912,0.13295049271545478,0.13375101211494808,0.13388320678184015,0.13385600544009993,0.13305054978592898,0.13377432381158835,0.13517685456977208,0.13570660589161354,0.1369434063065255,0.13760013784148006,0.13691163665786774,0.1368449666638104,0.1376638968170882,0.13793061624029765,0.13784588192726532,0.1372122289751449,0.13753595961259277,0.13828200188659484,0.1385288345538857,0.13896178468634482,0.13944099930705534,0.1397993584301583,0.13959174311124892,0.13856377986395302,0.13923969461617275,0.14137914764543846,0.1415700891154335,0.14162590490201926,0.1420384043589681,0.14069628730236425,0.13982930927473844,0.1393181427160563,0.140927255436918,0.14096035237430876,0.1398880265952722,0.13963523621404894,0.1398563312004885,0.13990718148114104,0.13953633449370836,0.14003730814116075,0.14137036633385008,0.14193036310613177,0.1428256773920996,0.14343043018211332,0.14327273105071656,0.14337525393975648,0.14361316340671434,0.1437519250987667,0.1435021095289898,0.14439959745769945,0.145065870560111,0.14617031718922827,0.14676119485242659,0.14723950603941352,0.14777489119150186,0.14858418506180382,0.14853683262668968,0.1476307061424931,0.14770683337016857,0.1479741182620055,0.14764203997383873,0.14764484355538957,0.14754835566056143,0.14610573822012396,0.1457766395580549,0.14653039334516946,0.1474645375244892,0.1476504347244271,0.14748811986486018,0.1479530169479982,0.14838359472205892,0.14878948730986039,0.14999301462372502,0.15025870418423518,0.14960871021001923,0.14945808653419024,0.14904379481822524,0.14916877014750324,0.14977717640138288,0.15002684007462946,0.15040095596620653,0.15089949380162684,0.15165846939397762,0.15175260934015772,0.15142559464897534,0.15174449781645477,0.15227090512198668,0.15330065763305253,0.15264851108060531,0.1509344421903925,0.15116073841565025,0.15108606395405713,0.15122423475800487,0.1537718646778093,0.15437751237584293,0.15282456545513234,0.15248245534193366,0.15251823108781434,0.1526191872749625,0.1533959287607132,0.15335146508909753,0.15248379421101216,0.15240266433552535,0.15244091819018424,0.15207454411639373,0.15226131189312242,0.15335121937595156,0.1537084913168749,0.15385149951917132,0.15369770356521348,0.15322856122600792,0.15316888426669573,0.15282200066819845,0.15284471430184157,0.15378419951829697,0.15377215030291805,0.1530106341558282,0.15276529029211824,0.15193234330158228,0.1519671939571399,0.15376018075214573,0.15395138930320432,0.15277268685325063,0.15298639287200547,0.15408582035364365,0.15337472943946898,0.1530606855488786,0.1538038851984165,0.15352917387663798,0.15124724330809147,0.15133107870900753,0.15316482237407553,0.15381035162578519,0.1548092227078524,0.15510116233987575,0.15484342922597757,0.15429444555468227,0.15275905666516784,0.15237254472865747,0.15237731684403463,0.15220908982645678,0.15289623020778415,0.1528361755872382,0.1515294816919741,0.15132314834583138,0.15209139588746975,0.15216576617974725,0.152898265662372,0.15242535802974883,0.1525653935681716,0.15111608840128898,0.150714992932863,0.1509609918902509,0.15099964975931757,0.15091041535271024,0.1510117370566147,0.15148577033072305,0.15131126475737985,0.150776107977058,0.1502077243819865,0.1493310559213043,0.14890795425487582,0.14855282265709627,0.14832665879689635,0.148457813184339,0.14799271427400648,0.14709293402352988,0.14684956980456262,0.14653630014567476,0.1465066010177389,0.14755188810282313,0.1475364757151284,0.14601369392534488,0.14672484388459572,0.14628228865036197,0.1450375694057735,0.1450282411130073,0.14367569179143688,0.14251161236795998,0.14072968453971185,0.14020680421866394,0.13988778065290397,0.14023123923991368,0.14231756993306463,0.1423269692784202,0.14111247529748586,0.14091462190159226,0.14046952959822473,0.14004543937823544,0.13992573358613516,0.14044243328963968,0.1418812856103073,0.14116380836706244,0.13935758413816243,0.1391821239704014,0.13767790507757244,0.13707751302182258,0.13972841027986643,0.14033392244899454,0.1384640831747996,0.13826770046008316,0.13983057005657334,0.13912526571336506,0.1372824634131586,0.13777313703924315,0.1384840147538047,0.1377948879241769,0.1355559582727746,0.1339794538481211,0.13459790749302275,0.13416829896864946,0.13395727854766803,0.13678705568837007,0.13683620767044286,0.13337176208092807,0.1331114598894944,0.13466558380333649,0.13507710548166627,0.1360005218557882,0.13591656625040976,0.13534834707190824,0.13436514937981417,0.13153688402072947,0.13136636938349708,0.13271509410114823,0.13230249216333134,0.1328575876766066,0.13322167200018467,0.13265135552639823,0.13136485967360148,0.1291495305930152,0.12850813459050914,0.12754568174970543,0.1264688441943117,0.12648090652236574,0.12783261322279868,0.1293766867164972,0.1304168310938967,0.13463739961088522,0.1362438907275919,0.12971821346168133,0.12695512257211644,0.1306311547450059,0.12973336475514954,0.12673384173801064,0.1270264928554415,0.12680941042311694,0.12557587747296933,0.12466397112584068,0.12519082634815132,0.12667843865374956,0.12627027369333932,0.12621882331849066,0.1291884060443775,0.13094246610812826,0.12905898166523494,0.12677589675637985,0.12599936485106522,0.12576833527240758,0.12129676737408365,0.12093319272975186,0.12665648101098373,0.1284673988689551,0.1288521548565714,0.12810729709521743,0.12606275727122762,0.12517858423484887,0.12208197689247595,0.12183919007361066,0.12476387326103057,0.126509069761727,0.13069758034272957,0.13003378154511194,0.12448130429192385,0.1239496658808358,0.12383211005252849,0.12257218707889608,0.12449656625689016,0.12427862731265299,0.11917643286587212,0.11819568194008838,0.12134686951346509,0.1214713560077064,0.12098241227746759,0.1211151992950605,0.11978996648586505,0.11936418569510016,0.12006162179136247,0.12022051494296276,0.1207603255224634,0.12043434039651091,0.11945239406540158,0.11931836446827682,0.11980815152313778,0.11832518363415363,0.1181550662642597,0.11828008621431038,0.11574633503625847,0.11640373693663035,0.11794624186963422,0.11632381006658146,0.11562173414886859,0.1162833886673098,0.1175778852892604,0.11735285366473498,0.11498095105094219,0.11504376847746861,0.116000426205484,0.11752080156324762,0.11908576271787708,0.11610639910298295,0.11503475628172438,0.11597763963582224,0.11514555250557146,0.11428564930659774,0.10919898642941052,0.10531536623427258,0.10640950715319175,0.10833939165723301,0.11451142591889132,0.11987412928800188,0.11881342230476231,0.11587031914238582,0.11227648630605412,0.1081560335318338,0.1093992290831353,0.11207615016553224,0.11033529359841429,0.11315844016556201,0.11545339114329417,0.11469709550596832,0.11715327129347322,0.11455783846958909,0.10926174147192547,0.1088858244911397,0.11126698227762713,0.11091602439426304,0.10750182373168847,0.11114755927051251,0.11454391511384879,0.11173327192529743,0.11511531435544249,0.11646905777670713,0.11199178228570392,0.11266935060682223,0.11278735748516183,0.1064679523881531,0.10359160866978863,0.10807559868908309,0.11022000309786907,0.10857610060469852,0.10820078045851288,0.10503294909320375,0.09506278414815353,0.08971372301869374,0.09257801431291186,0.09425293453590738,0.09901852081380691,0.10531792587022519,0.10518289018674179,0.09981399881107145,0.09420543863160864,0.09574678860332549,0.10005731197825819,0.10095798526406341,0.10246841153263407,0.10542394084923519,0.10504624624055896,0.10436132519956917,0.11008863307614193,0.11471782668009298,0.11317873217432109,0.10818338508756395,0.10196772464603811,0.10187312858125923,0.10148061117348692,0.10269152123760562,0.1121509903885218,0.11204331527851473,0.109341557372312,0.11252412952396328,0.11133535438754104,0.1116680562160691,0.11351878905998915,0.11404353266755698,0.11174895419402381,0.11137492557902268,0.1160129795948588,0.11328610217704589,0.1087045171443612,0.10854757898526304,0.10768706335960714,0.10712424010741967,0.11237445861351508,0.11585893811510674,0.11208190463379697,0.11398509266607751,0.11714885099649641,0.10902314459208352,0.09286910309831978,0.08589177873157877,0.08566284370585336,0.08349616192841937,0.10319093069602693,0.10520103472800198,0.09611543097147819,0.09851946750619567,0.09900127092195327,0.09863546128953192,0.1070730398383617,0.11356530793942755,0.11360695010336153,0.1119034199638496,0.11725914759776004,0.1148057854694347,0.09483035165577268,0.09228903022695556,0.10334797566479749,0.09219893300444444,0.09040786694323417,0.10906549949296888,0.11858119383488912,0.11713886322900965,0.11729754365939259,0.10171840615801593,0.0799578332985438,0.08996154997831851,0.10936238130070468,0.10831225914218334,0.10857327219345397,0.10773102444123454,0.10132807390184069,0.09504091969785855,0.09652715263278015,0.11328747543941366,0.13169332002778944,0.14454468417648147,0.13025868654190295,0.10231839956845207
33_3_PETVI_1_T_1_00000,0.17785528360785938,0.17329367323152414,0.17653302703710969,0.1608063069949412,0.1252104926340723,0.10355476156408965,0.1640403246305,0.2507293961426044,0.25792374038975746,0.19025281130826843,0.14668212155283453,0.18799340613098006,0.1689557500269487,0.14621557097727844,0.1524452201989515,0.16220816796625268,0.17893326162968332,0.1874740697545112,0.16065501804922194,0.18671482959417376,0.22698909121659058,0.22337709072410575,0.19112010876818683,0.16260585283668838,0.15747274216217072,0.16028293795686036,0.17907619663665866,0.19129512091392392,0.14728039371221507,0.13962721720625176,0.16846064450728318,0.1960765231932592,0.17873572577260274,0.16807523925307058,0.19321911634207456,0.18191572369747294,0.1639338687233873,0.1568711879572658,0.17137336930387398,0.16908912632847697,0.16157894224100866,0.17690926673985669,0.16752847462757808,0.15984765170539014,0.17709593997330994,0.1811675738633245,0.1865812881472875,0.1971216880277459,0.19808109317896874,0.1793988343720364,0.15355626380301735,0.14800585857185564,0.16578283633839305,0.18197085449975647,0.17319821400175736,0.16590175242385527,0.16572373396467355,0.17148218721847794,0.17385428703714778,0.1694615172367119,0.16310104803557954,0.16795703508361343,0.17398453407061354,0.17567659776631245,0.16984134924276462,0.16392884710258637,0.16265560755597305,0.167106904548267,0.17019966830960354,0.16850981786296135,0.16409437532509266,0.16789093321409906,0.16994455178733991,0.16851230482468538,0.16598472787427118,0.1672350937183125,0.1709211924119287,0.1737660569586284,0.171609467196644,0.16991812249621807,0.17211842691667106,0.17566764975449073,0.1763744648713621,0.17476642067492842,0.17656318072537922,0.1736261228822661,0.17181957975035309,0.1807829337802563,0.18215184725394137,0.1783951111070825,0.17536883958914523,0.177333771917676,0.17948229337402288,0.17980457666782187,0.18189598850718097,0.18296066079333276,0.18244325666024735,0.18114926693498873,0.18110997332074624,0.18175880528093716,0.18175475102518193,0.18072472074323168,0.18122126020635915,0.18408373319699356,0.18411156509166923,0.18396279438003665,0.18464602803728072,0.18511246969372366,0.18515884753657386,0.18480710191629654,0.18431988083875503,0.18524352226750218,0.18621462991312634,0.18591109785517532,0.1872446671244506,0.1874345563062711,0.1854396828259368,0.18494307082017977,0.1838674052172932,0.182605826212411,0.18389878925706832,0.1849646757469379,0.18496346585879295,0.18397959895436755,0.1845985327980185,0.1863963215555576,0.18788902652959877,0.18532364871473914,0.18381933211870125,0.18530200201830505,0.18613578322756508,0.1857094750042497,0.18486593602696438,0.18571925654202,0.18596834642328447,0.18637475458058828,0.187996310663292,0.18706529560550392,0.1861026359691976,0.1867385775700305,0.18551649345959503,0.18610828914722627,0.1887237320888322,0.1888115891019921,0.18808272760450775,0.18751815476708916,0.18800256360555972,0.18906500091210904,0.190123477676128,0.19063767926093547,0.19029616263496452,0.1908936355381611,0.19278218992726606,0.19214658885814617,0.1938720243889391,0.1977372745374482,0.19809126350808806,0.19890312140352112,0.20058180491729313,0.20228009363101884,0.20382631158882714,0.2054468559105013,0.20760855328643907,0.21167271719317798,0.21457726044265701,0.2155468014034459,0.21871323476390883,0.22101858108644043,0.22290575027954126,0.22766876106956077,0.2316513098172073,0.2346150758152575,0.23746780601457154,0.24092902248907103,0.24452103840182415,0.24767680741817663,0.25019782264613044,0.2529276255407357,0.256178232508471,0.2594700486173896,0.2627707683294603,0.26546741226830045,0.2665382881568922,0.26810396122703195,0.26998049776733035,0.2714142945164835,0.2728912297215641,0.2741606385742405,0.27511458165176295,0.2763514169506804,0.27734586704356257,0.27796912849430866,0.2785996431703347,0.2794542415078499,0.2803143532257738,0.2806969959158396,0.28110808679069615,0.28180959081313056,0.2827832528642726,0.28262076888361154,0.2827121788626925,0.28372646599947715,0.28387999170160405,0.2837321764854253,0.2834938989594904,0.28299024369568215,0.28282588489973287,0.2824820563808223,0.28097726820267327,0.2796416189969577,0.2787286891618072,0.2781213233335348,0.2771574385805629,0.27584777664491317,0.2742726396044699,0.2724820723097368,0.27092086394773657,0.26939794819449847,0.2670294305366999,0.26512132749004,0.26345779620767795,0.2613153823558138,0.259481059119611,0.2574833793855012,0.2550922048317573,0.25406856340288847,0.25267487404209443,0.2502448605362931,0.2482101871089624,0.24700954395938216,0.24615157989375427,0.24425722748712708,0.242859471450482,0.24186721856063872,0.24072757540832118,0.2397344776009034,0.23878126042223644,0.23782915961866577,0.23723336331023512,0.2369317234107512,0.23667615887439614,0.23581014222823768,0.23526703865003434,0.23508908449144664,0.23481923661755136,0.2342351941958293,0.2340221920827529,0.23479760368860939,0.23505581409059867,0.23494199840028354,0.23461422640398627,0.2337766529771484,0.23245272159412894,0.23074239961197,0.22884496678330035,0.22701605111388787,0.22531314794307547,0.22362435250452847,0.22109095570423237,0.21862798414398418,0.21723206321176908,0.21611054289733256,0.21585050637635553,0.21668503839746914,0.21797283610004117,0.21862101333604003,0.21855664340903358,0.2188009083924975,0.21833143663930146,0.21765917537734691,0.21763466975545268,0.21628099168034762,0.21438730861243444,0.21309269845904313,0.21342181612106315,0.21356011916040668,0.2127028488829165,0.21159439865503968,0.21109515722134994,0.21111754885368636,0.21087685540971896,0.21114532393803756,0.21153878500761064,0.21140093991823775,0.21066622849772207,0.21006664829002458,0.20994813451277844,0.2094497998929735,0.2086747374357519,0.20777807196400427,0.20700343449797243,0.2062870513358625,0.20549263883127492,0.20444216752407787,0.20321669391054004,0.20188046068386417,0.20053800324469553,0.19946536274920962,0.19853917012838465,0.19761725663757698,0.19650521088237557,0.1956132865583339,0.19489403349082357,0.1939343014446991,0.19288149500001264,0.1919821457608378,0.19140661541330303,0.19026009432620575,0.18910836561731073,0.18833156089120864,0.18715800633081003,0.18566199838104847,0.18411904613489324,0.18317111563516508,0.18213723382817779,0.18099973239393147,0.18004487309671682,0.17901425941685992,0.17832414398779098,0.17826829709238168,0.17788011965451578,0.17726801905631082,0.17669042749628025,0.1766334445351862,0.17657489229063128,0.17641956957681873,0.1763910665797123,0.1767589161788967,0.17714920951146731,0.1770933422221192,0.17740436551473868,0.17789543599819924,0.1783818799268143,0.17905692617628272,0.1801094489243605,0.18160823978927104,0.18348930853088,0.18548853257817757,0.18790731971532362,0.1913190139308742,0.19549082005616236,0.20034920392014804,0.20580091177792975,0.21157039554514095,0.21806682065859884,0.2254545004813284,0.23352345895916055,0.24191994074146722,0.25055337828051794,0.25956058949560606,0.2690970180304609,0.2789879380691251,0.28898588757466087,0.29908385220875583,0.30907896896708686,0.31896034015175356,0.3292961566514251,0.3392586464489508,0.3489429466193023,0.3594060357129842,0.36933222355390677,0.37899542075558884,0.38912578544530935,0.39854823195086764,0.4079451327156449,0.4177908284135169,0.4270041160331139,0.4361806253424144,0.4454560342158962,0.4543624995363887,0.4629431218788868,0.47130600915748294,0.4796134775417243,0.48760661319421766,0.49543602431904227,0.5032302466227284,0.5105419672161624,0.517247112865662,0.5234266029694845,0.5294354168600132,0.5351740615978904,0.5408044689501511,0.5465780750421148,0.5516474114180203,0.55609790525469,0.5602486422220551,0.5643154482743029,0.5682371159876566,0.5718791786726206,0.575007482514962,0.5779415550020423,0.5808776444137262,0.5839377243051592,0.5862376395997115,0.5884658176512634,0.591352060570923,0.5927946690558966,0.5939063299227959,0.5954681797963787,0.5968164428304513,0.5983569669382562,0.5998993566819106,0.6007430773640086,0.6013089882497997,0.602156440995696,0.6036755894092762,0.6046626157192512,0.6052593863145993,0.6057367060012849,0.6063285489863525,0.6067425495196413,0.6070350795052107,0.6075852977831423,0.6082320712724275,0.6087525415261481,0.6089543794280007,0.6091560344353543,0.6090969379658382,0.6088513904233419,0.6095986906528847,0.6102236601415765,0.6103132110524332,0.6100376195899119,0.6101059521731175,0.6104721877015064,0.6107981404088572,0.6107468880092098,0.6107262517788377,0.6109632287045105,0.6110444972039114,0.6110809667103116,0.6111382612973277,0.6112602593664989,0.6113112270692623,0.6113863612506049,0.6115789890417711,0.6114653059371598,0.6113516796160239,0.6114419737551547,0.6115472941035321,0.6118982286407976,0.6123074333193568,0.6122622811652028,0.6121411349968203,0.6120950516352353,0.6122038661033583,0.6125066801018676,0.6125264636411761,0.6122514887897486,0.612743078313406,0.6128762693403038,0.6127248795252365,0.6130478485055326,0.6131110597104256,0.6128255673580175,0.6123649772928763,0.6123674582006812,0.6124883302668946,0.6125865793931878,0.6129305109102683,0.6131787344675397,0.6132614611123849,0.6132515758237213,0.6133814290714161,0.6134330973271923,0.6131931812630796,0.6126156206701205,0.612646780942211,0.6132660160942613,0.6133096980334084,0.6131934344672837,0.6130793708450457,0.6130516188016323,0.6128885232504403,0.6130330829406195,0.6135536090078685,0.6133735235153879,0.6135743939344452,0.6140199843273412,0.6136789766590426,0.6134944425938592,0.613579064194619,0.6137605422337916,0.6135584118759779,0.6130645988998383,0.6126291298484732,0.6130860267164098,0.6132201294390389,0.6130941900965942,0.6132955469249715,0.6131418828373791,0.6132114802368347,0.6138152336019136,0.613938641523932,0.6136023681863297,0.6131636760265073,0.6133327383522034,0.613481452599409,0.6134924238808338,0.6134123180600979,0.6133422954147317,0.6135027935133467,0.6138737780840153,0.6140211860881808,0.6137079966258879,0.6134567211709225,0.6140694173061079,0.6139298986177084,0.6136451796261284,0.613848379551226,0.614167132959512,0.6142211906544923,0.6139516751237938,0.6136133255994687,0.6137595809194867,0.6140208662340406,0.6139155869887951,0.6139312364565925,0.6139286114362356,0.6138125631517777,0.6135618739592067,0.6137605452285325,0.6142823906543944,0.6146359911389035,0.6142956296393647,0.6138486667732233,0.6137811038616637,0.6140385279907479,0.6140340385108763,0.6138037957652167,0.6138129066129379,0.6137739674152687,0.6137127323670559,0.6136428665828395,0.6132597861815937,0.6131681657264272,0.6133700623168475,0.6132029106659621,0.6132562584679279,0.613336159175819,0.6131209625584386,0.6128342243421103,0.6127882831307878,0.6129702154382066,0.6128555830157112,0.6126448254188148,0.6125275451726112,0.6126480533240394,0.6126636912367869,0.6124750218307136,0.6122026259337493,0.6123981214710357,0.6126194570243028,0.6126354529763565,0.6123759370494248,0.6125680502639282,0.6128421433024183,0.612796204371848,0.612333394255212,0.6121850412784041,0.6123675572132924,0.6123835908120795,0.61209544564512,0.6120994210940206,0.6125289081709271,0.611379869787707,0.6110123126617056,0.6117049887396242,0.611921127610486,0.6115153780292895,0.6111231853825289,0.6112421077703746,0.610992812784211,0.6105871635283225,0.6102831598346643,0.6103690717469077,0.6104474647623596,0.6106244894127222,0.6109217208517598,0.610437790293728,0.6098541747893342,0.6095880307337378,0.6097122535832818,0.6092562599613572,0.6087302198617885,0.6088308411982274,0.6091761438891451,0.6087435771820865,0.6077907376357337,0.6080674281779156,0.6074515998423059,0.606941262595179,0.6076521649717717,0.6070610949169578,0.6068662146641828,0.6073615788319225,0.6070948451833338,0.6067876031757091,0.606332766799474,0.6055521487401936,0.6048385648730163,0.6040603810144046,0.6031974003318663,0.6023735260128559,0.6021802296494899,0.6017231051907109,0.6003918059087643,0.6002204025071358,0.6002671937329764,0.600056221761833,0.599600564858936,0.5987642820751278,0.5981803972280082,0.5982559480193536,0.598061306750347,0.5980252412994914,0.5980083459887905,0.5974888626979246,0.5972879549607177,0.5972311771189378,0.5969829805506444,0.5961574568044484,0.596259738357768,0.5970622942256142,0.5972982339048074,0.5972635389132328,0.5967224517634231,0.5959049188380401,0.5962231784178184,0.59657469538114,0.5966578428231056,0.5965835564936863,0.5970269715338732,0.5970805507429566,0.5965809016884497,0.5967636542823956,0.5968067493824956,0.5967758068752264,0.5969725039932363,0.5974606325789349,0.5978006840347048,0.5977922194426171,0.59753963361579,0.597741094263158,0.5978596010830352,0.5974246142109496,0.5970609141526113,0.5978595995094903,0.5994440008118525,0.6004819666964076,0.6019391353568689,0.5870922924808402,0.5874278649012791,0.5874630801754666,0.5873266082705599,0.5870151183777388,0.5865302345195111,0.5858158300840834,0.584800819244475,0.5844467597925718,0.585064969900146,0.586028370034156,0.5880130784017745,0.5895557388247619,0.5901779431879082,0.5903791779651126,0.5896706722444333,0.5893252228424811,0.5890230616061821,0.5881835707312206,0.5871524323949706,0.5869638452860642,0.5862017419556449,0.5864513538658377,0.5877310951867125,0.5889324847821773,0.5903298681648721,0.590741803372043,0.5910418935107122,0.5910871335572082,0.590724754941397,0.5899189272628751,0.5897876312830591,0.5895775780903649,0.5890499152718847,0.5898728608379067,0.5900697861063632,0.5900340680901858,0.5903652078201963,0.5901916523574235,0.589743840631827,0.5893270141455405,0.5897307447842999,0.5900960221505175,0.5903017679549667,0.5911717234411143,0.5915332646754806,0.5914737345926592,0.5911172244983426,0.5910494888961092,0.5907839782181884,0.5902676119997933,0.5898394423512181,0.5900149356084585,0.5904168339299876,0.5910056875134274,0.5913844453054874,0.5913851627741366,0.5918284697937986,0.5918575666392634,0.5913472912537017,0.5912091466341381,0.5912754248720519,0.5907522787510483,0.5906448066457961,0.5915493158691069,0.5920464874530104,0.5920475407189989,0.5916718348805654,0.5913611207203167,0.5911876917870554,0.5911063835720193,0.5916152839981159,0.5914913069828511,0.5909766684184354,0.591236419665797,0.5910813439302542,0.5904657905231138,0.5902678628683207,0.5910220904072967,0.5903147539246517,0.5901109169519408,0.5907376845416737,0.5895525097752936,0.5894050690608167,0.5901143170298049,0.5896304445785251,0.5899507823934814,0.590100071215495,0.5893491625483784,0.5890464881505323,0.5888336516429444,0.5888843740526954,0.5886384385179584,0.5884248879632921,0.5878844963657357,0.5875845844827048,0.587820700712485,0.5879848476326812,0.5879578492216583,0.5876787825331453,0.5868390397463873,0.5863796026047015,0.5864058259684778,0.5862592470371945,0.5861841445046088,0.5859142891940661,0.5850919715001757,0.5848785813465914,0.5848567120562012,0.5850745388699289,0.5854151574204272,0.5856038825943621,0.5852394952707487,0.5846868301521507,0.5839249213785612,0.583609436373139,0.5840678324742384,0.583681695043401,0.5829845705759176,0.5834090704723891,0.5832618928134492,0.5825199712733629,0.582215047795582,0.5821382348928583,0.5817608270358603,0.5810254890350978,0.5813593219011535,0.5813384486899373,0.5805441504383516,0.579940028097863,0.5793332541387698,0.5783275920782107,0.5778737835965232,0.5772277960442168,0.575969400166224,0.5752011395708547,0.5739609558468941,0.573097881946929,0.5729874347967591,0.5720324938426639,0.5704953161874302,0.5693083984857924,0.5679370265588941,0.5662771211653734,0.5654690339699134,0.5651528976979345,0.5640760559228543,0.5624672823708978,0.5609050915878627,0.559640049375218,0.5587229937404551,0.5578786484612981,0.5568443180796347,0.5555398219733922,0.5547334515325364,0.554234431311613,0.5538063780883307,0.5539531870335612,0.5534299727959462,0.5524073856828823,0.5517959337931826,0.5509854635443938,0.5503941154006159,0.5505899743394865,0.5506169989352906,0.5503606484791678,0.5501840040193627,0.5496851776555525,0.5492004739411059,0.5488365966499585,0.548482291922067,0.5481966997936569,0.5478904579363633,0.5477405784787894,0.5478777463563255,0.5478261357922581,0.5477817116894292,0.547628931622416,0.5473737081093235,0.5469380933467624,0.5467931106655195,0.5470539118596158,0.5469278180697946,0.5464567461979708,0.5462267013763829,0.5460241868521197,0.5458351162348558,0.5460140737187492,0.5458850446988464,0.5452991186822637,0.5450287560541253,0.5449392445798289,0.5448732734042556,0.5450518516625554,0.544932856409862,0.5444767748772759,0.5442830591097135,0.5439559849792512,0.5439752360895146,0.5440149109717238,0.5441900784215238,0.5443704117048902,0.5441488485297951,0.5440353832185341,0.5444997866650872,0.544642680399034,0.5446012886374699,0.5447796675582848,0.5450406603409839,0.5451853847084615,0.5454397474513636,0.5455954189485351,0.5455134215316625,0.5456985045523918,0.54612085300497,0.546278445609624,0.5463319166558157,0.5465251840261591,0.5465861255178498,0.5468120638816919,0.5471448862104212,0.5474232024379228,0.54770494894841,0.5480356931232302,0.5483835115599526,0.5485862633245904,0.5487916839406709,0.5487837102183089,0.5490156400394198,0.5494690675390732,0.5496776173671387,0.5498067122925494,0.5500231034677961,0.5501529439209183,0.5502457463553896,0.5503081367822703,0.5505391016362278,0.5507483537106879,0.5511287365287639,0.5513001154103834,0.5515108576177432,0.5517106339138628,0.5515725282043472,0.551671020667515,0.5519694067275474,0.5520875092924944,0.5520265417183735,0.5520706700706214,0.5521192807998136,0.5521827785731822,0.5522972329630339,0.5523358947353406,0.5522273112190755,0.5524272742056557,0.5528601252047322,0.5529676342808466,0.5532359821028648,0.5533402125903689,0.5529474212174507,0.5527956574989934,0.5527286850926241,0.5528042665138134,0.5527367923016313,0.5527169083889283,0.5527737328998958,0.5525917389711295,0.5525617841356698,0.5526814704776838,0.5525648245627648,0.552229791028958,0.5521982846053031,0.5523499861570805,0.5521426668617526,0.5517584530366655,0.5517379714353879,0.5517497018759051,0.5515416495857521,0.5516018016083933,0.5515389640812238,0.5509394170684617,0.550649859794711,0.5506808620789683,0.5507371023643924,0.5503217772891361,0.5499175207397717,0.5497170191167864,0.5494114386044148,0.5491562257553512,0.5491052390648877,0.5489541865474462,0.5487568827167949,0.5483679186472562,0.5478635480046283,0.5475834052354661,0.5472159728595593,0.5468255689894789,0.5467403563670096,0.5463975163039411,0.545653700769762,0.5451813194940152,0.5450162324315073,0.5445184464871229,0.5438185180903362,0.543207811803016,0.5424279202346358,0.5417220546671428,0.5411333453793342,0.540622260989863,0.5397516794849694,0.5389611184422126,0.5382364953986796,0.5375001495132602,0.5366571815631217,0.5359356741008573,0.5350281837535571,0.5337874976913274,0.5328902657049881,0.5323008198891752,0.53129027433067,0.530104216478113,0.5291125510137525,0.528037366614685,0.5268792100127826,0.5258934783959285,0.5247926514363027,0.5234203101612722,0.5221655739385616,0.5209877028571205,0.5198322136977115,0.5187286238818467,0.5175423833740589,0.5162953876951037,0.5152130352783506,0.5140025161526357,0.5126863230019121,0.5114285662592396,0.5101575712745927,0.5089971825595168,0.507861311863231,0.5067658259331256,0.505802139402128,0.5047312441714583,0.5036784275513202,0.5025000636485694,0.5011559119639538,0.500020142057547,0.49889857254689807,0.4977760633110605,0.49678524717661243,0.49575937994406544,0.4946980312105086,0.4935928939438117,0.4924373622020504,0.4914086670157802,0.49044324114237525,0.4893796727772183,0.4884344904641338,0.48737965710336734,0.48622651505035164,0.4849515041533432,0.48362923952650017,0.48223414660662695,0.4809718283027515,0.4797672754775696,0.478254033365148,0.47675681088406097,0.47514153673352355,0.47328075210304227,0.471362369459989,0.4695278302142838,0.46744718528173296,0.46507580273022386,0.4627174277324183,0.4604639180743128,0.4577991461380341,0.45481953189587754,0.45182966716765244,0.44878844132094964,0.4453446545591111,0.44167519072952127,0.43785844695089815,0.4338014981796028,0.4294379735583621,0.4247755538595713,0.42015396116029763,0.41537777744403126,0.41035793307620744,0.40516728902578597,0.40005773806362466,0.39486820609637296,0.38943514383238387,0.38392466687464055,0.37837264234652285,0.37296581297247877,0.36731050991492714,0.36191367840540434,0.3567748719425661,0.35163191813326944,0.34640013174164375,0.34139333920052545,0.33648399225310466,0.3319079988213197,0.3275519758308625,0.3232214426344895,0.31904949570092256,0.31517800675563434,0.3113335471590686,0.30781271507583713,0.30480132558602124,0.3017318201191247,0.2986308254609216,0.2958540511395999,0.29340938486839596,0.2909068835433044,0.2884330864186938,0.28624775349902526,0.284104565243302,0.28219902936411273,0.2808198029650034,0.2792606431384728,0.2775122361534753,0.2760966852603119,0.27475105279984907,0.27365857973610913,0.2725556128773787,0.27173275449405454,0.27080214856704105,0.2697513404221075,0.2689627295712072,0.26840802603071395,0.2677064156509525,0.26695552537597367,0.2664348413628058,0.2659601090682153,0.26557785710547377,0.2654456080667946,0.26519784098166005,0.2649013358283156,0.26466389358113074,0.26442155221111385,0.2643088413670134,0.264324521669602,0.264242186891469,0.2641425529938836,0.2641711858758339,0.2642549510738592,0.26426077312167184,0.26429503093566414,0.2644163075285101,0.2644991472944299,0.26459166455486033,0.2648507380581264,0.26503467968792715,0.26501557152422495,0.26518354215719925,0.26561480553513944,0.26582752432188833,0.2657876178056343,0.2660749005657106,0.26655980637464377,0.2668595677486969,0.2672182593160136,0.2677037858890897,0.26818028065212324,0.2684263681736654,0.2689369156823603,0.26973894838232176,0.2703802653708928,0.2709292437928096,0.27158243141177507,0.27228624947110674,0.27309078634123224,0.27394956686753763,0.27481195484304793,0.2758215059681751,0.2767021330344303,0.2774270591230218,0.2783831367908475,0.2794522741721422,0.2804626121945928,0.2815674544404549,0.2826381661105337,0.2836271660971589,0.2846955431369595,0.28586227467259057,0.2869697807117309,0.28806119266056746,0.28914958926196965,0.2901785056910199,0.2913139431353777,0.29255460031328784,0.2936833617253449,0.2947642309730925,0.29594645797868346,0.2971597356669305,0.29828932673572556,0.29940741602828247,0.30062344638307437,0.30181448629873964,0.3029910087825066,0.3043695089502864,0.3055753765883547,0.3064332879359237,0.3076020923279422,0.3090896924396808,0.3102744997430147,0.3113649957501599,0.3125706228025757,0.3136378780905967,0.3146950212937488,0.3158785613318054,0.31708378674884014,0.3182358954667408,0.31933306785519416,0.32043406401731295,0.3216147217948633,0.32279816072964884,0.32393741771462903,0.32498266137221266,0.3260870355468955,0.32711947526192414,0.32790708509698846,0.32900804970076486,0.3303458207255226,0.33143953826417843,0.332514138468138,0.33358750966221,0.3345697864316983,0.335566935834531,0.33660173766378876,0.3376093572528725,0.33857174137180707,0.3394998285581983,0.34043473596245466,0.3413554849874668,0.3421664908149436,0.3431005003269881,0.3441485154283303,0.34509345090134735,0.3460535574790593,0.3469364275009965,0.3476712209275692,0.34858559086374136,0.34957502315722777,0.3505022090662472,0.3515636055729205,0.35244153954750246,0.353099323579187,0.3539402513207048,0.3548144544234633,0.35567421269892047,0.3565828124528186,0.3575347318152014,0.35858868072341504,0.3594093938393427,0.36008406144581817,0.3609425536940316,0.3617941940097184,0.3625240158094341,0.3633286902107846,0.3641356090361525,0.36472648921188133,0.3654466688367824,0.36643803803896446,0.3672081378983479,0.3677282933540635,0.36845979160282444,0.36922577351391783,0.37004375153871666,0.37114794155522324,0.37193440120384164,0.37248075565771305,0.37318402134181095,0.37380762933405126,0.37444945606992625,0.3751699963108382,0.3759331219277577,0.3767106024123983,0.37741972753956476,0.3782298926361018,0.37893869472171615,0.3793768781682957,0.38004112598451634,0.38093346462631605,0.3816281589522993,0.38221603247943,0.38296038748551575,0.3837896161432041,0.38441106746843245,0.38495110766647034,0.385670296808945,0.3863592898064415,0.3869427773499579,0.3876163768141691,0.3883433539681362,0.38888337636971226,0.38954015284998383,0.3905504736756964,0.391291557989588,0.3916913780062043,0.3923627634389205,0.39324987643624115,0.3938977469356347,0.39452457227392873,0.3951819426432626,0.3956560728775846,0.39613969744801947,0.39670067495858224,0.3972952013914268,0.39782450733831853,0.3983610326671114,0.3989393557298012,0.39958683283231017,0.4003210675501494,0.4009237040370733,0.40149111388062103,0.40213230102614483,0.4026666899409246,0.403241133403024,0.40403504266447804,0.4046674235580295,0.40515857613101075,0.40567131019985686,0.4060997388414907,0.40655825704552206,0.4070366091274199,0.40753235978866426,0.4080383396964357,0.4085451592878714,0.4090521683548263,0.4095656716686127,0.41023052435255974,0.41066808400759575,0.4107512597386646,0.41119984295069356,0.41196254580850555,0.41231600598009716,0.4125093194656277,0.4129721905160488,0.41330219727197187,0.4135359041005875,0.4141247686916248,0.4145481491260877,0.4144899176793749,0.4146677136508613,0.41516823536246067,0.415452840750191,0.41550089639044857,0.4158021525935746,0.4163163153983703,0.4165370994557011,0.41673090332633544,0.4169621031873759,0.4169821038679292,0.41700121840069304,0.4170626019495114,0.4171903330005984,0.4172706048751425,0.41735869765564104,0.417685202005255,0.4177739087859685,0.41752067205029114,0.4175322196246102,0.4176241370323642,0.4176965494974152,0.41795087409225323,0.41806201713469593,0.4180559523675742,0.4180667139684074,0.41793841507108764,0.4180149096297502,0.41838347662811287,0.41836870422888,0.4181027405971301,0.4181749772844338,0.4183510125559184,0.41818052311575427,0.4180160442257906,0.41797404323673926,0.4176354071734671,0.41737713271922455,0.4175004913158063,0.4173586853540514,0.416830844262104,0.4165201769802432,0.41633183347162256,0.4161382918175232,0.415999517319403,0.41576706087907234,0.41553349380245636,0.4152972394420855,0.4149594604770946,0.41463564235659583,0.4144217906077789,0.4140970201040216,0.41358850073333875,0.4132435523682878,0.4130038065102009,0.41258989965885134,0.41218082190567323,0.4118137192995779,0.41123987216118935,0.41085050485396296,0.4107305899547719,0.4103780491265345,0.4099946781298218,0.4095053344381524,0.4087718534779924,0.4082671438612852,0.4078043014817462,0.4074733103475719,0.4073185277022298,0.4070878868990959,0.40693961479296814,0.40647934354268367,0.405861787902271,0.4053444982698366,0.40482574826902334,0.404360426256749,0.40396636414789094,0.4033385125012381,0.402726397942702,0.4021636034648104,0.40160853520671264,0.4014794541316919,0.40116736558726407,0.4004586508474033,0.39997584505277134,0.3995308373082853,0.3989487672431162,0.39880423088810824,0.3987147395841212,0.39809446507547047,0.3974669988425939,0.3969296207478983,0.3965595262574643,0.39641831231117863,0.3961495732485116,0.39558728231131607,0.3951061932100979,0.3944067706136961,0.3939536937905223,0.39383784567592656,0.39347523017534286,0.39308098115007656,0.39261440978488965,0.3919672711565844,0.39145419539158804,0.3908932997953712,0.3903796031575874,0.39012019214510124,0.38948032526389936,0.3886137438903844,0.38801025959911206,0.3871642745144083,0.38662063854103684,0.38664432102958846,0.385981395326089,0.3848449396560744,0.3843673832445932,0.38396496214980513,0.3834212333234146,0.38329833720856116,0.38257280493869933,0.38165077687920423,0.3808968911705967,0.3807399688193089,0.38057120743534334,0.380173128534514,0.38029869093860913,0.3799220900930151,0.3786735253792357,0.3780826643418452,0.377665323561199,0.37723881980771656,0.3777416469132714,0.37780253833415234,0.37703113749705414,0.3765181746856026,0.3761185671069027,0.37593872022337743,0.37607116133233304,0.37577932320595914,0.3751169630885515,0.3749215962694503,0.37484118597851196,0.3748701591109608,0.37517438265682745,0.37512699161995083,0.37511344977104066,0.37498622241805524,0.37446498612629986,0.3742168476253755,0.37415360720455937,0.37418455257997363,0.3742618598636803,0.37439590877293333,0.3745253705627119,0.3743315614978607,0.3748160565920097,0.3769709321538283,0.37617651759808074,0.37589392008883205,0.375335983084361,0.37554695376114966,0.37584203742103034,0.37595628477241294,0.3762603823120985,0.376688136540462,0.3770981890974822,0.37810356027863135,0.3782172497383657,0.3780334801843199,0.3773802504065214,0.37682423068390786,0.3762798236432061,0.37560979725057736,0.3759751657843425,0.37613810408595366,0.3760355423724765,0.37635814699559744,0.37744381600629023,0.37799267793894203,0.37782372536156034,0.37776129880492115,0.37709814931350055,0.37674348175648964,0.3761446471654871,0.37504956925488026,0.3748917827493238,0.37529199578745015,0.3751970643596477,0.3751562660406203,0.37593137752728595,0.3768068429601351,0.3762394783248666,0.37559757587240494,0.3758758995887446,0.37539136601547585,0.373630553208968,0.3728709114144551,0.3727874958268723,0.37200627570719297,0.37128688095458506,0.3707311050996361,0.3693713758254152,0.3679856565278933,0.3673119376562163,0.36620198738717546,0.36474250510398964,0.3630979376612904,0.3619969722031097,0.360333917817572,0.3582549593087776,0.35743071786883296,0.35604421711962947,0.3532818200115438,0.35106808138093404,0.3491543667977488,0.3470426140487364,0.3446221519067198,0.34240698402188785,0.33993535057152957,0.33656406480299783,0.33294006466150616,0.33006872497168455,0.32686791571730217,0.323269739853194,0.3194924378392793,0.3152030541929118,0.31080421811565334,0.3061026689296973,0.3015498917082032,0.29722333171995424,0.2925306005628192,0.28793976325301956,0.2832687237621453,0.2777396768781368,0.2724528690829819,0.2676961876407784,0.26304142296875427,0.25832650612992875,0.2540942010207441,0.24937992854672808,0.24371084816736668,0.23864471485896524,0.23442429381510807,0.22991811693734873,0.2257850622629895,0.22185715151153107,0.2172256255029461,0.2126044391826537,0.2086107747569886,0.20511271113644003,0.20192458116401985,0.19895665466483525,0.19620119554479928,0.19332866779447017,0.19066809331200804,0.18793263338067936,0.18530629361217718,0.1832405031735601,0.1818355256543147,0.1801156283943391,0.17856316941877778,0.1772369944174875,0.17545448635092056,0.17420170592312548,0.17317686773458246,0.17230190267045273,0.17134392470899612,0.17008216514294666,0.16941515373442664,0.169077006710353,0.16829326376209075,0.16754049328159812,0.16724903115108256,0.16693149447854877,0.1664808138286433,0.16669347751016475,0.16712059019375447,0.16656648596933152,0.16562388985291893,0.16535640011879177,0.1653145609922852,0.1655229632489786,0.1661665614121673,0.1669639567112038,0.16697689163548038,0.16629357108999449,0.16598063277819047,0.16593653646216683,0.16569880646567148,0.1661385435713321,0.16660161992390607,0.16689438831104317,0.16711547928435608,0.16774939955714663,0.1681686530138541,0.16823888893955605,0.16850066344981043,0.16875924263159767,0.16928431697577323,0.16935412709591707,0.169259996806637,0.16957958046745766,0.1700109388585097,0.1706395483944979,0.17182883579863514,0.17247274304765572,0.17298627610626502,0.17351867517271727,0.17380882009562426,0.17401234581081812,0.17479215112369917,0.17578187446328106,0.17624342916774313,0.17666474002774127,0.177120184489392,0.17691304361001894,0.177530362784384,0.1791025101758659,0.1798845662067667,0.1804658391392346,0.1812220552965467,0.18200545292125023,0.18259914440135105,0.18339812210572456,0.18422846854731306,0.184702744494519,0.18438671402954318,0.18483376257199494,0.18551974080174025,0.1862557642792784,0.18726554806195636,0.18821216051798598,0.1893405681163457,0.19036678682811445,0.19060369167134028,0.1914963242728378,0.19240571250561683,0.19202437497451413,0.19263198952203603,0.1941143342643346,0.1947357310196024,0.19471237242646336,0.19570545055524063,0.1972123086371089,0.1978876927162056,0.19827261984844538,0.19958880818724758,0.20079085145250086,0.20127793919124923,0.20204710554753041,0.20259423782795927,0.20326371019202968,0.203071914682079,0.2038197027786707,0.20564638462910462,0.20668275661833632,0.20731438989841744,0.20816198591715293,0.2088038237701186,0.2098487270018078,0.21096965495198308,0.21159919801868257,0.21227588760745647,0.21298144852895123,0.21360681274741308,0.21433926778533965,0.21490588252788118,0.21518444363754247,0.2157173844537406,0.2160900537342575,0.21675935011011405,0.2180738769923414,0.21885812505853328,0.21939369249617346,0.2199900254394371,0.22097904514825256,0.22188221774287908,0.2226278368367208,0.22385304926036756,0.224408737895317,0.22400165788782195,0.22450367812354227,0.22562307536828605,0.2260671080626382,0.2259755830315236,0.22670251809273162,0.2275727457987612,0.2285220133369317,0.22934677347745705,0.2300108086484916,0.23049959036860332,0.22969749994282931,0.23015854384050255,0.23194675960496933,0.23245987813791966,0.2323069385157433,0.23258783948351203,0.23246435029379348,0.23265002099571827,0.23346590344616655,0.2339501251165735,0.23410357781791233,0.2345283214614404,0.23537924675584307,0.23575293656140345,0.23591321574527643,0.23562968384888594,0.23628607828395376,0.2374912365548312,0.2376749786741782,0.23787279611950563,0.23828474747408823,0.23779159213130513,0.23774098461528245,0.23838917754388295,0.2390619812678561,0.2397570181692748,0.24011703733557943,0.24043663120225817,0.2411267753687237,0.24158623119724076,0.24154894794742376,0.2416602879734648,0.24176789078668168,0.24233097584981475,0.24342159107731115,0.24353335524925243,0.24325026928794813,0.24357010047811203,0.24337651141343017,0.2433652469223581,0.24410416972478158,0.2448741228758593,0.24534812436651016,0.2453294295726507,0.2453943456945063,0.2453854753826695,0.24588203823305693,0.24646872921124374,0.24689489021227035,0.2480065213084207,0.2484247510019231,0.24759837695982737,0.24791322841009858,0.24901036320581796,0.2496075049628891,0.25049642431168434,0.25131189068934556,0.2521458823044291,0.2522020602588347,0.252417964288058,0.25264317105208134,0.25297297766245436,0.2531531731925403,0.25317846023433915,0.25293658890015336,0.2535772539053403,0.25496402801854906,0.255159576211436,0.2549164621211231,0.2555776685800755,0.25601530389811256,0.256145850073411,0.257159038796562,0.25793881817429987,0.25811011527660976,0.2583303777268758,0.25845143776115476,0.259119287694625,0.2596717156065226,0.25957921710959203,0.25991922784867283,0.2610285693849349,0.2617338110421636,0.2620135698508669,0.26250209984372386,0.26329643013647214,0.26386980001526184,0.2641427812374835,0.264608323835445,0.2654568993168861,0.26585794064926466,0.26555579886898306,0.26604183398586523,0.2665578827141588,0.2670699301643374,0.2674797288495488,0.26826599111424126,0.26877476525104843,0.26889787282110694,0.26924756428547025,0.26966827734414506,0.27027025302100244,0.27092192548393235,0.27155044073399737,0.27301940127291746,0.2733423993868447,0.2721917334549155,0.2723177351231868,0.2728450043901527,0.27280516886539985,0.27340229524983,0.2744983468650218,0.27537655330982885,0.2761821493107495,0.27610462687090426,0.2756449705197644,0.27584220186097774,0.27548352439807794,0.2752044818378288,0.2752910651698394,0.2760385086355667,0.2769959550201284,0.2773326136894234,0.2785208928065805,0.2791967114142138,0.2782691942325367,0.2782372302636777,0.2788887049150153,0.279625046341751,0.2807372405651497,0.2816594375611436,0.28213359567427393,0.2828030622088428,0.28281963999495574,0.2818371956982219,0.28158134036771276,0.2810457527218625,0.28145608536051636,0.28295638683239827,0.2833291768889788,0.2835981736645004,0.28413090746642955,0.28403704114777995,0.28420568035776045,0.28512467939411756,0.28563371843248636,0.28567369267588144,0.28580770270332784,0.28584596178723687,0.28618775044103256,0.2865623497094071,0.2872877628685833,0.2872437008871196,0.28684560641401363,0.28725195283497906,0.28767669434625787,0.2876752081732476,0.288186680844,0.28859647580097036,0.2881770280634963,0.288080198392376,0.2886710769853603,0.2890513591788181,0.28921607591340326,0.28911542415171987,0.28874581486083134,0.2889081832185771,0.2889591706988654,0.28915803434915976,0.29029494247631,0.290808947458069,0.2907587415835072,0.2906619062272802,0.2895003964505891,0.2901280002710813,0.29173337502289665,0.291646014965896,0.29164112527748476,0.2918196590894872,0.29200661132910904,0.29137476035297943,0.29145100890683007,0.29236568186473383,0.2925943613359848,0.2927051707099444,0.29213541008812577,0.29041000096076475,0.2905179063839164,0.2917178838703889,0.29141215837013623,0.29168331427332933,0.2913953045528746,0.2888785430053496,0.2877525564438816,0.2879082873293395,0.28763574394418656,0.2867618181852528,0.2867687421951168,0.28801182417272864,0.2884575875698069,0.2870870719596909,0.2868259274403735,0.28621773567618747,0.2844302293680743,0.2834869667093981,0.2834994824361266,0.2834969272019868,0.28324236675967,0.28294227700234387,0.2839703864843211,0.283343640117948,0.2807138396205473,0.27986816631843114,0.2794064865082682,0.27891392088213546,0.27956278578445065,0.2791749776139481,0.278323718575069,0.27707045422255294,0.27464388567149356,0.273501449398665,0.2725704589695033,0.27179598079410977,0.2725497243469231,0.27206631670083187,0.2701962955068253,0.2693984048387545,0.26892888403854426,0.2681598258764176,0.26739193553754903,0.26756508599218237,0.26803889586916435,0.2672096375514392,0.26665483127614564,0.26689328417176017,0.2663118297006596,0.2657152052007874,0.26484227093292906,0.26380082692588347,0.2629560378539784,0.261710268595962,0.2609944461439543,0.2609301852656068,0.26027720530130943,0.2593021515298162,0.2586460489328078,0.25784822182699213,0.2575868209979395,0.2578995933297419,0.2577860530274268,0.2578071300423782,0.25759745343635854,0.2573822207625489,0.25681061261409405,0.25566584842766765,0.2549954672112262,0.2535627597845755,0.25328501646961943,0.2549694191334863,0.2551533868692956,0.25473251350909243,0.2549167880606737,0.2545528187144571,0.25413782297270554,0.2540646965822377,0.25477303796192846,0.2534069450263539,0.25149418265751144,0.24997469283284388,0.24863688523993213,0.24870043364879715,0.24905495079595655,0.24807039489047228,0.247927847433772,0.24869428991505407,0.24915921831519386,0.24919483464068584,0.24698702878614812,0.24638959037769953,0.24665886772310303,0.24593701652376532,0.24659803438792327,0.24737631185971656,0.2469896743256739,0.24624087227600322,0.24655897792351145,0.24627189362851104,0.24392825779305696,0.24316244409856438,0.24460992411614557,0.2439989349497123,0.24145065334625895,0.24088839029197323,0.24104321766911402,0.2408265046898048,0.24190023012815762,0.2415380490900077,0.2391318783396075,0.23926415552569177,0.240707431509813,0.24048445262201404,0.2410504904510458,0.2410234520011688,0.23914967140417714,0.23849061259004156,0.23881412627675824,0.23838122247252458,0.2372001648704729,0.23699582775677439,0.23812981812852388,0.23781104454237248,0.23602506395710457,0.23556097610370105,0.23538861988953053,0.23540395137081838,0.23722243803142037,0.23743332463601377,0.2366258072495587,0.2351283903879096,0.23399777266408822,0.23395437397714133,0.2355954232670521,0.23604611320091975,0.23550447350418516,0.23631687947851845,0.2357371005793085,0.2352061312209969,0.2343876998064831,0.23168630355271702,0.23142264391259487,0.2318236993425718,0.23191003783418773,0.232466848707711,0.2325953305825567,0.23165544638583296,0.2285463777381078,0.22871846398028092,0.22978860776551943,0.22685282383836256,0.22804062743176384,0.22991435915996464,0.22760047757206858,0.22808785095106837,0.22776786439503705,0.22406199621024725,0.22377463533346845,0.22475195976443213,0.2238250131840365,0.22516522651211976,0.22682455648829555,0.22655079264610856,0.22591374696629016,0.2246901410313802,0.22336810306520646,0.22300403067344787,0.2249294488974742,0.22601446539832704,0.22448174006963464,0.22312826638764482,0.22143937081102877,0.22028565892498864,0.22074329612140015,0.22100835982418615,0.22332856987268274,0.22517602307188378,0.22432911819192067,0.22500203279786138,0.22262458139862107,0.2189119389176227,0.2211389942887565,0.2241110770482115,0.22215824709727344,0.2200815004623614,0.2193218636860933,0.2171742268517015,0.21740665115039798,0.21828456914293365,0.21511990791940805,0.21222139764110548,0.21398289101830512,0.2166598786821264,0.2197851247921605,0.21994533923630097,0.21401494476124655,0.21170400069987916,0.21328973174109223,0.21398212055710333,0.2129328455007186,0.21208212399546678,0.21248763418456468,0.2119290715851186,0.21419445236026538,0.21473521231252976,0.21016178545817402,0.2043278338966219,0.2036006070341872,0.20989016562474044,0.2100424860626518,0.2090933349299398,0.21123764607621592,0.2080666635277069,0.20640297238042665,0.20659536342916004,0.20307733945453876,0.19663750554438075,0.19474964634737868,0.20049988573809518,0.20193346879785976,0.194809796621513,0.1893062862663354,0.18711841274619226,0.1876354321604767,0.19309750046931687,0.19454057551459078,0.19089047423025032,0.18966440936804074,0.1907237128053824,0.19137617086893036,0.19207102288572586,0.1929664524110799,0.19037070119719443,0.18830086814736477,0.18979517091969123,0.19030734503912447,0.1890531507813905,0.18748254056147365,0.18788110251781753,0.18809223396671076,0.18494439756190867,0.18467525571670454,0.188551922596563,0.19511279848797725,0.19330710084816627,0.19104478710417402,0.18965612771776058,0.17781494245727716,0.17437882345762082,0.1799845933656517,0.18231319267258467,0.18640307010109017,0.18445320860586106,0.1776553350648378,0.18062618567392694,0.1866960158799636,0.1789628974026336,0.17946053066345222,0.18469272237968795,0.17969577999688474,0.18267106318306484,0.19039736449933947,0.18393007092292382,0.17627447381280115,0.17521392302841868,0.17165923094030797,0.16718904405716856,0.1688521912068402,0.1712279996674548,0.1788859896807818,0.18307798095166888,0.17311192822060933,0.16443981237288607,0.16449434016960524,0.1793958429369275,0.19018530816599763,0.18319613617053437
33_4_ANDGE_1_M_1_00000,0.1854697003255201,0.27449898553273433,0.21673288392774756,0.16568955532607452,0.16769832412382754,0.11517848857821347,0.10332770985887717,0.12565528301156242,0.11608654839386215,0.09093641396592793,0.08622618117856641,0.12207439662893829,0.13401293558128807,0.11651559796733169,0.09290783705015322,0.14446159158252161,0.1616661213706022,0.13705871568418285,0.11924179485231041,0.13161297383673054,0.15242594023265585,0.1532422919835953,0.14491776767801431,0.12333071163567225,0.09813066989602245,0.09720481404447784,0.10332145986517925,0.11529830010989532,0.14823500693362168,0.1520496251710389,0.13201149772046797,0.11593705988584702,0.11760614840095304,0.13278164298941295,0.14728984043316992,0.122676634272564,0.11729863458351526,0.1391536031546469,0.13871702234462618,0.13384022965909667,0.12787496677842614,0.12144319153112512,0.13446048214070172,0.15038811422214302,0.149168436520897,0.11164691689707089,0.09597144289657582,0.11697271959715515,0.12218109550311199,0.12441227851439803,0.1288528369801669,0.1382241216218382,0.13161451671783905,0.12289515192647793,0.1286219973479689,0.13280714769347005,0.13174048428560112,0.12575546746405314,0.11991204384358367,0.11920550323373773,0.1231377551373693,0.1263975801529228,0.12752473211152038,0.12551461197123254,0.120707986861433,0.1232030239386192,0.12575881565006763,0.12264772982387316,0.12109297449579819,0.12239448106013816,0.12545873626493406,0.12572606620166155,0.12470869807352646,0.12438237088002388,0.12721779421236706,0.1287926026850319,0.12698911217675998,0.12200333601273615,0.12426953324251933,0.12768846245643303,0.12756221128105216,0.1245547164911022,0.1250283646844793,0.12944648068659628,0.13252018099940405,0.1318363623662983,0.13142448730309603,0.13709058339905036,0.13655089763532932,0.1328494508149593,0.13062291416366617,0.12936387766366836,0.13024036191894175,0.1324406310277789,0.13089095193678124,0.1319509919945094,0.13487819590379158,0.1340534622835079,0.13368172417076532,0.1332335172425694,0.13137789643266412,0.13076447809538547,0.13210221576071443,0.13467782874378872,0.13438301040938685,0.13403042045817895,0.1344633387891909,0.13385503794781128,0.13408233499104688,0.13488638070972203,0.1349937576790352,0.13527881071098588,0.1339905546423478,0.1304377248361949,0.132554831043472,0.13569604711538236,0.1364726063770529,0.1356369782971064,0.1352943386622827,0.13568147850678602,0.13522964829861533,0.1355674577992954,0.1374085148121524,0.14044152843046587,0.13619543809812906,0.13281219485462828,0.13681801648463762,0.1386724694061119,0.1371072568202251,0.13377267585536787,0.13552837672645565,0.13522432277790425,0.13387998873835116,0.13782605764177627,0.1395452511586668,0.13790374320054988,0.13429919245735428,0.134488462924282,0.1352312230133156,0.13389841484232656,0.13259974287062193,0.13310756253915546,0.13540359014522044,0.13726957361765676,0.13735140162343507,0.13660288558742267,0.13733350176486062,0.13805700803153165,0.1382667994430869,0.13796464401222233,0.13884614676489626,0.1399331979508041,0.14072452490761675,0.14275479910519026,0.1424339081281427,0.14033946391523316,0.14152040037544447,0.14471466553357473,0.1478291650687394,0.14845225083888294,0.149976966639866,0.15219110541472786,0.15411280488548357,0.15399669832318294,0.15540886057969014,0.15943775341562816,0.16203557590742562,0.16393674546281847,0.1657580056843098,0.16827180465467023,0.17009003787169696,0.17232941364420937,0.17648092547842922,0.17857891440831006,0.18016759655618222,0.18300079843849495,0.18673932282557276,0.18994539936160681,0.19188749040021563,0.19266091873932625,0.19417127593864453,0.1966572937328427,0.1992481380553374,0.2013226030926837,0.20288737198828102,0.20412664911650685,0.20449864543130744,0.20469547249495412,0.20542740851952815,0.20734683985645022,0.20831328624358197,0.20810867586251272,0.20929846498028454,0.21032697267032216,0.21117011993256368,0.21247846513895668,0.21350527728040883,0.21439325202713622,0.21523485751659122,0.21422477059748815,0.21359149843472197,0.21453526884044058,0.21480225030921013,0.21508308518138985,0.21539151353271058,0.21492509276571722,0.2145995735866546,0.21456779601256903,0.21460155256209582,0.21363201295575604,0.21249638610147117,0.21210301888417454,0.2114965169376776,0.21047851960524014,0.20913181185809548,0.20803080109521913,0.20704035475013086,0.2060844345429561,0.20511744267803897,0.20385792976286238,0.20234891267036875,0.200782110381805,0.19938683166634924,0.19764592655948823,0.19536102707964326,0.19424903576150201,0.1931065596943664,0.19150366054047774,0.19067802600130287,0.19016369626504329,0.18934489031449145,0.18732653159786838,0.18668165374652287,0.18653263958049557,0.18512446456375845,0.18410230963345278,0.18361032274614766,0.183334477980139,0.18209656091915036,0.18072436805110625,0.17980242437003746,0.17974498157915936,0.17902895267528945,0.17793858186764577,0.17781353776804243,0.17705278458677406,0.176279495180958,0.17635671470780617,0.17585219702844512,0.17486467717283705,0.1738633879683055,0.1739794986123764,0.17430483596419563,0.17442456384689922,0.1744847863056589,0.17413734415380308,0.17361843860170384,0.17344796285271222,0.17328322839278534,0.17320509102719434,0.1733155353437374,0.17337648291968782,0.17346884589191466,0.17349336859699602,0.17287628014524486,0.17169003118572837,0.17007378903082307,0.16825171009852194,0.16666560526845653,0.16517518964142408,0.16347039106999953,0.16225162601872228,0.16104056807312872,0.1595037981889278,0.15841104895750271,0.1576495128568709,0.1571312775677674,0.15691160092517095,0.15656841047919817,0.15621860333189067,0.1563415730066495,0.15587755398238234,0.15568573679343534,0.1568482888197446,0.15779769888940745,0.15778508971248176,0.1568244374887433,0.15661757501709508,0.156487763272112,0.15615829195815006,0.1557787050773188,0.15518807137451657,0.15441140733165873,0.1535285707358036,0.15206640883657027,0.15066814675503964,0.14991263103960806,0.14913241924658074,0.1483474312028119,0.14750125399984723,0.14616833739590418,0.1454137084707908,0.14517547573098338,0.14449779110725644,0.1434403758438602,0.14232725751935812,0.1415056354621797,0.14034848938674832,0.13925850768778072,0.1385023862343122,0.13756255441647644,0.13659819608342644,0.135504441343205,0.1336632052357311,0.13261403145954062,0.13225427471177092,0.1316493973853,0.13075678105797914,0.13000424666838073,0.1297330725681111,0.12914609388312442,0.1285934530800425,0.1282620071197026,0.1278157093598231,0.1277483043812346,0.12798269033825765,0.12797910567726026,0.12768587362957176,0.1275127618557913,0.1279474164749089,0.12850766329303787,0.1290140725002763,0.12945861051265573,0.13017739516280408,0.13124512393378537,0.1325159857656018,0.13344752621837072,0.13527647507675766,0.13776474894209872,0.14003072007931763,0.14315132515356987,0.1468653413406435,0.15075060743184668,0.15494885336133093,0.15965706511429184,0.16480862932345505,0.16978583443241535,0.17518944422969188,0.1811511531320511,0.1875038302216046,0.19363844244270464,0.1995164931932939,0.20535870642612922,0.2116180773081166,0.2177009710191606,0.22324972977576588,0.2287517019912767,0.23408722689907444,0.23925393534750972,0.24433533452354605,0.24955063998710034,0.25483085966708924,0.2599308961056037,0.26429498742518787,0.26845846746322455,0.27284308151987596,0.27694480855822995,0.28115128607059553,0.28551398253732163,0.28958859164089656,0.29388230376263313,0.29803715188955066,0.30135025815919325,0.30459033901279786,0.3078740999690889,0.3111746002823312,0.31438390080477824,0.3173730245858022,0.320010235543289,0.32199004762628625,0.32430826170348576,0.3269262395856097,0.3291590877853492,0.33109205108493034,0.3327791050363154,0.3343036971688753,0.33580939366463997,0.33730802437553437,0.3387221324403704,0.33977687549992647,0.3410073131786858,0.3423630417892933,0.3433645085475752,0.34422241553260724,0.3449219164730118,0.3454611922071575,0.3462262766984369,0.34706405827700976,0.3477639428933748,0.34805169395891783,0.3483493951005369,0.34881139033823677,0.34938662669813886,0.34958427418429505,0.34964472692904536,0.34998565620889294,0.3504421459935286,0.3508254841453486,0.3510558507643219,0.35139369021654193,0.35115309311026655,0.3507363224527275,0.3516027845001931,0.3516418268575828,0.3512054333530792,0.3512993448759376,0.35141959093245756,0.3516253959399562,0.3519195088710289,0.3519941566493767,0.3522409994728042,0.35251486315699954,0.3521562062450702,0.3520160853741616,0.3520916408667299,0.35212708183349567,0.3521538260717182,0.3520971917060666,0.35196473871503703,0.35197518587492516,0.3521168937734099,0.35222961454692286,0.3520016900874746,0.3519127959910757,0.3519523637741452,0.3519567395857409,0.35180279275994203,0.3516615847513858,0.3516621516281673,0.3518306508937625,0.35174746135152807,0.3515004879803723,0.3515723178397848,0.35150640343547984,0.35133432888242333,0.35120128874971024,0.3511011642810573,0.35122470684221624,0.3515491912882779,0.35162194353459103,0.3514795192241836,0.35123874473094135,0.35110650701338814,0.3512884802084028,0.35139853368088936,0.351093755356904,0.35085103646682825,0.35063620378983246,0.3504777421342374,0.3505870563411218,0.35041744273398345,0.3501562163368428,0.3503066628461822,0.35043369642340394,0.3503381702140875,0.350052401203874,0.3502493606145825,0.3504453822379007,0.3505131356069231,0.35076494511408035,0.3504270433470487,0.34990774221980675,0.3499450392190646,0.35018318282506017,0.35018325546241447,0.3497937293857313,0.3495392119454039,0.34941864431252656,0.34947826345684774,0.3497636405090091,0.3495676333494462,0.3493793644390567,0.3497014395464262,0.3494505358218713,0.3494163290208664,0.3497910443343223,0.3496190444501121,0.34951724754881036,0.3493680252168951,0.3488398559251437,0.3490075847252813,0.34909108933665156,0.34866222989446644,0.3493739006486896,0.3495121027060039,0.34899092551235006,0.34929053193055526,0.3492417314630821,0.34915227472021143,0.34953924939944697,0.34966688846417543,0.3496426604643449,0.34956301601893897,0.34937337538712016,0.3492813284159767,0.34930634370480934,0.34936410765949893,0.3494435007342416,0.34927749265160074,0.3488146851509001,0.3486960734386106,0.349115693179848,0.34966388481034677,0.34934537286286715,0.3493790143098445,0.3495327677576733,0.34937363379501724,0.34958925041083994,0.3498833925236044,0.3499838217964422,0.34974590173393594,0.3488194930423652,0.34820756179905465,0.34921203261691836,0.3497634367022714,0.34979234893313205,0.34961202771759575,0.3498109004144752,0.3498476048842546,0.3498008254139382,0.3501290173123364,0.35019492268335883,0.3499088398864164,0.3494543953046366,0.34953205312359437,0.34974037183878776,0.3498406214509454,0.3497788864001766,0.3497700704546996,0.3497887990615995,0.34973498109230955,0.3494781633192069,0.3495647082954101,0.3499447905383703,0.34954728664172174,0.3492156378523225,0.34927946899998763,0.34976365059526415,0.34983891875554235,0.3496874937938603,0.34953853815288566,0.34948281486865096,0.34941269994731766,0.34930930689432865,0.3492338743397131,0.3496795050729089,0.349996259769502,0.3497305772492393,0.34935125675654854,0.34916167262904013,0.3491217146517016,0.34896886820736284,0.3494629288708319,0.3497729185223055,0.3492610352643095,0.3488639221292839,0.348684172234812,0.3488159380703221,0.349297069866721,0.34909634009287294,0.3487629151677304,0.3489147215812261,0.34892564088417427,0.3488162935725402,0.34874286858842657,0.3489856991152759,0.3491938207043227,0.3490980545940203,0.34864284434686554,0.34850872202099026,0.34852389642076104,0.3484552198839741,0.34803054879103845,0.34793620687987004,0.3480464257574114,0.3481148024865275,0.34856416454161077,0.34839803707069106,0.34786978471605584,0.34871982868106893,0.3482792660817225,0.34789589900077744,0.3490652236846704,0.34860693445353874,0.347790217152409,0.34750360036037786,0.3480151885311568,0.3475820969348574,0.3467554289206868,0.34645982301222034,0.34609909826964685,0.346478307448428,0.3472679131183327,0.34690701961313547,0.34579106653989816,0.3454144439176306,0.346544198035983,0.34592007480808423,0.34534675793766784,0.34521837082167883,0.34454035941335376,0.3437698591676515,0.3436414203326119,0.34436495144629087,0.34411985709108456,0.3443666822223528,0.345141001255789,0.34537315400776725,0.34538030619353743,0.34496207421046265,0.3442826199821068,0.3446906607109547,0.345758385670452,0.3465248157591669,0.34587913341590265,0.345459268460688,0.34525582560546086,0.3450562752843346,0.34466834905100996,0.344840641538312,0.3456524840576417,0.34665361161531477,0.3461781662096415,0.3455924373486525,0.34563257735961145,0.345614255361238,0.34480244868398163,0.34385117132990534,0.3437150857241111,0.344228973511765,0.34420959593221395,0.3440106370387958,0.34557663611764444,0.3454739123582044,0.3449245171344416,0.3452574944099718,0.344217864670987,0.344082791310449,0.3450520441249511,0.3459448880896389,0.34763972736953264,0.34221816088662055,0.34240607926061295,0.3431369048081198,0.34356837517396466,0.34394758006828147,0.34453118885484235,0.34479433703192264,0.3449880759013736,0.345646454712868,0.3447401453726102,0.343806508324066,0.34296599961637136,0.3413762919309692,0.3410714027618351,0.3417064649042309,0.3428314667746995,0.34329292465598116,0.3439064539887218,0.34415226498309476,0.34420861459279667,0.3436825538176634,0.3439977141425741,0.34447480711761985,0.34469651442474825,0.3454921543859255,0.34586586184526547,0.3462509314284,0.34697237966066363,0.3476204401498401,0.3480916693761388,0.3490352223879557,0.3487356818894944,0.3478523167018666,0.3464458214430399,0.3450217520191898,0.34456740588532664,0.3442851941755402,0.34452255366607026,0.34425615619145455,0.3442827920808419,0.34477011252657425,0.34530589721981875,0.34700542853308936,0.34695877424524874,0.3465206917487244,0.3463726840713441,0.3459195525506602,0.3444241786732112,0.3448868092489463,0.3454309752691075,0.34607451734579686,0.3468842147879223,0.3461535321235249,0.34624043310284564,0.3459522745905539,0.3452857278476713,0.3460181588684073,0.3456106674495735,0.34463562184258045,0.3445610030656275,0.34471654485560427,0.3448444122620506,0.34566056213537794,0.34666413071117713,0.3468678033429831,0.3462612912881607,0.3453224598795722,0.3452304231466226,0.3454509547110061,0.34544720832078535,0.3461575698742424,0.3464427815332254,0.34594301096242974,0.3458616175349589,0.34580181628200674,0.3457607779436648,0.34551788449761656,0.3458578785314082,0.3466665749468184,0.3469925156883823,0.3464863948436359,0.3463327921020803,0.34624602181046826,0.3458596946759482,0.3461517118908991,0.34602011263194904,0.34557577351264457,0.3460901321237987,0.3467920748524834,0.34767061119425346,0.34779305540496935,0.3468166297844005,0.34641805651234686,0.34584227483186913,0.34536539385226034,0.3457845660908783,0.34694368249495433,0.3464517644063616,0.3464295407752894,0.3468113911245665,0.34596962193372194,0.3461265455805644,0.34646586539603674,0.345991093806232,0.34623749208370946,0.34631263764730347,0.3465369447987127,0.3465772255438975,0.34669594932573167,0.3461559874900811,0.3459515479057259,0.34571442695571314,0.3450315346588336,0.3453382133835452,0.3459467887897255,0.34549792325282636,0.3453159333662108,0.3457567836589478,0.34539316002175124,0.3451972594286428,0.3452598391335367,0.345562849420376,0.3450970608035621,0.34466021399914043,0.34450312765317226,0.34392345083924736,0.34352855399698556,0.3447276852017292,0.3441766623279482,0.3427011782431999,0.3428424024729898,0.34227873040627926,0.34139039705429947,0.3418079063031204,0.34145145565435475,0.3407795717787406,0.3408955279575998,0.3404586766576655,0.33978837762531766,0.3392773853443302,0.33844723768600754,0.33781855771754665,0.33734720383193606,0.33715352733704484,0.33660176646699635,0.336421467208831,0.335978700244503,0.33455593071810985,0.33370685317393545,0.333385934666945,0.33306532283157025,0.33341210850892977,0.33306176174844887,0.3319024986914415,0.33155241848215894,0.3312745090671443,0.33117513016462136,0.3319081257466243,0.3318975706532291,0.33129904435128066,0.33100334319238756,0.3305533125407338,0.33032776977654926,0.33067810599947384,0.3311583637485099,0.3309181769301668,0.33094814780816767,0.3313481018735929,0.3309589085910723,0.33060874915459587,0.3307123517038365,0.330704268697372,0.3303195047543075,0.3301917718356865,0.3304778267756345,0.33045285855953366,0.3300269929619676,0.32999781594775734,0.330326875941066,0.3303311259951487,0.3302074496268115,0.3301822083581807,0.33000649182777275,0.32997167353647655,0.3300920813028303,0.3299995703078013,0.3296814174063929,0.3293311383745819,0.3292495458391358,0.329458082153178,0.32939885298903204,0.329212807843426,0.32929249207010586,0.32947716623077744,0.32941103513051306,0.32932409067382706,0.3295085636831049,0.3298155622831338,0.32974056294459614,0.3295870759218043,0.32964704600055345,0.32957661264320054,0.3293201234134029,0.3296855991770965,0.3301123818714363,0.3298941550139985,0.3296998908856376,0.3296805710854272,0.32970528746964917,0.32961892764596984,0.32957553425097935,0.3295554455600162,0.329315170893107,0.32941204459743434,0.3299264431400202,0.33012626764396535,0.3303646903934494,0.33037412472605593,0.32980871815195306,0.3298918019310158,0.33056271044237545,0.33058919088268135,0.3302170771300631,0.33026996377302437,0.3303134510368901,0.33032551154490736,0.3304357497833801,0.33122663679114805,0.33143781357654023,0.33118026750627677,0.3310657142553346,0.3308693044121239,0.33092945421899783,0.3310900465291022,0.3311075975859104,0.3311865928593063,0.3314126844644102,0.3315971525821208,0.33172763090065194,0.3319557780210718,0.3321115701808355,0.3321781656003115,0.3319347946484914,0.3316019546619108,0.3317743835016021,0.3317465128538098,0.3314053470429628,0.3314729779920396,0.3320137251995258,0.3320338104069064,0.3317681974688564,0.3319290503987991,0.332177185959499,0.33227037993103714,0.33260040342004304,0.33279039930037163,0.33265847858178016,0.3326345760321161,0.3328373091727543,0.33288010835989473,0.33276523755290893,0.3325898409506808,0.33261599563740724,0.3326840697418071,0.33286678946973464,0.3330554625638792,0.3330661312666529,0.33293984978583996,0.3328646153182363,0.3326931357064579,0.3325667909972168,0.33241738821657985,0.33236040649953025,0.33241084807676113,0.3323163111975508,0.33212135744414445,0.3321151366695301,0.33217983732408035,0.3321227718365647,0.33218536271119203,0.3321899783093907,0.33199178737756135,0.3317999905856864,0.3320471594807124,0.33220808577675137,0.3318183624039254,0.33161169309869626,0.33163456189533086,0.3316317915139096,0.33139276719950633,0.33144057822672157,0.3313656211226748,0.3307514937610854,0.33051629084690837,0.33066898476918294,0.33064377498369807,0.3305791454460567,0.3304900741467684,0.33040834272636715,0.3303350430372671,0.33019701183291633,0.33004897515245274,0.3299663934515444,0.3298748561937915,0.3297451360843691,0.32949390627932024,0.32889203795827227,0.3289587885165769,0.3290047417836788,0.32882916323740946,0.32859938652765824,0.32846053221874616,0.32827768714188355,0.3278572009219478,0.32756399159210237,0.32754315459801714,0.3272590435918273,0.3267319488823698,0.3262866231642136,0.32572318881576645,0.3254058008513216,0.3252661442712978,0.324978756119159,0.325088239738659,0.324607208097817,0.32329216695909246,0.32267596172526336,0.32230707618656784,0.3217040534555181,0.32140121816897077,0.32101071508517004,0.3204376660527543,0.319659732055763,0.31897704223973844,0.3183849552052138,0.3178207371971378,0.3171919632700453,0.3165372095626676,0.3160107990712217,0.3153790349261103,0.3145133294636951,0.3139007714747626,0.31353504958564643,0.3129070745988895,0.3121644656091749,0.31156219243662175,0.3108427827775695,0.31027219444924137,0.31001530112299236,0.30946738922995193,0.30873242026798664,0.3081329287196819,0.30749087789099244,0.3068524351704718,0.3062728440158886,0.30571109817525305,0.30516042013779693,0.3045582422559721,0.3038867298512316,0.30342533647704206,0.3027647144158257,0.3019966732823897,0.3012216328783423,0.3004040804751431,0.29964125339768466,0.29887919889001685,0.29808483032267324,0.2973549075675495,0.2964698790147865,0.29555431979176505,0.29447175905206135,0.29322917386752007,0.2920246086164406,0.2908964689552046,0.2893756219889182,0.2874735049389983,0.2859302175143486,0.2844654026632365,0.28266113260613335,0.2810428544496147,0.2791301248684018,0.2767120595079313,0.27429964976457166,0.27198350729008497,0.2694348151629813,0.26648442810761086,0.263666945092764,0.2609417550219245,0.25800814394964633,0.2548571155135233,0.2519051285693126,0.24880216406369765,0.24549626219356005,0.24234988765072948,0.2392582793155167,0.23617845926862852,0.2330785539657209,0.2300393018712879,0.22702598085394432,0.22411357110046604,0.22127718646359298,0.21841751144566082,0.2155003950615551,0.2128684226249061,0.21026704491403578,0.2078917343792176,0.20589835624906053,0.20378190126096132,0.20153519830443137,0.19966127072015274,0.19808793889150075,0.19639011344504317,0.19468831824278332,0.19331669733574233,0.1921371787296464,0.19084633460908987,0.18972010875110157,0.18872470680104805,0.18762298309807465,0.1866170736739829,0.18590485214442373,0.1851780659777055,0.1843425633302808,0.18360613794189015,0.18305522196362095,0.18270771444223077,0.1822748663647581,0.1819016534079821,0.181584407856158,0.18130917252603873,0.1809963429135506,0.18075285709553474,0.18046956807460024,0.18007452420830108,0.1798322343929394,0.17969107608321885,0.17952688625887273,0.17939421396095556,0.17928769988433943,0.17916482407807482,0.17913533268436369,0.17922770818566258,0.17923082795635012,0.17922860605383728,0.17925865190355075,0.17923893504331292,0.17927786444440982,0.17940911225171122,0.17949755167963735,0.17957841632868074,0.17965909184720164,0.17962801663923733,0.17979098431834054,0.18024328503103512,0.18039222125346366,0.18030657210604606,0.18051785009652993,0.1807712203689256,0.180927204411275,0.18120933760354854,0.18160018069571957,0.18195739062064978,0.18224638997313355,0.18249205853124406,0.18283448090149734,0.18334574827633474,0.183751691534151,0.18425896254639976,0.18509650045451828,0.18575800409714743,0.18629006551146665,0.18675106312741846,0.18717565883596837,0.18783702810264177,0.18844041439507334,0.18908049642041694,0.19001613699000505,0.19079891352899886,0.1914044193722495,0.1920572608575035,0.19272330328333206,0.1935647639643292,0.19447440011712525,0.19525598067200386,0.19615825401317993,0.19703725197035216,0.1977806756434664,0.19849691279902196,0.19919534432299243,0.20008282025975702,0.20113074095476283,0.20182763501220738,0.2023297629332269,0.20320358439185124,0.20410581674082837,0.20480147038951835,0.2056764921076098,0.2066198882888163,0.207329136127236,0.20801845309796815,0.20895974524346875,0.20984637720169375,0.2104472459729784,0.21115628292810534,0.21206661281092162,0.21293897363855563,0.21369515797623015,0.2145309634393738,0.21558252456096913,0.2164522846510289,0.21708234624037992,0.21792357554315422,0.21898130548389555,0.21976588659659535,0.22047781964599855,0.22119091520136486,0.2220533341106471,0.2228080461531324,0.2234704531359684,0.22425482841944497,0.22514185526204694,0.22587370985722086,0.2265823341610222,0.2275295510264671,0.22839885500784202,0.2290597085249492,0.2296710300585594,0.23042299931378724,0.2311304266352885,0.23152898419997886,0.23216420324267648,0.23311975345386085,0.2338246787396702,0.23433464467891763,0.23497733532349516,0.23570375227632137,0.2363355959520851,0.23688599036132327,0.23755376045870438,0.2382447952529998,0.23892777508471733,0.23969317922566952,0.24041107024216454,0.24117336950038912,0.24172923554259051,0.24215043844570402,0.2426605305163127,0.24298601710210502,0.24350233097260235,0.24428540898662673,0.24483051939283948,0.2451988946462791,0.245781651564919,0.24641815851427493,0.24699670943103696,0.24775305022649846,0.24833030063915543,0.24863191152606418,0.2491738665241822,0.24985070181729746,0.25042001094687344,0.25111180175660575,0.251619410847662,0.25184176823478044,0.2523157543876573,0.25298854453442793,0.2533794218463711,0.25363355313879254,0.25407032980668265,0.2543604281634353,0.2547667392263705,0.25553920215019893,0.25605876630275,0.2562862887361085,0.2567473162465327,0.257468300661909,0.25784816837694197,0.2579117328405505,0.2583732560243541,0.2590389293552265,0.2593556360773913,0.25961043213691837,0.26013390187588986,0.26049290527899166,0.26085778852190367,0.2617299099909279,0.2622810820882338,0.2623459209143988,0.262618914810703,0.26301794116276594,0.2633536382389088,0.263584002084578,0.26397770206187143,0.26457447009829504,0.2649532598223664,0.26531042234773067,0.2656574086807372,0.265811345767695,0.26601544278465966,0.2662041025082274,0.26654796389026847,0.26694813643546683,0.267348613010409,0.2680813234278898,0.2685056074183459,0.2685536720123858,0.26884987952017525,0.26919123454354105,0.2694654320956435,0.26975568756052276,0.2702039909112262,0.27083875052589396,0.2711612921431913,0.2714088652153867,0.2717214957949318,0.2717487157449775,0.2719147884590329,0.27226551342034944,0.2726147262785496,0.27304451785605455,0.27333585347014205,0.2734987452959779,0.27384754668145916,0.2743227296490042,0.274566717603475,0.274818400628496,0.2750932978025208,0.27511621525501434,0.2752025179350317,0.27547553830154337,0.27567204803192746,0.27559205783307866,0.2758187451257689,0.27648242078976093,0.27673031445673885,0.27673424664820745,0.27701110318380046,0.2773211424854668,0.2773868901738768,0.27740909663121444,0.27770230159197007,0.2780403787204212,0.27804280669905806,0.27798870806308384,0.2782444241626935,0.2784768290163198,0.27844782830125053,0.2784839886035397,0.2787233426930107,0.2788301604876757,0.27882107297382536,0.27902830222345937,0.27926896296699016,0.2793062674495929,0.2792490508794625,0.27926162690021095,0.27942881240328676,0.2795797863630664,0.279542063782823,0.2795542880347558,0.27963207421171304,0.27942604893048173,0.27939795629734765,0.279806841241237,0.2799265760311993,0.2798298162944351,0.2797673141073942,0.27962858926183926,0.2795404728452176,0.2793940856763192,0.2793247079279515,0.2794499001857289,0.2793255583816567,0.27894880581625403,0.2789187231849277,0.27908214912459506,0.27890213753386445,0.27865084979534577,0.2786602467275537,0.27858152685593296,0.2784119789105068,0.27851723757780333,0.2784948596946763,0.278063815233182,0.27792779700259185,0.27809281099501304,0.2781501391105273,0.2782499417523722,0.27820360029432323,0.2780784332937837,0.27798818700713096,0.2778023273236736,0.27764257866399844,0.2776092042815604,0.2774480600595439,0.27712058561063085,0.27685508179157875,0.2765066702341122,0.276369978375515,0.27646051087657375,0.2762784648847502,0.27599480544340976,0.27595690456396293,0.2759425185350226,0.2757167317642885,0.2756492726877012,0.275468870864211,0.2748685860690788,0.2746308161550006,0.2747319830852537,0.27462180822703786,0.27445717989436313,0.27420958794220646,0.27389012415193126,0.2736333982989774,0.27330449287108827,0.2732476162164614,0.27304398762948057,0.27275360909988255,0.2723352434709928,0.27173159903653077,0.2714771547454924,0.2716439781186918,0.27167566211731803,0.2713447546122412,0.2707864719101215,0.27023356065531906,0.2699625112028021,0.2699528578740631,0.2699136010343729,0.2695685977532229,0.26891507986952845,0.26875262053090065,0.2689999984176809,0.2687873100040605,0.26838621342808305,0.26806255202168416,0.2677363942387248,0.26767555269931653,0.26761297291098257,0.26760547645924054,0.2672662769754059,0.26667641148525667,0.2663638354998235,0.2660490710178539,0.2654909637530546,0.26504587395766,0.2646098795364534,0.2635038857059463,0.2632552069121685,0.2642342556137068,0.26386010816239003,0.26274852770349993,0.2624033379727366,0.26180460611570733,0.261293957789278,0.2614566785532855,0.26124203324800416,0.26034074177855204,0.2600173015869224,0.26052760676440206,0.2602214930157301,0.25920962521131463,0.25877871898977406,0.2587673780474171,0.25816912699386557,0.2578535617588962,0.2577424555102222,0.2570378448346719,0.25689217495162037,0.2571320713549467,0.2564810412260101,0.2559845746148169,0.2560975986002096,0.2559057160219982,0.25568837215886736,0.2552939693627299,0.2543166682746184,0.25404327322403625,0.25441435021658004,0.2543484395546667,0.25447302975638064,0.2544979490661447,0.2539415101487093,0.25361021664165884,0.2539887283701227,0.25393492106826865,0.25376511662785967,0.2538024342648735,0.2536344139034924,0.25335879568820424,0.2533478650780314,0.2534116709296187,0.2532123779888952,0.25322239135589564,0.2536393437998126,0.25355007175584,0.25309343484467095,0.25344910584079605,0.2534026793345141,0.25118355802982284,0.2521155629123748,0.25214289697206965,0.25125558100752765,0.25144121820429904,0.25108282118020475,0.24975798852386155,0.24938592075174662,0.24939125109060142,0.24942671427769483,0.24983991760888835,0.2501154187076695,0.25093031756332246,0.25056878282529066,0.24965570899496933,0.24992414853003284,0.2503722473559097,0.24991823359467122,0.24974044804527412,0.24975998859243576,0.24975838124617306,0.249104852771846,0.24960302136538762,0.2507768959426449,0.251023910683651,0.25162317238732196,0.2519651314739555,0.2514619026537113,0.24955500392012647,0.2491834418743728,0.2492648437390708,0.24884139276496473,0.24850832527238748,0.2487394214883949,0.24905144710761468,0.24924881405186658,0.25002055928271105,0.2504848147022487,0.2504271824055546,0.24935767571030426,0.24859670981892412,0.2473749037107318,0.24720428083040935,0.2471246009319827,0.24584483380616687,0.24487927908699025,0.24480538142807767,0.24397257732298339,0.24291580617223973,0.24235807694997616,0.24241249280346763,0.24142969453159147,0.2401429389384473,0.2397840087006868,0.23894159756747058,0.23684962271980434,0.2350164397283441,0.2338803915547027,0.23248199630731925,0.2308734151493791,0.22922163679727223,0.22755656194471266,0.22589559418231633,0.22433306316459034,0.22284382790330146,0.22227172620464722,0.2206152450837136,0.21729541014725234,0.21498058884827,0.21258467461809777,0.2096853353249497,0.2064605899145544,0.20378021700603388,0.20076083724016583,0.1979685600623428,0.19503796575314555,0.19254587522621683,0.19002953036640233,0.18589182972713433,0.18240815583817438,0.18019091389748057,0.17740661688131254,0.17454784391253753,0.1719300242065155,0.16911108156797294,0.16511003453280954,0.16134773445293493,0.15791228505557317,0.15486300239027775,0.15253898612971106,0.14921381434601663,0.14631844385524492,0.14430718446731097,0.1431503177500416,0.14086253129744258,0.1389126635278788,0.1379743824480653,0.13594565790304441,0.1339761657751597,0.13370586598167516,0.1335263508179901,0.1325669968888134,0.130848683866096,0.12996861336330998,0.12911636347714664,0.1283235115593873,0.12765634223812902,0.12751526755045875,0.12659762294417848,0.12541233632996004,0.12492186597055474,0.12496291390540776,0.12515950591536093,0.1261496701403806,0.1264293519061943,0.1267017097631132,0.12653722537736686,0.12623825730865074,0.12589438054239577,0.12560183753853038,0.12587346804140018,0.12640375664810227,0.12688577455181468,0.12684297290612082,0.12623151608442176,0.12619892464292004,0.12621554695585305,0.125960633423208,0.1257779785778326,0.12566268046358212,0.1252902897401888,0.12462374718535084,0.12459068629264018,0.12576345781107512,0.12599257122747182,0.12561401478052794,0.12581044167415056,0.12629153138676316,0.12627934372043287,0.12622546475573118,0.12629220875775296,0.12628734608608735,0.12643537744240071,0.12687370764122904,0.12730011540239444,0.12755504690371744,0.12808430275066565,0.12836134919353875,0.12869911594271316,0.12894755246546846,0.12857308543518733,0.12864847200801668,0.12867355698163935,0.12974834057556678,0.12995303606490288,0.13049251784649982,0.13080804135088211,0.130060267241406,0.13028588938322255,0.13154346145961135,0.13179776203773672,0.13121817549141646,0.13191077876298363,0.13348950394760292,0.13382356211976815,0.13330438865269487,0.13385641090936742,0.13404123160698403,0.13351459433967922,0.13397796475275658,0.13652482074803385,0.1370189593657665,0.13607550369255098,0.1363912917489978,0.13688446651619657,0.13715855119579753,0.13746128370164504,0.138403623254625,0.13922376581962387,0.1399974024501633,0.14045911470218544,0.14085107417382534,0.14125542788773643,0.14075975942336166,0.14111958573868089,0.14237825654270084,0.14302856850557827,0.14350610121133459,0.1439514791154185,0.143809640305074,0.1449131456580253,0.14572231020490856,0.14585694334014176,0.1461727183277858,0.14544793430151615,0.1459837123150965,0.14734044970321192,0.14782139389113885,0.1483960492418229,0.14902398229348415,0.1486686958148711,0.1488815943785942,0.14963418378436116,0.1511090407682507,0.15141620040903447,0.1512871986448749,0.15192859313426132,0.15269424923163732,0.15326976755006663,0.15418134452107657,0.15486214067507195,0.15511437059168137,0.15558130427766617,0.15634055932075278,0.15684852944803393,0.1570024766479875,0.15743959148855008,0.1579942517380766,0.15868952895636168,0.15887400895517598,0.15926487175631726,0.15972600996069666,0.15982763504391406,0.16037673404643382,0.16176376996265884,0.1622856659706004,0.16186726274461466,0.16267040430673493,0.16475366429945526,0.165159918649197,0.16477719357153478,0.16532906914464396,0.16604911936970945,0.1645498355079985,0.16480763884039773,0.1670375357031247,0.1677195211889037,0.16748232167437851,0.16786098051093784,0.16812507727948686,0.16853735171466067,0.16995797057380393,0.1699846918095347,0.16823956563726322,0.16843438334356878,0.16941196662866392,0.1693565211078159,0.17019735633399707,0.17144421352266173,0.17228331254939713,0.17214744689281083,0.17217290200295968,0.17256929577959398,0.1730507884902963,0.1730425520962528,0.17312214026377706,0.1737190604186859,0.17411124138598116,0.17357150281969988,0.17382204174548843,0.17525115214074172,0.17621552597785173,0.17623517605759076,0.1755596494799807,0.17611719161121556,0.17644198728171542,0.17672970296291715,0.17816181355607613,0.17869780002419686,0.1778274282226357,0.17805402802986636,0.17925255537404483,0.1798483699783147,0.1807250990201148,0.18085945839503326,0.17990223597490318,0.17952254110735008,0.17985744364929515,0.18047508173130708,0.1803593359705906,0.18053024728731154,0.1811010438847916,0.18121189835541318,0.18126637946146879,0.18208723540713698,0.18276032035668913,0.182601800209913,0.18276380783529977,0.183690892876376,0.18445156195303783,0.18491635882596863,0.18522452937471426,0.185368632628821,0.18626014714807204,0.1868084590349321,0.18710589780433914,0.1871909197796869,0.18727594600207811,0.18735808049298713,0.18692400932603917,0.18693949951761762,0.18712428358303562,0.1877258360133396,0.18949902957117176,0.18953242786716473,0.1882790913337386,0.18842531947764654,0.1888983227343022,0.1876526502800525,0.1885386082026079,0.19103746523882256,0.19153838346574037,0.19092063249544763,0.19096004589849547,0.19060210871404254,0.19056039478913456,0.19051129192941002,0.19117471654102153,0.19279723286499156,0.1931615854133213,0.19366844274875886,0.19373206957550848,0.19161337180815358,0.19149002698374465,0.1934902370043323,0.19381726676941635,0.19338889267415826,0.19388694205930435,0.19462562930204066,0.1951096603638215,0.19465848822096626,0.19416337282598717,0.1949127539790289,0.19529087076638507,0.1952143575527995,0.1964966703083916,0.19728852934403243,0.19664071777528835,0.19628177804927613,0.196845100993006,0.19714870767182036,0.19613247906774273,0.19596376124489348,0.19672711052536948,0.19762762197777678,0.19867993635292625,0.19895783900645528,0.19939792860917938,0.19968670902224664,0.20056232650214667,0.20233761898418526,0.20193861954856362,0.20037035155507063,0.20000197744977724,0.19842168540068916,0.19783146151540812,0.1988395502518525,0.19943869018335905,0.1998982820947288,0.1999779117876402,0.20002611130602538,0.20068147986351373,0.20186944852107852,0.20174302155396454,0.2011206483834843,0.20094912997734363,0.2007811151566923,0.19931499719321474,0.19900799438912065,0.20008705149955353,0.20045516886522072,0.20012925827689002,0.20050964082414122,0.20186931906456887,0.2021560908951879,0.20214178299254862,0.20199124013084319,0.20098152462708144,0.200667099049092,0.2007248190289927,0.20048346140193846,0.2001433727014971,0.20027958035275079,0.20094885349194036,0.2008212224202948,0.20081483568007724,0.20023996934449845,0.20010643793558638,0.19950587354379182,0.19899822423154664,0.1985942887058561,0.19886644621360217,0.19931849419822376,0.19922229323769125,0.20003018203131193,0.1999546497525445,0.1978732376568077,0.19772865364793546,0.19909813279503197,0.19925348307452895,0.19938112682192952,0.1998220882842256,0.20077771904424746,0.200002089929161,0.19703621521378242,0.1966793668543962,0.19713815634737875,0.1965483126755691,0.19651195825772355,0.1983773964734464,0.19877118314019684,0.19749362320446956,0.19756786236202195,0.19978436576712108,0.19971836571652643,0.19804177966744432,0.19704620280698973,0.19605321601892114,0.19469309123300407,0.19188380739999605,0.1918843424588683,0.19405283075424695,0.1940694887807021,0.19443291739491866,0.19494104179812258,0.19452223433963706,0.19360906331995642,0.19282411063967342,0.19265258557270293,0.1915217930841409,0.19063956246824304,0.19180417140893777,0.19162818369790308,0.19011809738867538,0.18800400182483734,0.18753900789445424,0.18924512586573833,0.19083553692119878,0.19026602902166823,0.19015879901792812,0.18848151787997777,0.18844957538601365,0.19005849311506356,0.18951666900487837,0.18813350897106446,0.1868757746709704,0.1840633696127402,0.18316415069633418,0.1836803112682445,0.18322370109004965,0.18244048238048546,0.1826102886712625,0.1837836289923614,0.18346655882075227,0.18228235966478493,0.18246253110989374,0.18291374728611146,0.1824047031545781,0.18275883095723355,0.18285831319694382,0.18047728047847503,0.17981659417978477,0.1810420626553132,0.1821396611742356,0.1820941667989438,0.18226744595512076,0.1812570237679788,0.1795437514865539,0.18091501814195182,0.18267532774352158,0.18119941026356565,0.17916358980568275,0.17869056654930487,0.1762237704724109,0.17525138494883014,0.17758468678484424,0.17798457477824953,0.1761039112508206,0.17538824380736373,0.1762844778172875,0.17623263120481875,0.17505464955969524,0.1743580361178545,0.17376736148953803,0.17353200554802642,0.17351586129600244,0.17365764942128709,0.17513055924520832,0.17449370214137436,0.17122759304515042,0.17088935685185627,0.17149607185581867,0.17145670425401358,0.1732296351284882,0.1739213714381971,0.1737318666911277,0.1732882810540016,0.1711927606925835,0.17107198175286256,0.17216508029653313,0.17224971721534052,0.17157841057118675,0.17278011327483916,0.17152085411518175,0.1683827900150316,0.16727037609103132,0.1681714907353218,0.16838823240394796,0.16724520794070863,0.16560371534663493,0.16434361336967937,0.16497270468047184,0.1655802584215096,0.1657864014215337,0.16539446986615966,0.16547104803057777,0.1641671370452108,0.16528017103314108,0.16916428068205103,0.16947302447087306,0.16918208527767145,0.16799830531257165,0.163438173470228,0.16212167968043575,0.16208805956603786,0.16275250786510542,0.16592200358120968,0.16580617214804735,0.16383911203399507,0.16380715438678045,0.16291679945236875,0.16294515858384478,0.16531886000304516,0.16629046664288152,0.16638392996476933,0.1660950902341885,0.16651516097752206,0.16567748146841177,0.16133451574918098,0.16092551708118838,0.16376392498761905,0.1633184789565109,0.16272681837653,0.1625983165815047,0.1598846906730555,0.15964321938377757,0.16327936674828616,0.16319581098421082,0.15997979642902646,0.15959644394903083,0.1598989822094893,0.15972976205300643,0.16108113569366386,0.16224405486852717,0.16145876235874168,0.1603088430421237,0.16157825765438014,0.16158634022160823,0.16010248275039318,0.15757717745214764,0.1534670449299116,0.15265235173500888,0.15511838045682472,0.15825414921716158,0.16067971918360308,0.15860266702751585,0.15576042109084337,0.15575045303613402,0.1548828935040553,0.15339393226884698,0.15181006327015484,0.14972667005011112,0.1498724790331469,0.15198273960157724,0.15351084222078853,0.1523378068170869,0.14981430305371973,0.1513160439056119,0.15390429449288975,0.15509820748043543,0.15750267568674436,0.15707944688431003,0.153446365593078,0.14989821156652045,0.15006005316892068,0.15216926562986635,0.14962941873957222,0.14811273356328733,0.1476522784838478,0.14715234964770427,0.1508135893659946,0.15002871381120542,0.1464453615026174,0.14438396285854083,0.14471898854439735,0.15109171241784417,0.15416219493547115,0.15356575119300736,0.15736448981209972,0.16124365027856555,0.15960243052546189,0.15510908992321387,0.15144260090191186,0.1480568325662413,0.14658816209367476,0.14928109560265795,0.14645753085195276,0.13966008867996726,0.13973250483105834,0.14112525038596357,0.1401370564215265,0.13880992224786032,0.13894112578843065,0.13824383617596733,0.13896614540674734,0.13996808954719014,0.13996290322106178,0.14028705898310764,0.13950170143221832,0.14372229377547394,0.14279483550493532,0.13712624282756142,0.1406287357904756,0.13867699112066187,0.12925539740653372,0.1319061532529201,0.13829294425538213,0.13844651436150612,0.13887178811069295,0.140109019348947,0.13852141164106024,0.13688082619872802,0.14462852904714443,0.14623677382088898,0.13715983135548312,0.13752281386797913,0.14051494882283655,0.14149984376241773,0.14412925446755023,0.14059385979299818,0.14069621247881228,0.1457124901410678,0.1430503693902814,0.14319039790697607,0.14137360278934902,0.13466998742961175,0.14151200143218398,0.14708048297183154,0.1404351871448305,0.1406185734655517,0.141687370414168,0.1352830981637588,0.1383586575741615,0.14280196216350813,0.1362177687956243,0.13186314354693152,0.12707063250813652,0.11797934945036383,0.11702973586203143,0.12285902954843157,0.12792993823690185,0.13204875163581578,0.13187337283824754,0.12852343466995167,0.1270718847440421,0.128363989868813,0.1406532525741292,0.142839103492071,0.13382659325559357,0.13059017070283296,0.12821004992241844,0.124533646702365,0.11969702712736863,0.12103451055692893,0.12458834385729535,0.12460380060633569,0.12930243944825456,0.1333644063131382,0.13661567091903817,0.12093257298195381,0.11251634529228442,0.12098732612688512,0.12489542239262633,0.12611951530183643,0.14175452345177864,0.1388324757302933,0.11738866364115934,0.12290837270854277,0.13778758942831246,0.1415357015914784,0.14438812536491835,0.14337590896021052,0.1350457396218934,0.1258196135318467,0.12928020517979424,0.1338224728371508,0.13898918384329703,0.15643972133655482,0.15101348499957093,0.1414260353268713
33_4_LIAAS_1_T_1_00000,0.0400729019914711,0.008995939040220847,0.021786605427487452,0.031094008112230096,0.023499806537012155,0.029288727520402298,0.049889700373622926,0.06340725589310174,0.04093442889580765,0.025585094815528942,0.022725258007515726,0.03047119692992812,0.05192536770287704,0.05930858214590368,0.04805063937404618,0.054756095083064005,0.04270363380437361,0.02250131188197588,0.03308382489807088,0.04321524776468601,0.04673034484113477,0.044898823421034614,0.043001102340392186,0.04425545027400935,0.04636661875407366,0.03235066684005997,0.03087517808204511,0.04137156342191901,0.03780545551781648,0.04026761562986028,0.03974479476025128,0.023999323197603364,0.03160897875316687,0.04333220452631515,0.04280817502225937,0.041101837846252536,0.04276481995154623,0.04676279778756527,0.04525772877296389,0.043477776382568195,0.04207667265416594,0.04008845591563255,0.03842530423687021,0.03721584753646965,0.037073337121410865,0.04206421279836426,0.04638350184741937,0.04667096749051223,0.042878707931312834,0.04031869726363902,0.038726855735474054,0.03445984315581086,0.03195097749102413,0.03348327788732101,0.039084751561240395,0.04060935430219333,0.041080768954757124,0.042448570729844454,0.041605738324403244,0.04343555053986108,0.04687848710052934,0.04519310735744278,0.04548331460616796,0.04696769522675863,0.04659643944206256,0.04701259818275359,0.04730505777830921,0.04680881815879782,0.04744278432551261,0.04817891939361148,0.04849441340996686,0.04837964530201116,0.04982238183884967,0.052296359129951966,0.05381249509034035,0.05306863418525543,0.051617070837029336,0.05145941780650221,0.052713985872351335,0.05273014934983523,0.0511026407556567,0.05363643478840263,0.0545403495261383,0.05309689300966665,0.05363576522670166,0.05342888181651524,0.05299436853107903,0.05380857636573351,0.05400812647720532,0.05383995431434205,0.05396047133895534,0.05535682683382836,0.05606659348936558,0.055472011120157344,0.05531578575741231,0.05604576915876428,0.05707055204743101,0.056904376297537584,0.057349590860303806,0.057575112228626796,0.05651372496675847,0.05761780709060209,0.05859915740288732,0.057832024224234835,0.057650990979860595,0.05709623541606087,0.0563986880558453,0.057560550467396304,0.05886537863907744,0.05954673396089062,0.05925582648184805,0.05914527992509861,0.059034026780852684,0.05858622553595228,0.05824266577975624,0.058562590840087296,0.05947598893374971,0.05948375851468259,0.059463917062546466,0.05960162981398806,0.05950211574378104,0.059291736686144056,0.05912190239176501,0.059164422491139346,0.059564839301549606,0.05954961428659448,0.05873192869773258,0.05860565523476722,0.059360971753517566,0.06048788750266016,0.060209654804182534,0.05980511076312556,0.05967727633436681,0.05976731606394301,0.0603843802405688,0.06081306160257462,0.06029391016232865,0.060135678463459276,0.060494846851752285,0.06113988375213357,0.06106268417290673,0.061410488056610875,0.06235600523312517,0.06271417678105315,0.06332675221289934,0.06404660672595562,0.06429882506132233,0.06492603269458076,0.06581617215123742,0.06674469602766263,0.0683040992585812,0.06951757167592235,0.0701089865618502,0.07177209462026189,0.07343670313516415,0.07478935353985183,0.07619266913086402,0.07794780788967903,0.08021593583611382,0.08300807483434755,0.08535987154251057,0.08761441412397411,0.09023039761559276,0.09293634624231131,0.09564160978783019,0.09845631388646148,0.10195075554273232,0.10524408859404052,0.10832989989377047,0.11189327615720024,0.11564726748562038,0.11927828458706814,0.12249055069134165,0.12577575777329938,0.12888088819170143,0.13165784225102584,0.1347892080929729,0.1378947974584506,0.1406686137018071,0.14293741009286434,0.14496461799802315,0.1468803491440586,0.14875589779369555,0.15046841660583601,0.15210587356306202,0.15375880531101768,0.15502802188462464,0.15618861109980028,0.15739507321707238,0.1581359353559646,0.1589407252099062,0.15992114756243178,0.16059399355337778,0.16119401666793154,0.16170795756852072,0.16202552577148965,0.16257574951019488,0.16327840026248638,0.16393683106491963,0.16456242691983142,0.16502238674301398,0.1652681264699048,0.16546678346849725,0.16567860469625253,0.16576363187407475,0.1652716563835353,0.16502884455236072,0.16477778526099035,0.16380700090929365,0.1629644378981887,0.16218450936146,0.16124044105591961,0.16011426431370226,0.15895298690641355,0.15783027040139425,0.15664601813705056,0.1554364900384745,0.15411641054078518,0.15246209964662003,0.1508714902853551,0.149174747639912,0.1470638676730666,0.14545992531705879,0.14391354522773508,0.14196796025792582,0.14015879457007868,0.13845472522810276,0.13687468048627438,0.13561243629367953,0.13433365555002189,0.13293271355504938,0.13144837259681927,0.1302973119863507,0.12936002926387272,0.1283328994308879,0.12715923980732804,0.12608677046233888,0.12526069239672555,0.12434978900882164,0.12348136246532752,0.12268794829723616,0.12182315534880671,0.12116983798992,0.1207037469708285,0.12021857375582874,0.11967534903948326,0.1191697984008752,0.11878488295865448,0.11822128613070164,0.11757800714869346,0.11698944753798114,0.11661210958704751,0.1161933735776026,0.11561006245810544,0.1148699193287248,0.11411660251560118,0.11341152239955309,0.1127574162096695,0.1119248781789893,0.11105254726724062,0.11032920811297733,0.1097305296561968,0.10925848109382952,0.10878632195811401,0.10784699452500034,0.10686842710320144,0.10590660826799435,0.1046870068061913,0.10334267945774701,0.10204929469209728,0.10099887662869027,0.10017307468309467,0.09930252686582347,0.09824925042795672,0.0974485167446355,0.09696008007495374,0.09673504133777491,0.09657236524407078,0.0963664616946492,0.09618506297322628,0.09623471933162527,0.09635891179112635,0.0964501349939621,0.0964264591329476,0.09636437099768153,0.09609010047390154,0.0955012269202685,0.09472514839090444,0.0937772344596156,0.09271427295101882,0.09166422142258322,0.09036138651488529,0.08889645449955855,0.08750880219096686,0.08613952594947379,0.0847104416557966,0.08319062954151636,0.08175657654557367,0.08052829979929997,0.07955439870281332,0.07881300765657362,0.07790708161963833,0.0769157569079708,0.07631407069465257,0.07558485944176967,0.07476728706125213,0.07401680298154979,0.07295155454321495,0.07169872627606529,0.07043133708971983,0.06927563591083455,0.06807371174961463,0.06680190527177034,0.06564534633978367,0.0643783013363793,0.06318496093162204,0.062434586517884125,0.06149874329402029,0.06063204928555854,0.0601512535945413,0.05965919234967842,0.059216553769999215,0.058891123475166667,0.05872635324792649,0.05859456747821604,0.058471372607388196,0.05841301693807191,0.058579180794877554,0.05884470284986353,0.059025305965108285,0.0593212951035104,0.05987671626008612,0.06074125626729541,0.0616932319228392,0.06292820752156418,0.06456772016558601,0.06661783900701382,0.06932578236250919,0.07269269622226752,0.07660167186123999,0.08135662720734553,0.08678474424867556,0.09267977830870994,0.09922097086738865,0.10635536245178111,0.11390168845932663,0.12148842494059904,0.1293013458834919,0.13727983853204512,0.1452286816996059,0.15314186580396022,0.16087673482282394,0.16831638157349116,0.17560274541533846,0.1826639235957516,0.18943170483468702,0.1958701428421731,0.202027054239765,0.20793318823560245,0.2135756329229874,0.21913010591660997,0.22445353427551448,0.22931899649093168,0.2341919370572269,0.2388706722226563,0.2431979266961017,0.2475502889478401,0.25165556271763895,0.2554637653939136,0.2592723197080364,0.2628854544821148,0.26619666424498023,0.2691653459803628,0.2720690515151239,0.2748825330685846,0.27753823394583405,0.2800007862089799,0.28228647035557997,0.2843980229264289,0.28626162468777844,0.28818516897027413,0.29006247010823566,0.29152829220498083,0.29279059794930284,0.2940202571859083,0.29532573256671973,0.2965426514053855,0.29755608714076665,0.29840217978953737,0.2994549511159383,0.3003081322816737,0.3009228806874309,0.30151941063901605,0.3020576124658216,0.30249343670852574,0.3028210440005109,0.30332444579781503,0.3037887641277102,0.3040773240354967,0.30429816597592013,0.30466613133143994,0.3051147551909956,0.30532534533742983,0.30538116047824354,0.3054871059585898,0.30580890629473095,0.30586621771093986,0.30584349480096934,0.3059062337095749,0.30601975735070636,0.30602576950748445,0.3059874581081045,0.30618401303958104,0.30618197236558714,0.3060770976555215,0.3061108711109687,0.3062376896061024,0.30631919054436735,0.3062927001371793,0.30630575135328514,0.306354921118386,0.3064056316389288,0.3063868725145531,0.3063236957181325,0.30622946125984196,0.30612971539927775,0.30613204812320755,0.3061470389262748,0.3061213355208379,0.3061502306430721,0.3061302596153717,0.3061129098352007,0.3062877046001549,0.30639307970283414,0.3064107198907748,0.3063817810168079,0.306202942514141,0.3060711831936856,0.3060763736888125,0.30601287250799986,0.30594926294717156,0.30593427275812596,0.30601068220933936,0.30610323484394114,0.3061386046462396,0.3060691589707465,0.3059467542558474,0.30601292540942315,0.30624548244805194,0.3060399678428599,0.30590970863650035,0.30594080969959087,0.3059766767245065,0.30595300197328706,0.3059293013196737,0.3059615768292756,0.30594315445383924,0.30587942686203745,0.3057857966379445,0.30567500448184726,0.3056653652020532,0.3057498847031546,0.3058451471616209,0.30581093112763164,0.30572808648595196,0.30568808685871457,0.3056763485166166,0.3056377372708029,0.30558976367672175,0.3056417936351179,0.3056039519392276,0.3054830490484218,0.3053705226675606,0.3054046089431006,0.30546541292407475,0.3054699918075958,0.3055018055368436,0.30550914302586696,0.30546063681430524,0.30533801864375076,0.305134101406933,0.30501832571290194,0.3051022415508102,0.30500889898086586,0.3048496618578391,0.3047624552883659,0.3049222653681589,0.30499932881951297,0.304948502655522,0.3048706324982825,0.3049205019784341,0.3050085810511571,0.3050157713120448,0.30482926857962317,0.30478750592927306,0.30492738939091096,0.3049941995545356,0.3048419549015864,0.3046743888812951,0.30473425505455504,0.3047864195475154,0.3047772240568394,0.3047337037634217,0.30483254908466084,0.3047675866699991,0.3046553146769446,0.30478954666555813,0.30481748668287395,0.3046406449353222,0.30433049802315426,0.3043278611075536,0.3044234934406898,0.304482559204772,0.3044323159054792,0.3043988147474796,0.3044114840784902,0.30447199621142795,0.3046130634526349,0.3046382590622844,0.304471474794261,0.30420876502882005,0.3042527356597302,0.30439998734556833,0.3042434926587372,0.30434277863667797,0.30437102944042194,0.304217705598333,0.3046579111546426,0.30472443910730534,0.3043505990258701,0.30408423873905904,0.3039293521340465,0.30395662082874253,0.30411646264021114,0.303933787139737,0.303826763972658,0.30390612201175143,0.30394155788792393,0.3038034880856928,0.30367274765643737,0.303768088672049,0.30394677120317165,0.30398727667618464,0.3038369793324185,0.3037020219416592,0.3035774813532941,0.3034760356355343,0.3034125139744963,0.30344575577456023,0.30344350313725393,0.3033609146167227,0.3033883729328816,0.3033346845777825,0.30325082155202315,0.3033005354046388,0.3034260543142145,0.3033717970779148,0.3030819344020168,0.303116052606762,0.30307565557217614,0.30295222916287157,0.3029764827821689,0.3027529188079248,0.30259671809777655,0.30274643823030617,0.3027543984370555,0.3027214613587233,0.30264754353095363,0.30245779757689145,0.3024063326943399,0.30242157234063255,0.3023625936624542,0.3021405976667353,0.3018913015986764,0.30168585480370746,0.3015283141498617,0.3016032411374123,0.3016665069204618,0.3014664774682267,0.3012170811250388,0.30098308920620165,0.30079446127316917,0.3006450317340462,0.30053830247666,0.3004678484765803,0.3003792320183865,0.29999265422772936,0.299803637019551,0.29981270707428115,0.2994232760954624,0.29917251000006306,0.29909843179313805,0.29906555467770807,0.29881755456887876,0.29854566238405084,0.298349197082181,0.29820298717567234,0.29770481580811675,0.29708658424809536,0.2966575032302172,0.29620078221043133,0.2958530216884567,0.29566986971953013,0.29560372715412464,0.29498697717885236,0.2943576626144022,0.29423916083918744,0.2937621195589727,0.29343197836227414,0.29326538050251977,0.2928196660968492,0.29275621413489544,0.2926655386492568,0.29216978232554847,0.291791890895196,0.29167028439733506,0.2917097752212048,0.29163186249296946,0.2915135133689388,0.29147488407196437,0.29148507794976797,0.29100133102929393,0.29085092705096877,0.2909692278553369,0.2907981260954563,0.29077068336549383,0.2909920873764193,0.2913181027825238,0.2911378441175493,0.29085948432175535,0.2908164641555497,0.2911837419112553,0.2910811054810621,0.29091219080445224,0.2909820927333852,0.2912572095311594,0.29143939971870103,0.29146499953605554,0.2914092088058071,0.2915393608683374,0.29169337340136764,0.2917854438693222,0.29183257878401964,0.29172601224016403,0.2916650957790198,0.29188372401177826,0.2925691696814006,0.2927771951582823,0.29249796960049473,0.2923967278125518,0.2927462939397805,0.26481899762123845,0.2648745410412944,0.26467189317858675,0.2646948841976025,0.2648055531956898,0.26469196486943164,0.2646968067199894,0.264945980986259,0.2651825918351805,0.26526287274284743,0.26550443164054516,0.2658963545014461,0.26596270824346346,0.2661751718427156,0.2663886144706003,0.26635287161945376,0.26636958656914406,0.26638720295053153,0.2664073757212478,0.2663453014862904,0.266368134998898,0.2664044935233386,0.2664135821847877,0.26665059447947936,0.26663445392897844,0.2666782064359066,0.26688450686916404,0.2668409384882288,0.2672557406774624,0.26744686615568974,0.2675066016910771,0.2675930396097012,0.26775571550623756,0.26758022532058146,0.2674843610794359,0.2677242980967219,0.26768234048915135,0.2675056025855164,0.26737458176297607,0.26727905065689345,0.26748056373916257,0.26768127320621177,0.26791163009228214,0.26845293982909535,0.26864709802057585,0.26855622117765166,0.2682586855196636,0.2681666246575091,0.2679486604809779,0.2678058029656461,0.2680839784813152,0.2682768788755029,0.2682055938968544,0.2679849912362659,0.26784461515012087,0.2678778481122143,0.2677751095497245,0.26761389441020406,0.2676332392300923,0.26763764480526986,0.26768090261735067,0.267772401764692,0.2680622282727434,0.26818585912375936,0.2680674854381351,0.26776391404050165,0.26772297021818,0.2679234627184591,0.26795679904314285,0.268278672440859,0.2683256181060128,0.26777488102064845,0.2677082805263816,0.2678637929025579,0.26779705054417774,0.26784539971579624,0.2681647573659358,0.2682473087730649,0.26802921521124795,0.26797188210746314,0.26797362234909844,0.2680004857918852,0.26795225771398246,0.2680749972656013,0.2681859241963829,0.2678891300650149,0.2676481342011564,0.26756915625001915,0.2676357203280128,0.26778010530672736,0.2678179443961674,0.2680180380571572,0.26795960164058186,0.26752555541874606,0.2674499167583744,0.2677302389547656,0.26759682324680834,0.2675596826301891,0.2675424506398454,0.2672178149432565,0.2671853975369893,0.2672960048391287,0.26720479939045283,0.26704224358484224,0.26696525393100184,0.26694190258456585,0.26709453233566016,0.26699469411630006,0.26685526605916726,0.2665917372147231,0.2663280496637689,0.2661146907586146,0.26605020247106004,0.2660697261693865,0.26586858136536135,0.2656253085920811,0.26555018873231573,0.26548263920351534,0.2652983169216897,0.2652461629718379,0.26509531753719096,0.2646947895794446,0.2644375526785017,0.2644153909871099,0.26410373506108425,0.2635240698693478,0.26344789288797854,0.26313028060426713,0.26242223101733303,0.2621099012736368,0.2616857324048707,0.26118409870483306,0.26092109537802954,0.2604266779697266,0.25965214945710846,0.258890481310601,0.2580935055895662,0.2573973932268747,0.25687443392372483,0.2562070007134341,0.2555114969017144,0.2547796542630058,0.25395095616197,0.2531522800929185,0.25255743614842713,0.25173404773606284,0.2507306105304327,0.2498678263513208,0.24903452965324108,0.248354688986276,0.24792811861851582,0.24749656188509347,0.24685723965761988,0.24622995314234433,0.245764067197865,0.24539044340114882,0.24500189860170152,0.2447566897060973,0.24447923321531528,0.24409248836931688,0.24387054521439872,0.24383650194871953,0.24358673303275327,0.2433594757408998,0.24344416224283574,0.24326796909024725,0.24297889636030803,0.2429881264289787,0.24285270131687844,0.2427643637079841,0.24289456302325596,0.2428558327234409,0.2427151270042444,0.2426147775909842,0.24246055959450763,0.24239357364913722,0.2423796664574245,0.24229688682566414,0.24219019441251471,0.2421534372827023,0.24211559605110214,0.24221317889603805,0.24226043425947058,0.24214434867785892,0.24206434482929678,0.24194139967428127,0.24183410771893854,0.24191761279059124,0.24189616567546973,0.24178498124006054,0.2417466011232653,0.24178650893434545,0.2417346864372429,0.2415480731963275,0.24158386156881514,0.24182909211652537,0.24182376688215426,0.24175499846732157,0.24180645895051964,0.24176364909411063,0.241573850928147,0.24176270637984584,0.24207422045262136,0.2419693399730592,0.24192284372105194,0.24213467190300447,0.24215619961096568,0.24217010376958525,0.2423222686544591,0.24241865116085495,0.24226209882780722,0.24233833101658186,0.24265673810978966,0.24281528534833238,0.24295484365812448,0.24310142589568673,0.2432068280976273,0.24331832826925523,0.243481452369879,0.2435155094114933,0.2435338811739199,0.24363819086883684,0.2437346859400438,0.24387091350763146,0.2439792557636905,0.2440669452460989,0.24412379601784925,0.24403531268549422,0.24417319381603902,0.24451438261528521,0.24459523755260393,0.24461832876873602,0.24475613983268285,0.24478985077257623,0.2448323860078752,0.24505499907106973,0.2451634890505468,0.24511605497421907,0.24506962372526836,0.2452150227585847,0.24532894758805293,0.24529607211411367,0.24531755610334732,0.2454635885083306,0.24559444174418776,0.24565534002351483,0.24576938974060553,0.24587042017588698,0.2458577708353409,0.24589674827232638,0.24602236471436703,0.2461210918354356,0.24619689977010012,0.2462149966428811,0.2462043738170345,0.24626357636315546,0.24631001574172673,0.2463227777735281,0.24637227454099084,0.246431331736898,0.24646128602302253,0.24645004545911595,0.24643769130810092,0.24657625325916424,0.24656567653088127,0.2464426515175446,0.24643755742347984,0.24652049567378934,0.24643378910060573,0.24625899951763713,0.24621503686442395,0.2461369174989817,0.24608504195328407,0.24619947505028975,0.2461585169926544,0.24595989722005096,0.2458493233738327,0.2457588804287667,0.24566604228733416,0.24561911396033503,0.24551069476435033,0.24535255032383121,0.2452019581037718,0.24505563217941423,0.24488711460589974,0.24466016219741435,0.24447398571237414,0.24434793223279733,0.2442787212081518,0.24408002864926062,0.24393783941118036,0.2436680922439625,0.24313523457323277,0.24285801975846255,0.2427178257535656,0.24246141291752735,0.24224208197810593,0.24202673639889946,0.24176700039430368,0.24146977798376512,0.24114771916982408,0.24089158658447804,0.24069168676649202,0.24036743143283432,0.24007484799620754,0.2397210839006418,0.2391980650678829,0.2386439608521712,0.2382961011908676,0.2379564215622034,0.23751335461099424,0.2370463079381299,0.23661013444943196,0.23612271946778757,0.2356333646162751,0.23520605513802473,0.23473017163128895,0.23421583327310244,0.233625528346242,0.2330245884753561,0.23239540753939603,0.23161298712174086,0.23095612190515852,0.23047166598448968,0.2297857646779799,0.22895410082713266,0.22826005169330732,0.22758690331596806,0.2268310767810846,0.22611461602753574,0.22540865110172217,0.22464077706773222,0.2238235978001298,0.22309970397012585,0.22240208575130685,0.22158094070691461,0.2206094467415646,0.21983177499767365,0.21910765570106147,0.21832684195652474,0.21764973633642962,0.2168429611975267,0.21585075126559564,0.21506935958660078,0.2143744102618872,0.21363536689871454,0.21295923669954298,0.21227059288775876,0.2115749393202475,0.21083637963087618,0.2100345087436322,0.20935636600124327,0.20877304631474133,0.20805933505453253,0.20731253908875685,0.20664804115964944,0.20596725967109683,0.20522054239569568,0.20451228262910637,0.2038664733811483,0.20308705871602237,0.2021577353821826,0.20128188498965371,0.20045181641336451,0.19950644849768287,0.19851065521591144,0.19744629600113547,0.19632540208886415,0.19516258761644778,0.1939810372291637,0.1926538443421473,0.19127783212307276,0.18977601658417478,0.18816225100806727,0.18642437437557643,0.18455994467257986,0.182636591491891,0.18068473792274575,0.17847263842007247,0.17607058303301681,0.1736261409008791,0.1710315853307626,0.1682944700980888,0.16546768939299275,0.16258883816536662,0.1595234376018361,0.15643745186675553,0.15335474207061373,0.1502083343801738,0.14690249078799827,0.14363155252680523,0.14045414496068312,0.13728784704513505,0.13416238721488916,0.13107235279205218,0.1280752263071289,0.12507923244501953,0.1222109923766516,0.11943283355424063,0.11677943364978928,0.11418884252348536,0.11173827695036533,0.10941412413613914,0.10722553686594677,0.10515464194611723,0.10318377648992662,0.10134272580588514,0.09961932912603558,0.0979632965108194,0.09647649896388351,0.0952280374343039,0.09394032658216149,0.09266457137976064,0.0915592493559916,0.09058696287791372,0.08959816607407138,0.08865898120185683,0.08786948907930368,0.08715313430007673,0.08644615092123213,0.08588561767345944,0.08535620559948365,0.08482603203853585,0.08427831860909475,0.08384748184462973,0.08355939914141859,0.08317447634405215,0.08276301124888535,0.08243586592836774,0.0821092870752609,0.08186461523571581,0.08173245681082976,0.0815279447353872,0.08131710559468473,0.08114477611527937,0.08095819366727013,0.08082354611219293,0.08075056797215006,0.08066494057177107,0.08058398501239436,0.08052602413685893,0.08049570403741456,0.08045916084815641,0.0804333512672002,0.08041313807177529,0.0803859798646361,0.08038203186955775,0.0803956118234639,0.08041793889712116,0.08047719193831389,0.08050230896903988,0.08046943256095032,0.08052308432453548,0.08062250006346484,0.08070313751891499,0.08083208741742716,0.08096247070115782,0.08104848823837099,0.08117522796350272,0.08133192496876207,0.08152494341064803,0.08172385587973838,0.08200058720931967,0.08222623856670115,0.08244832924636292,0.08276904877948485,0.08311758329139468,0.08345232892290907,0.08385732097240463,0.08425962424923922,0.08462226732775421,0.08502598739288272,0.08550582259414265,0.08595066715108395,0.08634850034008616,0.08680779227993363,0.08730999968168428,0.087819385967063,0.08833433647512912,0.08888560459442425,0.08948911490431394,0.09005950045061491,0.0906270344130652,0.09121805120670416,0.09182561576451119,0.09240289844432674,0.09297308904587005,0.0935696501048921,0.0941153355517594,0.09474501488883222,0.095500533337635,0.09615080074450845,0.0967263683000525,0.09740703918289352,0.09814156735503779,0.09879885041554513,0.09949755518611093,0.1001731887687899,0.10070634073081594,0.1013452767917449,0.10208677853263354,0.10279858792561077,0.10355070481333829,0.10425256513534932,0.10490502056046681,0.1055912103913654,0.1062605923540886,0.10694286558511566,0.10765844653948176,0.10837176046133384,0.10910522840521585,0.10980152795666118,0.11043580531119238,0.11114133517985136,0.11186891140891642,0.112604430058629,0.113307540974105,0.11405693405272616,0.11476401358590517,0.11540833907789809,0.11608097848781619,0.11676110856734183,0.1174904267780992,0.11824221858802435,0.11892946476228922,0.11964610357719514,0.12033301773686825,0.12093900609019362,0.12158894035465376,0.1222643665124096,0.12296376668635581,0.12367793643593405,0.12433763014397625,0.12499366891398088,0.12569428843747893,0.1263856402032445,0.12702963335377332,0.12769161609890645,0.12837893455148822,0.12904231000535127,0.12964470888045412,0.1302310000884147,0.13091046130316253,0.13162060234557407,0.13217984546563538,0.13270454649741578,0.13335435081231498,0.13394197697424923,0.13449668489061975,0.13516569971495873,0.13584535218614235,0.13643247097115468,0.13700123982699441,0.1376804068283862,0.1383183953921845,0.13882748451499125,0.13936286220842858,0.13998546611619403,0.14056012946162205,0.1410297664080474,0.1415504051395364,0.1421017178307525,0.14268376758902876,0.14332675095921377,0.1438657943041621,0.14437167565167433,0.14490784936224677,0.14535879857725448,0.145859003918654,0.14645984799785833,0.14699865266751047,0.14748442226783495,0.14798805511312776,0.1484941376533303,0.14899819044615276,0.14952368391162155,0.14999829733378311,0.15038916501540173,0.15088093476088626,0.15147729805521926,0.15193051985173933,0.15231294726415667,0.15278113619905315,0.1532176344711418,0.15361850087797388,0.15410684031331506,0.15454853494126827,0.1548250707151119,0.15521230141496367,0.15575390115996618,0.15617637819668498,0.15651624896063782,0.1569233554908029,0.15733545016833012,0.157709465439242,0.1580622932865163,0.1584966171040254,0.15901522327452475,0.15939354323884625,0.1596944915022087,0.16011292960802348,0.16053871708704434,0.16086848919843943,0.16123723072588494,0.16163815459552788,0.16191605812007281,0.16223452641872282,0.16271846096477013,0.16310316535681946,0.1633104427296957,0.16364701520263578,0.1641355099978897,0.1644763909094909,0.16472159385456608,0.16507594623195015,0.1654657399612039,0.16573834647115562,0.16599285398938762,0.16631880615171393,0.1665723220947809,0.16681039512316423,0.1671428312069611,0.16746735551101669,0.16772619739089523,0.16797065591543617,0.1682446128114171,0.16853295908653498,0.16875296361311404,0.16901529060812276,0.16941725292986018,0.16969969534210394,0.1698643986224044,0.1700988052242167,0.17030534541248774,0.17052899550074113,0.1708433328419543,0.17110058708784623,0.1712955445737213,0.1715127651573583,0.171746401132208,0.17195074240151437,0.17211860961492,0.17232256140436109,0.17254932769620443,0.17273983106682853,0.1729417971019526,0.17313103413642916,0.17325006174894345,0.17341962763557972,0.17364816345473819,0.17382269770268333,0.1740281306218662,0.17416176154293148,0.1741759721628669,0.17427137707079682,0.17441120325750856,0.17447708896537287,0.17449277588667791,0.17458810425830756,0.1747617079800427,0.17477023217131046,0.17461912379501746,0.17471583433376978,0.1749478363090023,0.17495567297297202,0.17495877788736516,0.17506929740294752,0.17505016841384363,0.17502006445296484,0.17520665731311164,0.17527387139311884,0.17507876891710794,0.1750366006717706,0.17515542135078582,0.1751509652928147,0.17510919809028835,0.17506572537747037,0.17492201793935588,0.17488080460571606,0.17495105775904157,0.17489249722240316,0.1747875431029037,0.17473859743430886,0.17463272474893488,0.1745489590784585,0.1745647080483492,0.17449535039663483,0.17435929785283952,0.17424565764440683,0.17412566770766558,0.17396382677492328,0.1737380354840916,0.1736134385244619,0.17354925848500413,0.17340252758757058,0.1732626753434809,0.17315265875944552,0.1729922955584781,0.1728194938276925,0.17271293674476337,0.17256794378980717,0.17230912283238434,0.1721558072972288,0.17212043774439156,0.17197729668168413,0.17178066856392682,0.17160948556874708,0.17142488164091274,0.1712556890969478,0.1711080097313046,0.17093721313852853,0.170774872101448,0.1705071757680092,0.17015768514033755,0.16993693073915433,0.16968138417431933,0.16967290905084254,0.16956239668220355,0.16926241751471688,0.16901851728730374,0.1687772339178228,0.1684584958069228,0.16811695400617566,0.1677940973452688,0.16750388863533436,0.16730470217213553,0.16718739650251963,0.16691111554364552,0.16653796344784622,0.1662384427641504,0.16595343001352886,0.16571840622994294,0.16542425100982922,0.1650523135113081,0.16474438620545775,0.16455980582688964,0.16441697814207354,0.1640754168390174,0.16365800358204294,0.16330178747701357,0.16297108850206535,0.162626009775889,0.1622797864999146,0.16190139138371568,0.16151228864606038,0.16112656426110203,0.16062555764449435,0.16030506982323905,0.16020832558117992,0.15983653708970133,0.15940128560858263,0.15903033938582722,0.15846429319096508,0.15803637802726048,0.15784811626259096,0.1574443997766864,0.15687305791639772,0.15644645560296203,0.15600057212217544,0.1556078689334686,0.15535982064920398,0.15496654642834515,0.1544587688346586,0.15418628312712107,0.15385529977126824,0.15355214149023844,0.15325722040775236,0.1527493879851846,0.15228804484302827,0.15201499761684936,0.15176089177293095,0.15156119165840323,0.15136334535389648,0.15104642049887718,0.1507055245137475,0.15045875806393919,0.15024928602392007,0.15000753882422668,0.14983033087259748,0.14968536927676862,0.1494575680720186,0.1492677782592355,0.1491988873079123,0.14910737892086603,0.14901151711064048,0.14902728314488958,0.14890746227152254,0.14865635288586124,0.14853082430420406,0.14838269534485152,0.148350676416961,0.14848361702082238,0.14850087481587787,0.14851419899950413,0.14849333535516968,0.14841993196696263,0.14842186337230773,0.14840994268536742,0.1483951065231218,0.14848138352997084,0.15708468901953465,0.15678455293141524,0.15678773916793987,0.15661079024619862,0.15685189280089523,0.1573746676024173,0.15758556812023916,0.15772605360327274,0.15767190336024398,0.1576691435389886,0.15771478146928516,0.15766519420279573,0.15749083771499178,0.15741302730772305,0.15745145558647397,0.15723424240725972,0.15742555557662985,0.15755654883205328,0.15738813472011715,0.15682178955511045,0.1567800535782208,0.15692020865766423,0.15668298582033427,0.15681739863100405,0.1569005565354375,0.1564410202522064,0.15626977616473514,0.15619236168176048,0.15630472295672102,0.15620491106633996,0.15622792281408696,0.15606259302255382,0.15583036888294816,0.15528778553418723,0.15479861609611922,0.15436183563048486,0.1538151507093921,0.1536663820604853,0.15324559646751007,0.152609389952615,0.15208429732271941,0.1515544577319869,0.15105821960406707,0.1504715077352975,0.15000583757539981,0.14942055818944167,0.14852419037861236,0.1473570905806478,0.1464377632082757,0.14552012336899497,0.14464406857139955,0.143437230520775,0.14229921878102705,0.14104190248371426,0.1394784973984569,0.13807673191560654,0.136604777617146,0.13507912779778758,0.13353962956168355,0.13145049386141483,0.12953025351805905,0.1276139002893078,0.12584537150960926,0.12359941715359463,0.12140785367683199,0.1192601293098753,0.11681062925061941,0.11440375160657411,0.11188971309400694,0.10911126521895034,0.10646668738073203,0.1037306620787743,0.10101737033438944,0.09826191979893703,0.0954018052849213,0.0925397351081064,0.08969153551205344,0.08688928766151312,0.08432894944146169,0.08176061360682191,0.07911202847475556,0.07657495712599066,0.07416449397659991,0.07177844837917462,0.06935969328276755,0.06719326067852877,0.06508318508906849,0.06277460837995241,0.06089172937707639,0.05960853898519017,0.05795801759177668,0.056310184031959906,0.055008860378323914,0.054002452223626936,0.05239834549814635,0.051006835796188144,0.05036936785562506,0.04944203604386787,0.04820470111447835,0.04738877266346874,0.04687663172507069,0.046332370317891274,0.046028236641037085,0.0454900761407427,0.04490531101903449,0.044170111058097435,0.043827610325872686,0.04377771884844279,0.043575458536313796,0.04338182079751911,0.04336106649796669,0.043110591377143584,0.04283149360162513,0.04279713289006945,0.0427146540361403,0.04238739678755207,0.0421359642747136,0.04210934867966744,0.04218542021641957,0.042157188234641395,0.04182971538431091,0.041850903888665296,0.04190580898753127,0.04189946995497043,0.04198814168839397,0.0420744295767506,0.04215148609458826,0.042035551490399066,0.04219371467240541,0.042098172665386076,0.04184349375340819,0.0420193055407179,0.042161064943245556,0.04219070327499825,0.04222329288073909,0.04217227337203009,0.042252734673575126,0.04252124414292851,0.042584058611251925,0.042614996355777965,0.04265040023260015,0.04267482614205807,0.04251708037979668,0.04260903079354728,0.04302996590070971,0.04309933904028498,0.04305818016335529,0.043153668801060995,0.043169109019073476,0.04320990442760694,0.04346312468253338,0.04363175898487101,0.04369512124311608,0.04378820530969936,0.044055815746215185,0.04411753894556726,0.04410667628596765,0.04441304450973097,0.044605803748959276,0.0447600144695803,0.044880894956120944,0.04498822872389699,0.04522116414290487,0.04554198678702006,0.04573179857134695,0.046045211736689046,0.04614082002771363,0.046114439527499065,0.0464567599568825,0.04663136188078468,0.04688215470530595,0.04706101470484784,0.04707596942780813,0.04715530010156441,0.04730804490418962,0.047501535803724904,0.04763073604618205,0.047884925559890865,0.04843358251577123,0.048693026068114105,0.04866000688603031,0.04896578508400922,0.04923695821520209,0.04940231441349369,0.04962868464581701,0.05008846974573122,0.050357676349635803,0.0503860704485231,0.050697905585490144,0.05132996919598913,0.051533388532806985,0.05164242964870743,0.051855368872442985,0.05192982950727053,0.05219588529210609,0.05246307714309949,0.0530573016094624,0.0533145280734044,0.05308907767469509,0.053386712021848526,0.05418120738002321,0.05453152260377012,0.0547827176203237,0.05523043041525837,0.055508412552382494,0.05559603961958366,0.05587182274169448,0.05619362056625373,0.05655288771618363,0.056828939323302595,0.05714403814730302,0.05760977651522026,0.057958936166680644,0.058212105800272966,0.05844736830022917,0.05859148499134739,0.05891891348693038,0.05949521826534123,0.0596707677249684,0.05990788026922738,0.06022615431553794,0.06043497075038026,0.06039624127216728,0.06063842128122826,0.06103685702050915,0.06140600406356636,0.061878656976543336,0.06222658630494387,0.062493048052290424,0.06281609512674219,0.0631201697890956,0.06351992339288509,0.063696232243299,0.06395795606387772,0.06433238264439808,0.06476495010937558,0.06501588778064454,0.06529704643741292,0.06565173292371249,0.06588992024697629,0.06609673313473731,0.06641077266834224,0.06673665132676927,0.06692742624899764,0.06713130990855548,0.06737359699137206,0.0677764270674269,0.06818632990579632,0.06853531931601854,0.06884096216739846,0.0692760051931073,0.0696073000224673,0.06970573410045289,0.06999770575364536,0.0705122633721187,0.070849624140227,0.0710245773548003,0.07134981417793501,0.07172181339301374,0.07205614902428727,0.07245512348310888,0.0728688411996883,0.07320990775070521,0.0734487478006735,0.07385427471561888,0.07443948809106612,0.07466839576446839,0.07461125164435654,0.07496923942251045,0.07541814666911989,0.07569143620404878,0.07620991565825112,0.07661799796700097,0.07666060749236586,0.07687059473823803,0.07756220357223548,0.07770574555771202,0.07780018491497231,0.07753320758683903,0.07787875132170678,0.07844686869527105,0.07872264349877917,0.07914036184335634,0.0796047972940905,0.07988785102324297,0.08014559194781694,0.0806185811440185,0.08100794471708475,0.08109214918933254,0.0813082786593162,0.08175175634562196,0.08215920638896487,0.08256304434892335,0.08279359793492577,0.08308773919833143,0.08343475212576834,0.0837587819435091,0.08409734132986188,0.08425922385832885,0.08419444635843477,0.08449100778412309,0.08489993980889682,0.0851669651378364,0.08561015562968272,0.08605497329985883,0.08639110021194912,0.08663280347511099,0.0868548962000995,0.08721030148624714,0.08764175894835871,0.08797764186933275,0.08836413677567648,0.08914641065804954,0.08942776597120415,0.0891419523805653,0.08944972154168998,0.09013569072417754,0.0903275094377679,0.09031468845173965,0.09064605928975784,0.09084340134899763,0.09109316633351022,0.09180394517147186,0.09230828738029642,0.09253408275389652,0.09277351031420719,0.09295426295679693,0.09344094192891007,0.09361675422106379,0.09353857091196605,0.0937282384250062,0.09399701905412103,0.09417991966967396,0.0944585793066113,0.09467415151933678,0.09461583942883525,0.09491846389985292,0.0955855175990602,0.095931397995026,0.09647280672261521,0.09666646873289449,0.09615566718826193,0.09620223732486805,0.09645013789942014,0.09660340122870215,0.09703247502789757,0.09773313992186872,0.09812202622938852,0.09842013937637671,0.09850155048636354,0.09828948445177517,0.09844741790847351,0.09867003963670612,0.09873940763253865,0.09873248695434828,0.09911124449648002,0.09988015650070235,0.09996220035999653,0.09982802416297525,0.10008191410989446,0.09996795467994235,0.09989540962331063,0.10049507577431993,0.10077419705291674,0.10064594308466067,0.10027808268101358,0.10033042265645567,0.1006889804889731,0.10079282856992237,0.10083321643116858,0.10098867278314123,0.10110693592446415,0.10128215528515833,0.10172101828273554,0.10185984314492318,0.10164444906153294,0.10181223854305982,0.10225322784763873,0.10233312318468794,0.1023160621066436,0.10248871833298433,0.10256327318754414,0.10252615840705981,0.10266150524160315,0.1027771439032,0.10277891353231601,0.10246077519975225,0.10250960736853905,0.10282888485107754,0.1030552759304163,0.1033570846963884,0.10346339301498998,0.10355189247065635,0.10360164913693465,0.10345380835767473,0.10342132713790929,0.10354677411173072,0.10346794998280252,0.10316613602703786,0.10307073627281302,0.10312578786005319,0.10294409475825433,0.10252783431070207,0.10249905945317489,0.10251892947271643,0.10255258358758707,0.10316914055162126,0.10328690761694204,0.10282196352743572,0.10264179936552963,0.10275558164629375,0.1027976071545681,0.10283538920235197,0.10322097160324625,0.10325238117822587,0.10289672764466289,0.10288185885952782,0.1029745934892997,0.10302909388701376,0.10323494695835693,0.10327394990905202,0.10317764962441281,0.10322499978888083,0.10329976521072066,0.10321956441616312,0.10314528576221053,0.10311555464757079,0.10319605648110311,0.10290403006942224,0.10230536451947547,0.10197105286640093,0.10128928236819214,0.10088819773638251,0.10091889119576623,0.10095031057373438,0.10087069964799136,0.1009950876261568,0.10058739510873144,0.09992321230321352,0.09984055296785213,0.09992143857383926,0.09960083254759922,0.09945327283272742,0.09937415649865476,0.09886982398952184,0.09858194261265829,0.09887826637902611,0.09867077803770556,0.09786764229245033,0.09755154748947206,0.09757168055359476,0.0973225713765443,0.09700525744841998,0.09668308528687965,0.09610531876040476,0.09584875457468935,0.09606304480574382,0.09579430883335718,0.09506299512035528,0.09486820252910287,0.09496557110209498,0.09475065053666863,0.09488999214501855,0.09468797809051804,0.0941380118449271,0.09312057511520946,0.0923782626985279,0.09228216743096739,0.09207994626241368,0.09178349050906047,0.09156765203363325,0.09122548850616236,0.09119467000051966,0.09151457405048875,0.09115634963850877,0.09047467165758566,0.09024056702930534,0.089808194492213,0.08938370649293954,0.0894535934499052,0.08928303526011407,0.08853510350372316,0.08814111085559027,0.08840988312997289,0.08819429277844669,0.08746171203682106,0.08705203235849115,0.08663394518257866,0.08623830408950987,0.08604725263501317,0.08584744815188833,0.0857202519515116,0.08536720211708983,0.08470852409502588,0.08441850129671082,0.08430935273575309,0.08408484403149075,0.08408255191654278,0.08403264529371442,0.08388158104680728,0.08363063172081532,0.08325502946920584,0.08301254810014617,0.08274180280844877,0.08147506429793892,0.08084739590724728,0.08078108675253164,0.08042311282441908,0.08060363180026196,0.08089437895744966,0.08055236833501543,0.07959603673373523,0.07941768359395879,0.0795031601087089,0.07904024838975737,0.07908900160181644,0.08009064396525704,0.07994945086696645,0.07908325674997423,0.07873751194652971,0.07815920032631116,0.0780721494737603,0.07865724335931533,0.07846905088206313,0.07792337436113261,0.07776174734987241,0.0772794548785398,0.07721734793409478,0.07797278901519863,0.07787975282541917,0.07723466577688506,0.07713962825451413,0.07717603553116327,0.0768043006614238,0.07644545779790547,0.07609975428837554,0.07530167126991914,0.07488638845705008,0.07483381993644742,0.07480460160873652,0.0748879305769553,0.07469259170421112,0.07448396378683955,0.07416969358580931,0.07362513846031056,0.07340909108128768,0.07361937685529163,0.07305283826175563,0.07186205515309053,0.07126230249994943,0.07051747228299979,0.06996884573443685,0.07004086598886188,0.06961332178484646,0.06988720697059217,0.07055996966528297,0.07116999672789692,0.07125080879865332,0.0697082094511218,0.06914891770641489,0.0703139954102432,0.07065851504500577,0.07011467678956096,0.06940529850229189,0.06806051910047115,0.06755331722952869,0.06883339655111166,0.06948555916947363,0.06936326668423803,0.06897442203073786,0.06818747409683662,0.06807723753726493,0.06778024083606925,0.06697182517533753,0.06660379973253883,0.06558340643082029,0.06527486744237375,0.06631723691792811,0.06570933038311405,0.06502897394727257,0.06451126704437359,0.06360219698615491,0.06402262544718025,0.06456600840838962,0.0649780195731407,0.06487748324209396,0.06491290754160411,0.0650424327804853,0.0646985276188328,0.06470991494225409,0.06389028904580363,0.06329999237314135,0.06338932355382894,0.06341246593280649,0.06384006815924965,0.0637163852402136,0.06353398961564395,0.06375508158891721,0.06326944669431932,0.06276268622835864,0.06258418725979562,0.0613628217364427,0.0601476201789571,0.060335295162944204,0.06036401201131191,0.059454815205631645,0.05839369969926799,0.05834178960990679,0.05986876917637588,0.06150462047360959,0.060949549850571966,0.05947429828245698,0.05845743795710651,0.05747220546680121,0.05809309227132783,0.05949522235044474,0.0605098335011346,0.060185141918531804,0.05810915744238788,0.057563425130078796,0.0572604046908083,0.05694067360952852,0.058800983046741806,0.05739406557346651,0.05439018462336048,0.0544545615674489,0.05427059415550185,0.055676113626307026,0.05782762091637578,0.05624448430607721,0.054337849718970294,0.0547981955260869,0.056249849877838806,0.05648085888088906,0.055412881836711676,0.05481501384422364,0.05408535448992073,0.05395109506884721,0.05462137719707661,0.05580044079590037,0.056602805171691625,0.055683590043778944,0.05538769177970623,0.05525357044864218,0.052763806344745715,0.050982430793004824,0.0512335360664545,0.05118833629569512,0.052489780705258775,0.0528378702471193,0.05066790948153674,0.04978137046125833,0.049398543526413444,0.04912563734692023,0.05029244277145473,0.04950667566034289,0.04699327486726807,0.047784946244063015,0.04980931698944533,0.051713209312094166,0.053847720719822016,0.05415733028631928,0.05377778237583127,0.052001348353597654,0.05031466329163691,0.050843341718666384,0.05297115270619749,0.05219765809332192,0.0494702946275915,0.05005041954917557,0.050419522862308205,0.04958948385927768,0.053126715946690654,0.053775289625236644,0.049619824895256986,0.04834803238239012,0.04787440914808298,0.04908683261703666,0.05177141198684699,0.04629824146647782,0.04725373202923078,0.046660592281410576,0.04337034473166498,0.04903557158563904,0.05360788064081371,0.047322568097684016,0.04323174520569811,0.045069062759996975,0.04432816437742595,0.045298335147314815,0.05185536879354053,0.05334562315227824,0.05115538431059754,0.05799378964463221,0.06118204521497552,0.05322410921952472,0.052595483640544435,0.052668478072123,0.04516685804008902,0.046853361577034576
33_4_PETCA_1_M_1_00000,0.08575873640507611,0.1439273404502382,0.14165949383966414,0.10436584151248302,0.07557163600791027,0.11874419319697728,0.1397306772316167,0.12655411743513972,0.09876567882308908,0.05893788095641718,0.050996830363851414,0.09828438061427876,0.08537391712373532,0.07261469960826539,0.08808230035379394,0.10637574098828734,0.11232200733630004,0.1020676730572386,0.07969979715185749,0.08125116929199196,0.09626905529913504,0.10356046294798933,0.10575927208061846,0.10877976132336503,0.11022683041432728,0.08031034653787346,0.07876367172545605,0.10272813146601244,0.10155518625796792,0.07572958941863502,0.05243000796962784,0.06699898111053035,0.0817970056654708,0.08494472437937065,0.07614612545091994,0.08087211249419615,0.07419794424409343,0.06124041187255126,0.0884064908363825,0.10025341365971693,0.08932920081272276,0.06982309669984468,0.07274370254969872,0.08114245453650136,0.07655176905356618,0.06752313120724796,0.06244915842996234,0.06517855091059266,0.07411164964011208,0.07611388452308944,0.07239857229103977,0.07270970721859839,0.06935558947352687,0.06754521758491475,0.07338873119919205,0.08052507498013815,0.0835477569338755,0.08074840147166845,0.07753683590772135,0.07410681359386379,0.07145114173585745,0.0714687888326965,0.07021097876018502,0.06932547194228698,0.0718437278821217,0.07360194477864787,0.07151059636869264,0.06651719178795995,0.07372082480615125,0.07781136850871563,0.07349316013966639,0.07035182177473018,0.06669162180923231,0.06514352650103471,0.07013687880686467,0.07326104876849227,0.07299297174558808,0.0702933220403318,0.06894712346770063,0.06979245203076845,0.0722301831784264,0.07317964745507852,0.07411464116976525,0.0751871448587904,0.07534917323578055,0.07376258482737941,0.07191128120477795,0.07216229776614896,0.07360646752414898,0.0739580441663842,0.07218391387988342,0.0731347431865348,0.07520382615952535,0.07639351348813239,0.07346892472683812,0.0731177802438902,0.07499308382766308,0.07387778843053486,0.07399842373841155,0.07606520784251027,0.07930455144120933,0.07957684930599622,0.07866315666657316,0.07818913078162078,0.0765718086937628,0.07703074357943637,0.0796921747538391,0.08055627286024114,0.08002458334855143,0.07983468498859947,0.08248125721137047,0.08277475537311868,0.08213400258469887,0.0826466712869214,0.08129787745119213,0.08070070074179846,0.08212623481796143,0.08333730948078302,0.08371800349044801,0.08370359361380872,0.0849942912888194,0.08346267917197331,0.08246692577389608,0.08716889770040571,0.08771617738296958,0.0867152417402128,0.08741626856462599,0.08723880789647083,0.08677778038007543,0.08675189565650283,0.08836060630083459,0.0883441320440699,0.08760372805981703,0.08990961563322171,0.0904069137094646,0.0900374517002758,0.09082779915039793,0.08914632840165762,0.08787676347799395,0.08899325908007193,0.08983282643961679,0.09031155043203684,0.0904547843124484,0.09020168518302059,0.09157996971657789,0.09356088554856723,0.09352977690704631,0.09398135641653238,0.09512336024190894,0.09644977299809,0.09627298131072581,0.09683970372397853,0.09913561550964393,0.10060641152565383,0.10161731783870724,0.10260514941453262,0.10421734093591768,0.10611679243434521,0.10808773441152761,0.10998943580810533,0.11233443757574953,0.11537518621282646,0.11893302429835922,0.12099525314404362,0.12350812066773652,0.12741478866327943,0.1315254735527586,0.13531646538486392,0.1388017259259424,0.1424572340024858,0.14638153331963677,0.150477857088547,0.15454548849006441,0.15839731275444385,0.1626769576108993,0.1675609060739823,0.17112994154624095,0.17422345315712479,0.17750920783536656,0.18147095637554578,0.18523157688465186,0.1883165761165486,0.19046894102497897,0.1929424781582798,0.19517812909437188,0.1963718863254019,0.19813508776021607,0.20008344783613852,0.2017114011556641,0.20284128562164203,0.20392359644397529,0.20502877958705337,0.20566472298657995,0.20596630276804692,0.2065218823716927,0.2081831697927127,0.2093429365240534,0.20992734950478054,0.2103434144532413,0.21151384753548552,0.21206313768103022,0.21151687015666093,0.21230474422660464,0.21294609608901013,0.21287845833962515,0.21248447859646402,0.21178313871287371,0.2108207394309155,0.2096483237292127,0.20842468837563474,0.20700442022295132,0.20531397799524095,0.2040163043471996,0.20274856942345507,0.20126667907849716,0.19983183227624363,0.1976493091342466,0.19493763551915527,0.19296799573063003,0.19053715505126823,0.18799788057728942,0.18617733171621467,0.18394410989405724,0.18125677075705096,0.17843291500837752,0.17634349800181656,0.17457322985081292,0.17270273204781275,0.17025843481984562,0.16792659138259225,0.16611825951731585,0.16510653736564174,0.16355313194614818,0.16179571051746208,0.16061424257290915,0.1592506616726884,0.15798061581463374,0.15700983800742702,0.1558904613202138,0.1546189063995344,0.15344926870453945,0.1532213747534404,0.15241260766803336,0.15125034898680315,0.15096287482829693,0.15051793396188218,0.15017786628283925,0.15034052964789715,0.15010941911524378,0.1498238762522455,0.14969320320281285,0.14933374757429035,0.14806836355417108,0.14618265583992246,0.1453123820172424,0.1437259677324966,0.14168058219414756,0.14029707920266804,0.1389823939017901,0.13720558535326663,0.13482519392958836,0.13370516186363238,0.13325692439713352,0.1328164746129412,0.13188113210298572,0.13113846743961619,0.13069127652717608,0.1300883730181254,0.12981323604277273,0.1294430161274903,0.1283416954133161,0.12743346484845922,0.12678406686558302,0.12637081107408177,0.12653173839779377,0.1263239595664363,0.12545615869949406,0.12469637633816504,0.12422011053227239,0.12386410593566498,0.12316766906330727,0.1225117329527467,0.12207505987575329,0.12187476516923987,0.12121869034152859,0.12034096791460512,0.11954367112132715,0.11902894863518809,0.11874995391269465,0.11835998387409036,0.1170463031134721,0.11596270939730537,0.11518526903796748,0.11433262328609622,0.11327708231246772,0.11203842747620882,0.11069529532327813,0.10934571227296583,0.10802438182423335,0.10678344947210484,0.10574026985177253,0.10470252379011036,0.10372869794183953,0.10307997744500355,0.10218282003248406,0.10112925752398955,0.10017624116935592,0.09897860376578461,0.0977331669714796,0.09650128134584926,0.09459347903935801,0.09317705878615506,0.09235232868418476,0.09069669047000954,0.08929217921042262,0.0881695892806461,0.08692578759945468,0.08605758235491474,0.0853806023813623,0.08467513443508386,0.08432595814261626,0.08404630714012255,0.0836313829284049,0.0830348020035727,0.08292152442078597,0.08319719715633858,0.08313206799977815,0.08301529925466566,0.08304952617051736,0.08339187460250144,0.08379267899748731,0.08434101381940974,0.08512530907150503,0.086111049798463,0.0871841101282408,0.08849246052484241,0.0905757058322731,0.09295539880183323,0.09576770163991999,0.09941133997839177,0.10383581352979683,0.10910094880168617,0.11518705853933271,0.1216812147811776,0.12920224780376113,0.13784080887310826,0.14660196123131083,0.15621774062363505,0.16647775199380477,0.17655543939819837,0.18722947705248108,0.19824745352011658,0.20919054236838597,0.2203144566002794,0.23153994630296984,0.24273199114969474,0.2536392050765698,0.26465227455482004,0.27571057992827286,0.28624148865057747,0.2968086055390133,0.30738507348799465,0.31770185196218065,0.3276912411859579,0.33752314299426045,0.34731653967521586,0.35698269756952616,0.3663008168061987,0.3752805354319477,0.3844277339375979,0.39299508910752634,0.4010265083685421,0.4089580785334379,0.416535705420227,0.4239149701467113,0.43118567978976935,0.43767096645821557,0.44383080305089245,0.4498646207313844,0.4553267772152599,0.46070904344021774,0.4659812086619192,0.4707716115617878,0.4748482137632331,0.4785588669556296,0.48233738354602335,0.48626435238546495,0.489655731778687,0.4922526668867126,0.49472224979828994,0.4971894754567856,0.49964268082322705,0.501930157381535,0.5043954630830421,0.5064175588541413,0.5074058994123247,0.50868076870621,0.5102159399952749,0.5118000608688773,0.5131460037251002,0.5139834987856214,0.5144744818824443,0.5151816344680663,0.515877892588667,0.5166376757080019,0.5175449177728507,0.518263227448691,0.5187588806725699,0.5191153494568045,0.5196292216699158,0.5200923376806866,0.5204065911789109,0.5205552471327404,0.5207402336206228,0.5209852432396155,0.5212711184973597,0.5218144487870071,0.5220560250597418,0.5217695977028811,0.5217637518834531,0.521661124527513,0.5215552718944089,0.5219688253118043,0.5223950699300737,0.5225112806429781,0.5221935069743031,0.5223732001097084,0.5224755947754266,0.5222103627165579,0.5224392766328535,0.522414936864842,0.5221990557708089,0.5225470179491621,0.5226514411453861,0.522684547039396,0.5229662322513083,0.5227422221200881,0.5225716198891655,0.5227624848350931,0.5228177248967588,0.5227495468360018,0.5226103145567329,0.5225105499760366,0.5226170907353234,0.5227295827849758,0.5226418648448251,0.5227546608049273,0.5228773387746237,0.522884031834303,0.5228543591120985,0.52272528492892,0.5225029887781675,0.5222538846934227,0.5223979016666165,0.5226699659371619,0.5227430178943059,0.5227958836068922,0.5227456696552025,0.5226375099908522,0.5227634795186311,0.5227894893243635,0.5226377783499531,0.5223804497898348,0.5224610976321229,0.5225876354824769,0.5224470523014078,0.5220527541753079,0.5218635577666548,0.5220169175581812,0.5222959788708327,0.5222507343859426,0.5220903143997322,0.5221987006727302,0.5220896272220894,0.5220338284888536,0.5221548501187052,0.5220287148115522,0.5217531226784572,0.5215756522744749,0.5218635756575745,0.5217179366233965,0.521517557711139,0.5217736056886975,0.5220015615073292,0.5219493101975935,0.5216635816088739,0.521678878464137,0.5216051878823244,0.5214488875294133,0.5213826709913413,0.5214370871319481,0.5215417919641634,0.5215494569100732,0.5210379959927051,0.5210579565667505,0.5214464641183164,0.5208546815941911,0.520558140534252,0.5208886353462825,0.521658438441966,0.5213900253056165,0.5210107151346535,0.5210971413400037,0.5213522525004425,0.5213833466325668,0.5213919501026979,0.5218205300235119,0.5217250421783418,0.5213948855403765,0.5211991808122549,0.5210749231107129,0.5211867791176554,0.5214568695541302,0.5215740693876755,0.5214220965848411,0.5210614380242619,0.5207053744076,0.5209675624879901,0.5212841802769311,0.5213108971087198,0.5211125133067603,0.5210909237699682,0.5211731460224545,0.5210911684584338,0.520973440295864,0.5208002841863758,0.5206127067140423,0.520663402686106,0.5206553305725063,0.5206036332093605,0.5207180915290164,0.5206703117517772,0.520526308125361,0.5204110731565359,0.5203009910962079,0.5205289963980061,0.5208643962151686,0.5204559144133162,0.5202143832813003,0.5201252452077895,0.5199708702547112,0.5199780219349082,0.5200067369394424,0.5199128308172192,0.5195271888664873,0.5196080143609976,0.5198320662545587,0.5195639841984127,0.5195567161155814,0.5196389156990617,0.5195703927490112,0.5190942941654885,0.5188985587131939,0.5189418569263987,0.5188219711051213,0.5188638595215542,0.5187222596283081,0.5182687049171149,0.5182006243832918,0.5181070914922584,0.518133041151762,0.5187401557469479,0.5190753838841338,0.5190591316192809,0.5188087555522272,0.5185109134644741,0.5181091081702454,0.5177042587886171,0.5175287205584045,0.5176175419213712,0.517589842215895,0.5172133650012576,0.5172262875333669,0.5169848695328114,0.516720004469973,0.5175315961787209,0.5172730969060602,0.516576777948774,0.5164533793954773,0.5161807809260267,0.5160801180469687,0.5160363471315319,0.5154302673006934,0.5152617007941097,0.5153412285614098,0.5151976357188564,0.5146867500113244,0.5142821428493348,0.5140411779472588,0.5135206169093115,0.5136426479298051,0.5137134357127261,0.5130158165178852,0.5129562536781384,0.5125875386367935,0.5118264934088376,0.5116505149043175,0.5112012898569156,0.5106615578376691,0.5103523298778033,0.5100003449585817,0.5092513977775434,0.508252849736977,0.5076831723892135,0.5070757716007941,0.5064594404501062,0.5059645748323559,0.505652490182543,0.5052841245371554,0.5047482710637572,0.5040790163364989,0.5039225341032186,0.5033556058289524,0.5018778654961367,0.5016152588328759,0.5014399333798908,0.501125005646032,0.5011271280344428,0.5011537915288338,0.5010749032092973,0.5008085848263873,0.5001615895659139,0.500719331605275,0.5016173441863923,0.5007660783879473,0.5006170876229492,0.5011134918766598,0.5017183377050427,0.5016249670113465,0.5010910378611857,0.5007357907993942,0.501154229155936,0.5011351428060455,0.5010498524911151,0.5011647914588021,0.5013560064015293,0.5014562279652787,0.5011711612384679,0.500485994722328,0.5008160648876747,0.5013761935058396,0.5019879675774673,0.5031543851385352,0.5021033149511095,0.5007355411639809,0.501174044912747,0.5024320155058162,0.5037276400445254,0.5047462193376235,0.5054689136511593,0.5049345769487562,0.5142878878757027,0.5146408836289131,0.5149853016535566,0.5153626658977933,0.5158861645948933,0.5162189024575444,0.5162531766138012,0.516174943305234,0.516186780462322,0.5159229561208037,0.5165133349854141,0.5177921225053187,0.5179938559149643,0.5179771604938543,0.5178419581835788,0.5176881154612631,0.5178290826469573,0.5185620978917485,0.5191928223987082,0.5191165202249403,0.5184687443438143,0.5182907373887417,0.5184243034881302,0.5187951577003437,0.5201674733319319,0.5213362172589936,0.5219068182433063,0.5223248363019065,0.5220480465012373,0.5216932986984737,0.5206703974883966,0.5201129376981138,0.519381090446378,0.5194941871877966,0.5199135362504116,0.5199807466347068,0.5207232196268817,0.5214097140389126,0.5214821710904006,0.5219626388264968,0.5221010641943659,0.5218136048252097,0.5222912731939877,0.5229171858606083,0.5235255106898518,0.5238476075251466,0.5242031717669952,0.5238105622639255,0.5233139334664721,0.5228956458167187,0.5228363007621117,0.5228142471738959,0.523117378002628,0.5241200868100107,0.5242404566536352,0.5243896077083245,0.5249518716115009,0.5244085849188063,0.5240683789356964,0.523900012929058,0.5237447622825858,0.5232075442064535,0.5234422336246534,0.5237381291477585,0.5239018886919184,0.5237177408829374,0.522965834328579,0.5228697759079421,0.5232759756586047,0.5239086875116381,0.5246594235460202,0.5246547677948867,0.5242218808963682,0.5238281896345294,0.523601172338526,0.5233894039850717,0.5235245410845103,0.5230792605704496,0.5222111496742035,0.521904063280516,0.5217387810600611,0.5221585232496614,0.5229892428173873,0.522657929268309,0.5217613351824459,0.5213997106377949,0.5213817050539417,0.5215790619249605,0.5216251326775602,0.5211280055767571,0.5209572534132054,0.5206424805038911,0.5203676409133408,0.5203293628569909,0.5204921663579719,0.5198083219853453,0.5188737428432085,0.5188038296736636,0.5189312365347587,0.5193839762009643,0.5200717650335132,0.5196469131557091,0.5188332774017581,0.5183598984044099,0.5175901358771597,0.5171867014636602,0.5175468991931919,0.5175038444169748,0.5173292051943393,0.5169574497918419,0.5167318408805628,0.5164357876829432,0.5163086024499758,0.5164775196570097,0.516467481596736,0.5162056638856091,0.5156737394002792,0.515064450253808,0.515093191830537,0.5150316338883567,0.5147448376506379,0.5144698610027298,0.5143825748487301,0.5141775184555695,0.5137549935085418,0.5135552070740348,0.5129546095075532,0.5117141769742302,0.5111234501567274,0.511003708768021,0.5103073180037495,0.5095453115205679,0.5087169987104266,0.5075851273413522,0.5067602627188978,0.5060479238024767,0.5048420836932782,0.5034694769656394,0.5016166549322603,0.500138600999995,0.49865132193760286,0.4972438443383842,0.4960522763814786,0.4947281856405879,0.4930961320622273,0.491510698110651,0.4903807543771062,0.48890728587524496,0.4875354163806383,0.48683149802234177,0.48597394059071725,0.4847815768971558,0.4835469637958282,0.48244559163363293,0.4814926309993577,0.480599751691484,0.47963558124205824,0.47863379762170993,0.47798997908227003,0.4774545519229002,0.47680646116203423,0.476303873976199,0.47621020552563426,0.4758002626974192,0.47527079363804364,0.47514876915095094,0.47481941517797266,0.47420430648129164,0.47397622952276813,0.47380048473427566,0.47325967436291705,0.4730266337735915,0.47288907904848637,0.4726651611706088,0.4726871068248991,0.4725260601917514,0.471955945498384,0.4716468607064217,0.4714005058240098,0.4713788417014751,0.4711347787049822,0.4709080226608767,0.47081475625798924,0.47056636574219823,0.47031064344079476,0.47027880615036693,0.47027210080234993,0.4699994206941324,0.4697257771365069,0.46947164171196437,0.46922049074639605,0.4687666330422924,0.46856270418128293,0.4685515533807027,0.4684648497444815,0.4683438603770739,0.4683223252560253,0.46837426529285237,0.46844377727244885,0.4683653086659445,0.46834611555422817,0.4683108191864738,0.46822937918657054,0.4684175090033228,0.4687897375878831,0.4689148491636482,0.4691733553613984,0.469384711099844,0.46951100681418956,0.4696503919525089,0.46988802534424867,0.47001670081353464,0.4699972730264795,0.47012630881341644,0.4702463696908359,0.47047560941879196,0.47092691999055625,0.47120942782157227,0.4714933375730338,0.47162674651798336,0.4719765178320063,0.4723936323014907,0.4725786623880724,0.4727715010215852,0.47309959720065814,0.4733797371501739,0.4735371837789622,0.47390535939895473,0.47411350767968935,0.47381234921257015,0.4740207787308865,0.4746961675471477,0.47503546296411464,0.4754402295521945,0.47568489860039465,0.47561781218942856,0.4757373940846707,0.47586372245688435,0.47606054483114146,0.4763585134167225,0.4764705574717848,0.4764814495216775,0.4766164211684821,0.47664627016158173,0.47668314690409636,0.47686068554202476,0.47719866011842005,0.4773785318310942,0.4776602683651855,0.4777305778669536,0.47745307062814296,0.47755745862305343,0.4778521105648786,0.4779627014606158,0.47825694998375456,0.47837334399987197,0.4780376926147302,0.4780622903584453,0.4785642900342215,0.47862453317772674,0.4784691427137147,0.47836072749212094,0.47851217211884556,0.4784158952652368,0.4781869915547287,0.4781619063573725,0.4781449188180887,0.4777778665571212,0.47769187039022254,0.47810919746566705,0.4780954539219742,0.4777826511137626,0.47763440366110765,0.47749704696466944,0.47732663926706964,0.4771486050884701,0.4769581787511004,0.4766450648750937,0.47650359496538996,0.476702351757572,0.4764876242118957,0.4759056431787652,0.47570739246407384,0.4757413125844376,0.47515919374794935,0.47477835805162144,0.47489977219747476,0.4745996276623087,0.4738545952756621,0.4735038902223898,0.4734485347661037,0.4730346574786917,0.4724754644433364,0.47206872415103845,0.47156837169587595,0.47105011713504374,0.47072224343679886,0.4702027813131125,0.4693580687132337,0.4687899533611396,0.46857255507991835,0.4678827937516327,0.46689839591179705,0.4661704171023512,0.4652917112242742,0.4643687371320556,0.4635775427228742,0.46297244600267834,0.46197212303367935,0.4609110053691084,0.45999128988242427,0.4592708035539891,0.4582159219876225,0.45692812868848315,0.45599183094365786,0.45526962341617205,0.4540158940029494,0.45258711596199885,0.4514765353935267,0.450186458353941,0.448822198373655,0.447751419328735,0.44660027068098157,0.4452129174630333,0.4437421517029085,0.4423604384930551,0.4410482403955958,0.43961227343773013,0.43805390404927086,0.43655006246225747,0.43512676214604973,0.4335711997361905,0.431960829329456,0.4305412944725659,0.42927173929710744,0.4277836954745242,0.4260162275323649,0.424652761730811,0.4235470477654321,0.4220927189902958,0.4205848742954589,0.4192307302332675,0.41771147051767404,0.41632476029623133,0.4152678391243451,0.4139534594620329,0.4124115708262227,0.41100807315155635,0.4095877785225113,0.40827863941967635,0.40707408634094383,0.40580454980025377,0.4046348452546068,0.4033553214831918,0.40187392490365537,0.4005706711870914,0.39943634345083306,0.3981309978808444,0.39676097369171104,0.3955275164240143,0.39408969317878384,0.3924951339822136,0.39087438209310427,0.3891950591000766,0.3875681207475109,0.38600177639745653,0.3841051082826283,0.3821524490787939,0.38008403402088475,0.37784782313840376,0.3753618128706778,0.3727974549296025,0.3700763113677139,0.36712088685904365,0.3639229480560016,0.3606984868559957,0.3571219549148386,0.35319956208987796,0.3490041918182933,0.3445141726931577,0.33989902562478297,0.33508536252348575,0.32996484496543665,0.3246595096612663,0.3191483092817339,0.31317857773159136,0.30726889645595284,0.30136666426301356,0.2952765742292119,0.2889451356191811,0.28268093476499473,0.2764320716494404,0.2700112301239636,0.26381762240691153,0.2577650796720657,0.25166098652968205,0.24540687569101968,0.2396205823111255,0.23399131966858566,0.22853313106323414,0.22333252493338232,0.2183400002447825,0.21344190412117514,0.2087925811825703,0.20441254398656014,0.20026919904979537,0.19625850041701126,0.1925506662019248,0.18919299997374253,0.18598447555097242,0.18305400974985578,0.1801641329711221,0.1773418876281936,0.17481149579876945,0.1724347028893742,0.17024158173645476,0.16838863509463764,0.16657613915675135,0.16484291407367072,0.16324187690406122,0.16187649962014167,0.16045757334708224,0.15895167581896955,0.15766518799499377,0.15663568353288734,0.15578121829971323,0.15481289317218358,0.15403346818282151,0.15331356021731582,0.15250436486270932,0.1517771173032924,0.15123746389905302,0.1507720235929402,0.1502781106419036,0.14979996746544422,0.14952662191224572,0.14920540584757597,0.14872049721508668,0.14840132312325324,0.14828019558083674,0.14810201410973012,0.1478702057707185,0.14773296355715818,0.14768379199089685,0.14764551599000472,0.14768357576586671,0.1476568141091901,0.14757066615569697,0.14759449415307396,0.14765392746559358,0.14770466275803387,0.14783474139957456,0.14796073441017163,0.14804686273073192,0.14816041850210704,0.14825183638128775,0.1484698185609092,0.14881556082709066,0.14908374295688867,0.1493747678883821,0.1497218106038042,0.1500230067785401,0.15033370987340997,0.15076907373627252,0.15132680362421405,0.15190715779756414,0.15256613908901107,0.1531513063263112,0.15372378267572098,0.15444556057365416,0.15517793156946347,0.15596045172178308,0.15688947247563598,0.15780105613189657,0.15869790848866103,0.15960582604067367,0.16058738181377963,0.16155792488653775,0.16242626691617476,0.16347628292654887,0.16473076819258345,0.16580088348929523,0.16681928333532706,0.1679252453804163,0.16895094689455956,0.17008451492757462,0.17136539415481597,0.17261153031990442,0.1738917537356675,0.17511174881375066,0.17628859057256,0.17754813996316082,0.17887101823738702,0.1800714014710157,0.18119886110568797,0.1824585835295974,0.18368848820918793,0.18492844068174288,0.18638903709706872,0.18767894515733746,0.18867726495388368,0.18992830424150609,0.1913700331513939,0.19266950780558562,0.19393802613466402,0.19533268678764773,0.19677693879033692,0.19809989452694482,0.19949960464278058,0.20086974141208547,0.20204077112248395,0.20327385128711717,0.2045939827138736,0.20590854458589533,0.20721911371962937,0.2085079258573841,0.20978247383200624,0.21106923319287568,0.21235093129893184,0.2135917423921698,0.21487235089937667,0.21621962456111077,0.21744957087366856,0.21861060353861086,0.2198371445361432,0.2210305180952533,0.2222568659072778,0.22357524489897238,0.22475892160518357,0.22583311706900408,0.22703154516669782,0.22826873359773317,0.22941537560437325,0.23051349927059703,0.23178517921408512,0.23313027317453902,0.2343094571011328,0.2356018648050577,0.23675161375137738,0.2376003677985374,0.23866889329632915,0.23989377130644302,0.24099587896817695,0.24211668485485632,0.24311182825173724,0.24386831434095854,0.2449662404683081,0.24630594434666944,0.24729754663766035,0.2482391045830399,0.2493225530226437,0.2502201298936379,0.2511727533328294,0.25244029054461015,0.2534676516743897,0.25419202981953354,0.25506162917327746,0.2559976839909621,0.25693046764508776,0.25784712555259376,0.2587702682448552,0.2597545449395601,0.2606898328833615,0.261549580390304,0.2624750237441152,0.2634820961441658,0.2643782975362191,0.26519324759852264,0.2660974380758544,0.2670312463812336,0.2678778299650287,0.2686565175474583,0.26959248914188005,0.2706372170479882,0.2714886264688293,0.2724208086832048,0.273239257213453,0.2736276663612672,0.2743781088881738,0.27542131127934927,0.27630880393761553,0.27724912427117215,0.27819230988622595,0.27917220827924066,0.2799643910880139,0.2805523819851832,0.28137608386090884,0.2822483973637784,0.28299494657769475,0.2838773766068495,0.2847133291152531,0.28529325089616925,0.28600465787349344,0.2869272066368463,0.2877267139956692,0.2884506918519011,0.28916847224068215,0.2897717101113623,0.29052052755686136,0.2914271946511509,0.2921763006277732,0.29285541426275696,0.2936464698365686,0.2945241237295412,0.295181340545206,0.29567279644504285,0.296395466446083,0.2970309295043105,0.29772580992494246,0.29886619370022466,0.29967158394866206,0.30007673185851275,0.30071884836389634,0.30138531859122963,0.3020538085454205,0.30293245112812334,0.3036416580579963,0.3041545310280232,0.3047769951863577,0.3055046827342275,0.3060511535736797,0.30636892905692664,0.30695288491891254,0.3076657547582307,0.3082309145791328,0.30896983790219773,0.3095922560174754,0.3098453093890791,0.3103082386007655,0.3110871279170531,0.3116141888436855,0.311871939076074,0.3123848397857042,0.31298117791501406,0.31348101505348924,0.31418450168441414,0.31475432481522647,0.31507322421780143,0.31546825980006027,0.3158844930279835,0.31632911911596273,0.31675859541564677,0.3172158980489408,0.31783776446867085,0.31827854075571527,0.3186169345036626,0.3189247172941788,0.3190120200066509,0.31926013791351765,0.31963542327135314,0.31997309926604806,0.32034670099604157,0.3206840843062929,0.321107323934063,0.3213258165849765,0.3213180332128348,0.3214782313336767,0.3216126306081984,0.3216968491986295,0.32183988154700405,0.32204944581847406,0.32229962319910477,0.3223698324730464,0.3223750441258342,0.3224698811841033,0.3224723717578627,0.32247293149503015,0.3226359999177695,0.32267120495318113,0.3225230838501572,0.3224376155358556,0.32234997148068284,0.32230981371389145,0.32235421682791976,0.322215806228131,0.3219570587353011,0.32186573850336275,0.32182495551104573,0.3216004607510857,0.32139593760770235,0.3211488081443668,0.32067244747908497,0.32033697061446326,0.3201729265161948,0.3198867565955852,0.31951386041969154,0.31911484015203867,0.3186377514045214,0.3182774849305311,0.31795579549503056,0.31759666019924454,0.31741507945848246,0.31696737915555934,0.3161636720373952,0.3157500510531059,0.3154529543593263,0.3150622684765128,0.3148631764656722,0.3145209308174801,0.31407074460870743,0.3136059062082168,0.31304314263102034,0.3125980691621442,0.31217880858191793,0.311730994204098,0.3113383066894088,0.31101253922626587,0.310676285917334,0.3102408524287453,0.30986165781259856,0.30948366317637194,0.30899997210062013,0.3085343135338055,0.3080972570031804,0.3077798455684198,0.3075182739650471,0.3072536150604194,0.3068325420968304,0.306101518476712,0.3053133531632616,0.30477950611347787,0.3045147872104836,0.3041797881565727,0.30348627474274953,0.30262368038166076,0.3019036439679212,0.3013289090073772,0.30084471262776835,0.30053651103356266,0.29991865814708346,0.2990896574775673,0.2986398545341762,0.29804797714923303,0.29733885746928496,0.29685037734848974,0.2963285197129074,0.2958178165992778,0.2952536982256663,0.2946078242248327,0.29388586559848145,0.2928679838885832,0.29215989237726747,0.29174558869003214,0.2910226950003249,0.2902347750005845,0.2895945408118569,0.2888235517089487,0.2880406899935955,0.28751207977168275,0.28686351098007057,0.28584203025234844,0.2851244124302547,0.28473875117222636,0.28401884204097966,0.28324758848071024,0.2825270072502627,0.2815993220471681,0.2808109048911483,0.28018599834453634,0.2794466951556876,0.2786913638675728,0.27786019397508654,0.2768731203259375,0.2761103012487326,0.27549755759702454,0.27504632415325864,0.274575152413713,0.2739246399255335,0.2730570070360445,0.27224363766852433,0.2717794915018493,0.27139140426145003,0.27094483110352907,0.27040548691640987,0.26984939690929866,0.26939857991681526,0.2689675777791348,0.2685827648289685,0.26818275160050015,0.26761116670459745,0.26720599453123234,0.2671275693153947,0.2666763373686798,0.266240237819921,0.2662342514417175,0.26615791789570786,0.2661227614244224,0.26635016117649335,0.26628730777618814,0.2658598828606732,0.26575912252442985,0.26592311126126933,0.2656765430407985,0.2652813087139545,0.26525638000882057,0.26499783293965784,0.26506220892886,0.26581023877248455,0.2659109243239529,0.2656126750843139,0.24386514430476844,0.24548887296762084,0.2459420168921784,0.24596726126959645,0.24578695573647585,0.24604978642929146,0.24568389763613263,0.24532286767095982,0.24505893469829476,0.24523764074810275,0.24545583874406124,0.24519514137507595,0.24504215331917517,0.24505403218699665,0.24508852390571567,0.24487094505190948,0.24539521010155127,0.24625727269590983,0.2462860675775323,0.24532144756347266,0.24493694135147495,0.24443696513926344,0.24394933292411822,0.24457973834648067,0.2454491876102722,0.24567006374056563,0.24545284803370182,0.24554227419928357,0.24512387502906002,0.24474772800967898,0.24494988783505087,0.24469330912600346,0.24376939908056727,0.24298454836934213,0.24235169595529304,0.24172252121382853,0.24205997419928818,0.24223194075248528,0.24169743539522173,0.24081343659160293,0.24044995285073417,0.2401039975336044,0.23870839337705588,0.2379696368630512,0.23792951124239126,0.23666600741488247,0.23544347766119686,0.23435232490554758,0.23248425828643376,0.23090516199996539,0.22925394826871798,0.2275665575699659,0.2258812032961898,0.22409863731147794,0.22171049445358737,0.21913900928431915,0.21696640546966833,0.2149025766287763,0.21245681322699045,0.21013983551310986,0.20751076785374867,0.2043215373523756,0.20115740653458966,0.19877644088498952,0.19493475206293392,0.19039759534516468,0.18655332702717153,0.18213973574089534,0.17837351333000614,0.1752303678661252,0.17106095972237045,0.1660374856304503,0.16118283946786285,0.15667891363818512,0.15157702001726073,0.14765208660870058,0.14357906747553498,0.13835854909846737,0.13393787667033755,0.12965772313820217,0.12493396924434833,0.12069065090423772,0.11697665213013757,0.11329111680302857,0.10891944318440124,0.10467055283296968,0.10102511139387917,0.09757734508449328,0.09393890821341888,0.09057851553532137,0.08809364386385718,0.08540523506171961,0.08266886751788367,0.0801431306993621,0.07859007885447986,0.0765866707578368,0.07413049463704698,0.07211548828783691,0.07056907611094117,0.06932633745580603,0.0684623345568975,0.06753486783978714,0.06728905497219143,0.0666619243610071,0.06584044786400135,0.06476296181811303,0.06343557874890983,0.06291594502426975,0.06284475938550452,0.062498555149692915,0.06228529030389394,0.0620764325761183,0.06181394988410078,0.060850454943972745,0.060265932594505967,0.06001396564427776,0.05995438290587399,0.05947107287762435,0.059340215487851476,0.060145722172574176,0.06077511131902661,0.06026990863751293,0.0604330472736924,0.06051883605871485,0.05993172587646712,0.05961501172630571,0.05973739305019562,0.05999655829888179,0.05939417956644943,0.05958674011143837,0.06024729271582569,0.06033912397057549,0.060334156316496225,0.060323564455263934,0.06035768112545489,0.06033409485889494,0.060293654325445874,0.06025577313889002,0.06034649051797635,0.06053431794204725,0.06041150335227776,0.06053579907530219,0.06074394214711029,0.0608923364062509,0.06094957056131327,0.06078130065891887,0.06106605217393063,0.06126802785925736,0.061421823495148464,0.0614985407102997,0.06168998686557868,0.06190565893779487,0.062008535072390576,0.06226343789227881,0.06250736899083127,0.06283384959737298,0.06331511702045209,0.0636802413980249,0.06377249769993663,0.06356130898622205,0.0637059560740687,0.06386872589418655,0.06398844143703092,0.06431012264999472,0.06469938454264308,0.06520488688134485,0.06532093164966528,0.0656070174341359,0.06659766288699288,0.06703269801382247,0.06676561017982172,0.06698717658416159,0.06756200111180673,0.06798268054952557,0.06844814304476306,0.0690134455785757,0.07005450591350167,0.07004819623152637,0.0699977240507333,0.06984855442875773,0.06932661805411172,0.06948222980254547,0.06985177844615215,0.07076520537947689,0.0713655497948151,0.0721539084859674,0.07266010326028369,0.07300497844130628,0.07341102895339996,0.07393035716410798,0.074189804839784,0.07388797685039057,0.07382453904137998,0.07459254356291983,0.07506512777196948,0.07560128125145435,0.07685942048529444,0.07748799325688505,0.07731430012673021,0.07781008298755629,0.07875021782092836,0.07923408166359487,0.07940069241572452,0.08016233824577665,0.08048624043288456,0.08101739425139068,0.08159866289813875,0.08155004308639895,0.0819026000157035,0.0821459215840541,0.08252975383814658,0.08321230802700866,0.08374388999740025,0.0842601759888301,0.08459906073319944,0.08464896580129189,0.08505560661867538,0.08571105226664467,0.0860424100948196,0.08617049210742665,0.0868561472369132,0.08737299080529407,0.08766564666274207,0.08805874544059197,0.08875657357878582,0.08917118562042266,0.08922741767563588,0.08957269420201804,0.09025202751630775,0.09052163092451615,0.0905150512283055,0.09067844836750326,0.09087999608714906,0.0910778913908997,0.09133220305449498,0.09195021057128719,0.09234473765172302,0.09231452551049768,0.09278971102849376,0.09386167936701897,0.09427799400906763,0.09443905736820209,0.09489544060660231,0.09501991692100543,0.09532868112531652,0.09581138333712015,0.09672896627064166,0.09723175595846684,0.09788798336146884,0.09840922588417836,0.099025167341927,0.0992905863889724,0.09921825795454847,0.09945396578919907,0.09949980234095339,0.09976636015619487,0.10053373862914187,0.10088331907054256,0.10081679811930823,0.10120041410711587,0.1017653379880856,0.10229242370535346,0.10249452675277264,0.10266171290788177,0.10302206219466947,0.10318289418813088,0.10331584301203807,0.10363009054872081,0.10408496471747392,0.10438551751416157,0.10469955653100015,0.10543910007707236,0.1059298288216668,0.1059939137852296,0.10622713467643459,0.10641521420066725,0.1069992483960706,0.10734844601193978,0.10769796223990542,0.1080283178382086,0.10831283418671574,0.10858436419629713,0.10890646888706255,0.10907386500157322,0.10907256070729683,0.10925633455006008,0.109079940420305,0.10959079277059776,0.1110412230832077,0.11166241242024168,0.1122786389495763,0.11283025409950805,0.112837292161546,0.11260347395672544,0.112980143943539,0.11404720266877272,0.11428141970878418,0.11402566296672273,0.11451655401422486,0.11536797829057373,0.11547645634104954,0.11533337898190626,0.1158438732747877,0.11625091662202185,0.11647245724487383,0.11720744156371365,0.11793801627912374,0.11844004364974083,0.11851398777148486,0.11869881936661042,0.1194123145512759,0.11997046929121412,0.12022645633593965,0.12051291721865072,0.12119672802426353,0.12151551040257537,0.12105870653571225,0.1214091147257832,0.12233809601376835,0.12293504812989105,0.12410973894710489,0.12442308036862708,0.12333745531145206,0.12363988966773048,0.12467431541905315,0.12508946956785655,0.12598118856832738,0.1268681035232645,0.12744092686231992,0.1271193567484669,0.12760626064629021,0.12885403637126774,0.12917310433593265,0.12872346299778847,0.12911387898584156,0.13002241937927805,0.13011135913325822,0.12997470110944614,0.1302515356363917,0.12976226905737387,0.12990478510810505,0.13149337025383526,0.13216541112737049,0.1325485561401077,0.13246315988013702,0.13246862728118394,0.13185515846823062,0.13221120416683413,0.13317444969467548,0.1334813781354476,0.1339153984468242,0.13430004630689055,0.1343657550896495,0.1343139214166327,0.1340681654142891,0.13445871608684165,0.13501906064657584,0.13528184866610973,0.13602485415685148,0.13656232398720652,0.1364061808565085,0.13664376133452658,0.13765566037180518,0.1380761383331735,0.1381602830481704,0.1379119734183464,0.13835587698506846,0.1389309061636463,0.13919291279902168,0.14002773323520656,0.14011389527949847,0.13912946446441146,0.13902378088547906,0.1390514126697245,0.13941917652009925,0.14060604550439942,0.140982504558857,0.14089330245631823,0.14129255630458973,0.14164895801511357,0.14187225024416822,0.14257524034479405,0.14296714316427592,0.14297545820814453,0.14282324420564504,0.1422542945373614,0.14212103136757961,0.14247749041854402,0.14303442024281962,0.1430593775087422,0.14360869295293957,0.1436982595543491,0.14271998317897286,0.14270196716341,0.14355785125375406,0.14358941571673806,0.14295157947894957,0.1433657372792716,0.14440770161277106,0.14470790598161315,0.14530366303646516,0.14567797838909538,0.1453887141432734,0.14507631784162595,0.14447179043073524,0.14466033957026614,0.14535186928669241,0.1453927941711759,0.14562212488918536,0.14627765916644608,0.14564852839596212,0.1444935635528239,0.1443180440354604,0.1446708303780224,0.14487441618158342,0.14552977303255338,0.14572806632937815,0.14591595026210044,0.14568671238023312,0.14479613939559594,0.14460847768500473,0.1446471810697972,0.144464354869382,0.1443794280369075,0.14444583314057016,0.1446021864526375,0.14433011362023263,0.1439348364383126,0.14389256082080812,0.14392088670445827,0.14345590968685412,0.14284280023766868,0.14253169522063222,0.1418942874074673,0.14100493113168286,0.14159979936182238,0.14251142465386982,0.1409266260376819,0.1395074233146496,0.13929037290583515,0.13919708827309046,0.13804996286041576,0.137373118846622,0.13716703501387598,0.1357430394602055,0.13503454859369537,0.1365253704776762,0.13611669131236828,0.13350776196367672,0.13272527678953097,0.13318168964379212,0.13243751397608794,0.1315736078295515,0.1306725589463158,0.12835058531100696,0.12750600942798954,0.12776322169590168,0.12790504811458633,0.1292877213577346,0.12950742529152984,0.1290368329686243,0.12860105529669144,0.12731045739946328,0.1265381247767607,0.1260520568377462,0.12558118485394593,0.12558414649003502,0.12521202756261612,0.1255242751504896,0.12590661210426038,0.12423857002379628,0.12321733814302877,0.12307048185268966,0.1234396793049588,0.1220245313299182,0.12030538246579592,0.12008877707174088,0.11909662257677309,0.11796010519449585,0.11855801599900233,0.11873664675662851,0.1178280212658073,0.11646760775077622,0.11517782896081626,0.11509569709872362,0.11498069202549908,0.11377157854464064,0.11286535247879567,0.11316859050380465,0.11266074369346997,0.11214495276868053,0.11415862555314106,0.11462349339518156,0.1120440154695063,0.11154369594540499,0.11352997293191211,0.11363874882687157,0.11264406647286589,0.11222615939371135,0.11091641743155557,0.11032004614975884,0.11008916283331042,0.11036136642527317,0.11047413456591523,0.1089968905126173,0.10791980431130103,0.10826713169087807,0.10741537280367654,0.10684183282659872,0.10719650679051017,0.10664294277698805,0.10631470849510959,0.10598262620204095,0.1054052841538005,0.1052463174481953,0.1053522255261038,0.106125391271677,0.10608841780719026,0.10595283505473962,0.10569526081954048,0.10459264421633102,0.10441497636193872,0.10483012289788896,0.10543273554343117,0.10672130432060005,0.10669484412934217,0.10665634292148324,0.10575543450552073,0.10262530471107255,0.10216288590474537,0.10329559026222929,0.10305435492290986,0.10346565040018464,0.10342489744205545,0.10167886730789219,0.1013042157950153,0.10275964017370612,0.10216479643306481,0.10009025159854987,0.0998034745528044,0.09934210304556054,0.09879310266927237,0.10028627373451882,0.10032659433969868,0.0982590878316127,0.09786909237974648,0.09858133243079076,0.09808957679735923,0.09756262432178592,0.09680256352244006,0.09434729722857743,0.09376749640366619,0.09453669892510876,0.09505281211975215,0.09430881956622482,0.09446211468923275,0.09422875478132209,0.09284181904040177,0.09302692832940156,0.09338816573829864,0.09209145946443574,0.09288579020754036,0.09473999132793783,0.09444295761135535,0.09474223317077383,0.09434793400653403,0.09219421817967154,0.09187169411322435,0.09156660000116822,0.0913768761144714,0.09245823188440142,0.09168874158816515,0.09137445935447078,0.09097075054186801,0.08899825708960013,0.08911788633081537,0.08940190293163046,0.08870484304039758,0.08653808593337298,0.08603669167171529,0.0889236495675747,0.08750885341594161,0.08536509817798849,0.08755255587560844,0.08907449969273248,0.08681608448896026,0.08380511614394028,0.0837286639538135,0.08166664542300178,0.07837728070928579,0.08024143784518124,0.08137682006249125,0.0801630060024978,0.08199424456020302,0.08349630594530519,0.08159156069543895,0.08167185653281023,0.08528429717582814,0.08608720964938091,0.08583887224747772,0.08518294648748871,0.08282409387129112,0.08165295473650412,0.08039900182914786,0.07947685843004958,0.0783238088200392,0.07878596666337825,0.08005589023168155,0.07817902291410593,0.07736774073477817,0.07622673017992793,0.07398195912557684,0.07470326010056812,0.07369107266366956,0.06918845982640613,0.07056626811699444,0.07411381850246881,0.07223870779184562,0.07471514518100342,0.07731840442299302,0.07403999756975699,0.07557167161203358,0.08123844492085244,0.08170400924360145,0.07852227982373612,0.07865676591150644,0.07611383754195951,0.06977766629706458,0.07209205284044853,0.07557786424347815,0.06985933441386902,0.0657591774681191,0.0665995283515855,0.06443972982145395,0.06325086982376729,0.06962844702119454,0.075551253253383,0.07403251314105969,0.07075335903033192,0.07073955578849135,0.06824324159543027,0.06435132332295607,0.06336490285011247,0.062174530473105165,0.06217357920763334,0.06528234021383073,0.06937854557111155,0.06901225339837574,0.06862199866164562,0.07284308882306441,0.07051638428772357,0.06619716777626729,0.06798165455359365,0.06388200831124978,0.06134977941108617,0.0672085203523706,0.06594776516308491,0.060779133848201716,0.061189320759569114,0.06620282395641612,0.07142434736318984,0.07101701966299802,0.07088726526015532,0.07050993785632005,0.0635113351822026,0.06321739819862462,0.06555338098208728,0.0654046855556035,0.06630336755501998,0.06731712285968763,0.06875248762429531,0.0666192321094828,0.06439563469682952,0.06587707196679221,0.06145791535766275,0.06283405708982236,0.07786206374047373,0.07776466143050464,0.06789630317094737,0.06750536431794266,0.05959686176142798,0.06073644028253271,0.0630955413246065,0.059442527399563294,0.06429099944845049,0.0668032571476096,0.06345371674181907,0.06094990424434113,0.05929150205934401,0.056876878670440646,0.05945622211950941,0.06608829026904407,0.05908172633372794,0.048608401279820246,0.04958071696421678,0.0563407296054371,0.0568828050162691,0.05011732997355725,0.051243619369351893,0.05586437107624996
33_4_PETCA_1_T_1_00000,0.06851912860736495,0.09541191578127298,0.09691217227684144,0.09578792016912481,0.09525989271258845,0.07253215466142013,0.06560118613005285,0.0652149153466573,0.04586260355656207,0.06394138869844497,0.0790919021899749,0.05336061700750692,0.041077951040756455,0.04475323605423711,0.05961481988558669,0.079556520815738,0.07136488063697323,0.053619294555053404,0.07753966154602522,0.06491617910482415,0.04866068066566389,0.07337173641398237,0.09268484321505685,0.08167564842412736,0.041794258831575025,0.05202687421566798,0.05954326838529805,0.05654450284136846,0.06898544600976227,0.055752510183405116,0.041947929092395995,0.06741401392791968,0.08469746272519244,0.08667190897538339,0.07614449407876865,0.06998572215364084,0.06607784943282988,0.06590614301185817,0.07577899671363442,0.09096729279693667,0.09306882159183022,0.06199372610661837,0.05759928685051732,0.05988824729766937,0.04768644754769525,0.05078995246235345,0.057782575765936976,0.06294288432133886,0.07409232942504522,0.0727432642157992,0.06407113526588021,0.0672686288963848,0.06598905732673101,0.06416601143793342,0.06783880289753533,0.0663913005674005,0.06375539202129601,0.06431476894139924,0.07281271390704734,0.07518086884328572,0.0690374682086894,0.061799477207088706,0.06614763418749094,0.07302682816134103,0.06729293537115717,0.0648152883378893,0.06596814985474309,0.06858085271915296,0.07013224143616287,0.07061510570280415,0.06959243638273542,0.06489847825582486,0.06290033015387111,0.06498929305341085,0.06979508954043769,0.0728831738435672,0.07262970046853862,0.06945676960096225,0.06999444117992291,0.070829270873329,0.06967318343833485,0.06875089245275508,0.06778769033211503,0.06794933121039932,0.07251837918247463,0.07157110955840361,0.06834737320803597,0.07071783302772992,0.07189705758181297,0.07170766651767933,0.07101854155565897,0.07011431131960326,0.06983478071305578,0.07020046603561772,0.06957324063076774,0.07022177942567798,0.07162026034381158,0.0712881131731134,0.07342389251870708,0.07563165146263312,0.07434030473334503,0.07279326713020767,0.07282776268247632,0.07457523703113567,0.07362604041890919,0.07350549016556299,0.07474903907462126,0.07365315899130208,0.07403096734341509,0.075494632053119,0.07568048567208305,0.07530557669720737,0.07481719932595596,0.074674868081278,0.07560760786885215,0.0756633058045495,0.07428108277197877,0.0743727941301346,0.07442025934605476,0.07426064492042408,0.07490763376253512,0.07584749603292218,0.07647097777521464,0.07619182189251768,0.07581520130086918,0.07546408879702961,0.07530247162041792,0.0763352055985901,0.07652269438031213,0.07562879689983473,0.07705433958434181,0.0766072120581705,0.07458895239928802,0.0742283111577043,0.07582052490405441,0.07768456530980379,0.07768711906041206,0.07604125495837401,0.07494560029486202,0.07560507568683116,0.07567294944691477,0.07633455275044795,0.07769671198851043,0.0784874426439869,0.07784931689413317,0.07701830595956789,0.07835314820989807,0.07850509732321662,0.0784529054031138,0.0795733635201344,0.07955825030415756,0.07960525982282625,0.08039247256029054,0.08076852081553448,0.08083225473276454,0.0811306890294375,0.08293243143158868,0.0835398870134516,0.08352713170534315,0.08474001923194525,0.08636079428697327,0.08710543421912628,0.08654498195039861,0.08834668038956305,0.09051718152696848,0.09188102268740489,0.09331449102294329,0.0947303247868396,0.09609099703215923,0.09736546736936241,0.09807228842249834,0.09912160328904691,0.10162526466749303,0.10334819250336037,0.1049419902815963,0.1070163908881405,0.10832259332001805,0.1098840579001386,0.11187520121590011,0.11288624983819939,0.11431869948005624,0.11611985638447068,0.11733928875345154,0.11811153715912708,0.11853482743283862,0.11885805253201946,0.1203174540792296,0.1213708537707812,0.1211282922611424,0.12156003807364493,0.12226960062250886,0.1227931801123832,0.12233118338545582,0.12277259590475458,0.12397386090766922,0.12468712295692827,0.12466856413674432,0.1245372750010614,0.12497266903750662,0.1253215299526561,0.12564120383777558,0.12593842733278357,0.1259403850750811,0.1255200233008637,0.12506030061572151,0.12574328464381318,0.12543795292225787,0.12459134156038856,0.12474277712726771,0.12426374658400834,0.1234951279723001,0.1229887395654732,0.1221848578764838,0.12145909661281323,0.12100090803548559,0.12055189978284034,0.11960425092905415,0.11838158613279846,0.11791201208781942,0.11678373276396475,0.11533984417271029,0.1145215032982468,0.11354634655120573,0.11216542153472271,0.11052965922010523,0.11007996493753196,0.10960241858238678,0.1085107304113826,0.10751030292815056,0.10664687742102105,0.10589479330450349,0.10512552145270421,0.10477652774490019,0.10457279236326743,0.10403865307773956,0.10327443707400119,0.10260881274816801,0.1022307665384402,0.101715721735489,0.10158843371706469,0.10182534629035978,0.10156969626504594,0.10060082514954895,0.09961909499143064,0.09996084131407464,0.1001872496927258,0.10011515319917204,0.09993278763091837,0.1001133203610912,0.10011473644168112,0.099642025165104,0.09934896218961436,0.09889005693929813,0.09823469422531564,0.09774087000375399,0.09724819566812945,0.096540090559926,0.09540088162904722,0.0948413342357345,0.0944042366966056,0.09358063658307168,0.09346247760618816,0.09334059424178194,0.09291634266054687,0.09322963787887396,0.0931442917811274,0.09272711670810078,0.09324017147581388,0.09312478829949805,0.09253389858975873,0.09218965158512656,0.09158170457994841,0.09068239169029428,0.08970680076275274,0.08952417870535566,0.08947173224549756,0.08927185031178501,0.08936923405124816,0.08935922924549494,0.0891474076654527,0.08881938532617474,0.08851051810503613,0.08832991884132725,0.08830687567022585,0.08801679131694648,0.08782317797775598,0.08790536712863478,0.08770998855675666,0.08765623098130132,0.08763437655878695,0.08686658042233074,0.0861604821632376,0.08565671891087341,0.08522593776708437,0.0848005719671769,0.08440636944929632,0.08403328174736692,0.08339922047874752,0.0826418593334176,0.08200126160914276,0.08201045372394532,0.08161691184435502,0.08089108056984089,0.08078725097371128,0.08048732822922351,0.0799551438128586,0.07939495795168484,0.07891940136249763,0.07852681584362493,0.07811176873920976,0.07725223032655773,0.07660057923450855,0.07625361676103498,0.07553522548105408,0.07478499227457681,0.07419742483622672,0.07391526917532043,0.07342903245944682,0.07302426058154053,0.07301454152745186,0.07296346824075559,0.07277839317079826,0.07244715686962534,0.0720038530936891,0.07191011252464312,0.07216829736263247,0.07240430307682488,0.07242899197241542,0.07234203430998283,0.07236032844044159,0.07256688751758737,0.07291799110049477,0.07334773303740903,0.07377826413842756,0.07435242589673623,0.0750989198347606,0.07587045181255518,0.07706565309110808,0.07855363693134265,0.07997814128719079,0.08189838587423928,0.08422258991865234,0.08675817386189447,0.08950287984715445,0.09253615623514468,0.09594268620728298,0.09987087326251852,0.10400707824509522,0.10825724609895394,0.11267586649523091,0.11736048837895818,0.12234966226247475,0.1275996531802126,0.13261358348970056,0.13758316176346483,0.14269880509652855,0.14796023633040697,0.15335250623649688,0.1588217524611201,0.16425942150915104,0.1694603711489932,0.1746748721684818,0.18023882480869355,0.1854494183917719,0.19072333048625958,0.19635568874762688,0.20173284725110388,0.20697928152765924,0.21210444729133243,0.21698340719239043,0.22192406219073743,0.22692417558490077,0.23184127429883752,0.23652870147893715,0.24109826687520594,0.24564187325382827,0.249811752175012,0.2537792491052061,0.2576486573249203,0.2613395536908087,0.2647475653719564,0.2679802248747352,0.2712552634565902,0.27420155585255485,0.27689849732236127,0.2795040989318131,0.2819685493255609,0.28433248458837346,0.2865616634005376,0.28844111683209206,0.2903033203710533,0.29216060491750323,0.2937941642997824,0.2954381125460428,0.29696225624620015,0.29817831546606594,0.29919896959691256,0.3001122792004033,0.3010133972597682,0.3020776834959476,0.30282039379267406,0.30330643022325815,0.304074915984607,0.30472218915233207,0.30524856583014814,0.30576252956080513,0.30628835065359394,0.30678972223320056,0.30723727119519595,0.3076383651815834,0.30800850368334537,0.3082924391571882,0.3083625536474301,0.3083698567226963,0.3085778536778019,0.3091823834600324,0.3096302970631637,0.30980808276845945,0.30974712792906833,0.3096681435198427,0.3096304314340058,0.30968259561331435,0.30985989753347437,0.3100762802614541,0.3102981186643087,0.310486997909211,0.31045010543428875,0.31038008419754254,0.3104321917535344,0.31060678937418656,0.3106118573716954,0.31055597008156743,0.3109107956027723,0.31095917176501064,0.31089228444834605,0.31109557803408133,0.31130970423935855,0.3113658330183803,0.3112304129712518,0.3111471671127735,0.31102647677864637,0.3108885527632742,0.31083104278504375,0.31092900381644883,0.31110660272519,0.3112503891001042,0.31133878687355626,0.31134630091073473,0.31129273972806776,0.3112858691439322,0.31127695048778675,0.3112555461675518,0.31123262892935116,0.311292611354352,0.31138032337524274,0.31141278160527086,0.3113205938422606,0.3113097071561143,0.31143076075622694,0.3114974036948525,0.3112814496550079,0.31106730147583955,0.31133751289001715,0.3113188801469519,0.31107671005962095,0.3108524694453054,0.31098962867023205,0.31106185827832794,0.3109993489110985,0.3111586041275262,0.31119813627215875,0.3112328667787744,0.3114442994679053,0.31118762594987975,0.3110054961592456,0.31121039017515134,0.31126630693050145,0.31124547521491663,0.3112039630894819,0.3112035626452992,0.3110415098576212,0.3109954734613966,0.3112887382286105,0.3112891906077093,0.31117729129547983,0.31109530675608205,0.31107084939734564,0.3109459941335353,0.3108589942558779,0.31104497533658015,0.3110477451142669,0.31105731526024266,0.3112291043203233,0.31130298366812303,0.3113805296614134,0.311405166690312,0.3111672238338291,0.311108487979047,0.3112392181772379,0.31142974269926427,0.3116091471285247,0.31158345063324383,0.31137845831015915,0.3114525468331598,0.31140246636582447,0.31139080873825487,0.3117813674042994,0.3117963014269946,0.3117395482717866,0.31185933045939973,0.3116295612544953,0.311566168413404,0.31180229042080265,0.31211380437223557,0.31204105488311296,0.3119371591959396,0.3122117898078218,0.31224044439242266,0.3122011397736976,0.3122155332954251,0.3122565253517763,0.312233492333265,0.31214943681939733,0.31206754281674093,0.3121782968824432,0.31216406416170855,0.31196982984185917,0.31244501078529224,0.31237905993919024,0.31189880484104904,0.3120220619920047,0.3122114009922452,0.3123315856671754,0.3123112892170047,0.3119775922930421,0.312057159263133,0.31241516294178107,0.31196527210152186,0.3120333899647375,0.3123239613674874,0.3122271474251753,0.3121497984089715,0.31230174766826024,0.31256831724074857,0.31232003833073513,0.3120844428519171,0.31220980774417967,0.3127875368548207,0.3123756044125686,0.3119850768383872,0.31217578141104346,0.31200921641007545,0.31186313455820336,0.3117641679980527,0.3116191538298002,0.3117805085304828,0.3119538849677212,0.31189359460755156,0.3117268788043146,0.31155820669159534,0.31152541793740596,0.311776031796069,0.312274238111411,0.3124856639912574,0.31211583492645995,0.31192354216143814,0.31157984216519724,0.3112405863793211,0.3114457113805749,0.3113456088160295,0.31118545922855495,0.3112752783837763,0.31113824665310214,0.31115562958205234,0.3114229427844247,0.31173027597686465,0.31162286945916606,0.31140044314117493,0.31143468818718595,0.3114680901804749,0.31134062835925075,0.3111237570787707,0.3111416782972726,0.31063749192603235,0.3101479966991056,0.3102659903472983,0.31012972005467937,0.310030384305823,0.3100395929300673,0.3099352061662964,0.30983212859554465,0.30970324845090597,0.30954328289818467,0.30966365795093853,0.3093694628882231,0.30869693631434114,0.3085431654445594,0.3083887956164952,0.30832133788271787,0.3084319682764756,0.30817188348172386,0.3079320909224186,0.30769673799433206,0.3070051572354263,0.30658395807802713,0.30648902531756295,0.3064820191310461,0.305907802043199,0.3054776699213652,0.3052352884536429,0.30459850487119156,0.3044112727537383,0.30441679581163084,0.3043109356435663,0.30461552101954625,0.304225414637316,0.30343357246946134,0.30359161220110376,0.3041833840544434,0.304351362403083,0.30382297791065466,0.304234778314338,0.30391443611640406,0.3032056100715146,0.3035242101594536,0.3037283222282538,0.3038131490796598,0.3040207850844104,0.3049969870348157,0.3043163313399828,0.3032532585774139,0.3041934461349771,0.30408758077260223,0.30355182822733345,0.30322140169530337,0.3032207527779247,0.3036236063906478,0.3039250711564488,0.30372843262528876,0.30421489437006694,0.30473413527669896,0.30498596923803883,0.3051241387466587,0.30460490935131807,0.3045053986456578,0.30550368503527026,0.30571041726221193,0.30617302317796363,0.3066023048526764,0.30603152084597235,0.3066830250545593,0.3276798479888962,0.32804271727695056,0.3288741055540513,0.3290122737933659,0.32856657356338986,0.32814716166741587,0.32812387584431557,0.3276044680106677,0.32785046780765154,0.32852878683628356,0.32888632487665237,0.3290576016157964,0.3291067011459874,0.3296133750032991,0.33065333926831236,0.3319468456215223,0.33252013112108314,0.33312377225380935,0.3329500823880278,0.33208472802115874,0.331327291315124,0.33069106516162555,0.3303136935563141,0.33098718983183023,0.33109083191878286,0.3313568605250731,0.3318690688265828,0.331320685541687,0.3317530272828763,0.33201027546276,0.33242843738892486,0.33263478498643745,0.33309540350503547,0.33250266928044236,0.33204930111705216,0.33156874088522303,0.33182218312889056,0.3328321028438805,0.3333280703068777,0.3337165559539833,0.3334992953376384,0.33306632246682727,0.33279390466868913,0.3330017651775508,0.33360090085158156,0.33411374883304185,0.3345075121712567,0.3353226267406175,0.33616246862324833,0.3367031985558084,0.3368076863057179,0.3364666006607701,0.33587392881604566,0.3352774939806452,0.33541518732419523,0.3356695599899894,0.33578646201012724,0.3362901925712492,0.3364622332864172,0.3361147488524717,0.33599654584275274,0.3360074247500607,0.3359312607324206,0.3357680938308355,0.3357639287233633,0.335443192214264,0.3353864180649186,0.3357905253391053,0.33586266779729307,0.3360463836463938,0.33587103042562855,0.33510450575696016,0.3348844180601011,0.33515706306022414,0.33572152213598083,0.3358707205690958,0.336029519992252,0.33561317443571154,0.3352683636115782,0.3351187635031056,0.3347739813917667,0.33476974212733135,0.33536417399020235,0.33473584865995454,0.33341095349142424,0.3334470540299285,0.3334861034021331,0.3334156217885495,0.3346137413310836,0.3349005654520228,0.3344916905520915,0.3325884840791119,0.332351498947893,0.33238113590395063,0.33228696027334353,0.3330927667185294,0.3332958949820142,0.33227535048735796,0.3317591887546879,0.33179810774137514,0.3318650547699655,0.3321712111176105,0.33234181703641036,0.3317059378477582,0.3312736967803553,0.3312902882664669,0.3315727811321538,0.331545739423856,0.3318634165201615,0.3320689868741501,0.3312645238031812,0.3309948162451925,0.33084859129589195,0.33015912588165736,0.3301038254254219,0.3303145439959865,0.33031645680865873,0.33060003814042166,0.3307150324992508,0.33027124597581614,0.3302137734617229,0.3306016664976288,0.3304850023052218,0.33005027743645476,0.32981125678581924,0.3295458883530057,0.32888668182596,0.32853535984852145,0.3288773934808332,0.3285717014197157,0.32794809464230623,0.32733870856738656,0.3262654754457071,0.32564657855921764,0.3254753560626739,0.32498854132180777,0.3243678322303725,0.32354407280794323,0.32203451048237236,0.32120442391728565,0.3209487992984146,0.3201074821666744,0.3193098063925278,0.3181764558151449,0.3170048358573147,0.3161369334753667,0.3154218804171942,0.3149162581602297,0.31423525164562666,0.31308486411236147,0.31227127850501213,0.31184517704289577,0.3110382953243838,0.31011667814742117,0.3095348454671054,0.3091114180888909,0.30848623360645666,0.3080662781451232,0.3075641689239374,0.30652137095293547,0.3061824518133354,0.3065629782357999,0.30628563520711205,0.3057530715124146,0.30569860301411456,0.305434873411331,0.3050789318147971,0.30508207093676704,0.3049090704153349,0.304278288188132,0.30409585508792053,0.30392646127969075,0.30397183374649767,0.30382825837062033,0.3037063295314059,0.303539399325705,0.3033061059169324,0.30313696905648396,0.3029744197461813,0.3027542733913587,0.3026909631443608,0.30277685507382807,0.3027372506467167,0.3025703943184379,0.30221382897094057,0.30199631153921686,0.30204156749959443,0.30166805622358794,0.30150981282376077,0.301545678380041,0.30142608815011873,0.3011414801415058,0.3011090231126383,0.301116447586421,0.30104805565091536,0.3012071250386162,0.3012465806267066,0.3012721734634792,0.30097557218447746,0.3009024526229345,0.3008799964249281,0.3008352126886998,0.30107949323870675,0.3012673975004698,0.30119845279489943,0.3013294441805008,0.3015560904168465,0.30158650455483116,0.30149449112527726,0.30163362307702984,0.3017443628246076,0.3018604840803959,0.30228906553391793,0.3024453658891996,0.3021398459581645,0.3022951115554682,0.30280850896478795,0.30306561040691915,0.30339682894861336,0.30368825506924874,0.30392304230976336,0.30396404132297955,0.30408411867567114,0.3043894121183115,0.30446518023488817,0.30446534376592577,0.3045997098328466,0.30483133068682766,0.3049910182340265,0.30516730114927615,0.30536952422124836,0.3056319077556139,0.3057646951846256,0.30576186845880443,0.30589933922076284,0.30604859672343526,0.30618426026429196,0.3064102010128996,0.3066688721714165,0.30673973529766346,0.3068568931828956,0.3071194331643597,0.3071803904362853,0.3070419616579248,0.30694135263545624,0.3071140970029095,0.30747898707132154,0.3075274076750539,0.30767655832491875,0.30778456688908423,0.3074611355704517,0.30747900499856307,0.3079860381348337,0.30808815766897446,0.30778095941953454,0.30791065778757915,0.3084205121906101,0.3084682362011829,0.30834235577509805,0.30845962058317955,0.3086006987851709,0.30830764127205845,0.30819674176612005,0.30839556893802156,0.30829153472111503,0.30803516545797055,0.30800687742544286,0.3083209915199205,0.308297001056065,0.3080780009182564,0.30804218419896623,0.30801333021304184,0.3079535670958602,0.3079615129008726,0.3079412256464035,0.30796871264853937,0.3078129255420629,0.30734162149571803,0.3072786974749206,0.3075237293363854,0.3073892779099365,0.3071984080021945,0.3072499838167284,0.3069829981634582,0.30646806004703386,0.3064370324923542,0.306662848145962,0.30649320368232613,0.30605500798952573,0.30592974358254843,0.305856710400888,0.3055922129848961,0.3054143425545083,0.30526114699732365,0.3049943274040534,0.3045831057778904,0.30412304893243625,0.30382379679860844,0.3034036109148602,0.3030045609781675,0.302950622873626,0.30261516676262445,0.301938629387999,0.3013832493125109,0.30082033363711713,0.30031008866062214,0.2998177986979641,0.29933798046353083,0.29885841772427035,0.29837799905956325,0.29780745138644993,0.2971368923003197,0.29645474536189725,0.29576235198673834,0.2950655970723015,0.294338844620225,0.29353662137787073,0.2926364584347407,0.2918737883933305,0.29111444596503866,0.2903768456991627,0.2898978983328346,0.28909348072136865,0.2879787128510304,0.2870942479886791,0.28621011479320596,0.2853305217167778,0.28459304941943686,0.2837783939138365,0.2829001487707235,0.28200801005768955,0.28104756765079386,0.2801877636268925,0.27944649073730377,0.27863482933745515,0.2777746972515312,0.27699359639206084,0.27607028779631926,0.27493177689523995,0.27401392574647565,0.2731758442378339,0.2723130528924564,0.2715591533695069,0.27067861702001206,0.26958268585507544,0.26879788734473553,0.268217814103511,0.2674588118078942,0.2668047588820492,0.26607685749570503,0.26511545431234734,0.2642942398786637,0.26364868213002046,0.26287687861532383,0.2619984198837525,0.26120471653870625,0.2604613087837062,0.2596381166985827,0.2587035025692038,0.2579738629871513,0.25723341740853783,0.25651705702906785,0.2556078021996365,0.2547360138718286,0.2537884755080828,0.25267950398664246,0.25153638555601365,0.25049235404448233,0.2492078136966176,0.24769564679174227,0.24620726167427537,0.24469236778412726,0.24306713200061747,0.2413968386135288,0.2395539931350895,0.23757310844160645,0.23553154520633024,0.233506229590801,0.231110926400552,0.2284450541567043,0.2257703754524099,0.2229130872902616,0.21987436656527354,0.21670575957122545,0.2135419044998533,0.21022797811971994,0.20680913021699124,0.20336176428584762,0.19990323011489916,0.19635363406170755,0.19264243104987228,0.18900783327591691,0.18541094003807432,0.18179332908391982,0.1780341855073853,0.17450978371027778,0.17106145154878144,0.16772266310468398,0.16451489549010742,0.1613202219888388,0.15811186954245163,0.1551627381766258,0.15234869923562264,0.14960009728269466,0.1469407993968632,0.1445550518826486,0.14237551548247354,0.14017194106430017,0.1380984844221615,0.13623266051090063,0.1344482328967044,0.13269343064301525,0.13107766856103573,0.12967784887472494,0.12845619898471053,0.12711007378000358,0.12575981096396965,0.12471251466175692,0.12379873163257687,0.12276863402723373,0.12188893615098594,0.12115340983550832,0.1203212093834501,0.11954416555303991,0.11882584019555475,0.11835962850365765,0.11786077249067645,0.11726593328905417,0.11678405913759475,0.11651984927199287,0.11614167850049094,0.11564672564746029,0.11528326301709274,0.11503486268626215,0.11474110443721453,0.11438930518508719,0.11418829134328974,0.11409687148811454,0.11395133065143626,0.11389053054438995,0.11377262994806615,0.11353346194179788,0.1134471743435504,0.11349346408996193,0.11343474409787144,0.11334941487986902,0.11334141966763397,0.11333146655523925,0.1133088328552319,0.11334015408472117,0.11339231173270244,0.11337949471869943,0.1134401434125625,0.11364892419759004,0.11376952136993115,0.11379372089605311,0.11392552677516074,0.11414979720842139,0.1142854911386999,0.11440474212232872,0.11457330018937986,0.11457751047266536,0.11479735685795817,0.11504722474632219,0.11543328459580782,0.11576410952049443,0.1161310484558796,0.11648936186832189,0.11685009361927397,0.11723141863254448,0.11761023984075607,0.11804913429107781,0.11852425426755955,0.11901052807820682,0.11954460090330707,0.12006831511614875,0.12059481693806802,0.12113151188133447,0.12169698574522435,0.12223239952936572,0.1226995243620345,0.12330832307484499,0.12402277348665089,0.124632136412109,0.12530156786189905,0.1259032329697737,0.12631847657283066,0.12691945021966763,0.12765833474039814,0.12830988359176443,0.128975437216242,0.12965564077130948,0.13027272769117668,0.13096039063394213,0.1317887034489997,0.1324838841252694,0.1330368847977219,0.13375367528357496,0.1345825994725196,0.13526699958538976,0.1359722640512978,0.13667536301690192,0.1371259509755928,0.13780531197886486,0.13884049875473928,0.139597312612865,0.1402213432270115,0.1409278715783452,0.14151097324329476,0.14212228091673237,0.14280142137514035,0.14353678485111143,0.14432442634306605,0.14502651459541432,0.1457203792329173,0.14650271646697668,0.14713540450260712,0.14758655871989845,0.14824552342324016,0.14899752375149372,0.14961732366066463,0.1502064966461679,0.15091967283765614,0.1516535347843265,0.1522617483420477,0.1529044217579127,0.15359492010599252,0.1541875361239678,0.15476630429209437,0.15545894678819075,0.1561024843257518,0.15658184528713692,0.15716968346573892,0.15787920074582862,0.15856591072641288,0.15925360377024678,0.1598449074823418,0.1604374057627131,0.1610429985996256,0.16155233904272676,0.1620810717851669,0.1626366672281174,0.16327276476100083,0.1639659674703379,0.16449013527132963,0.16498823759554895,0.16557370543017655,0.16607868845414656,0.16654998699803283,0.16710254455703383,0.16767096842142104,0.16814248100752946,0.1686196793911799,0.16919553036912316,0.16975851174132353,0.1702357230682089,0.1707189570473794,0.17129264582052287,0.17181521503275474,0.17224620664281695,0.17269990596209683,0.17315123811979372,0.17366301768904346,0.1742111261676456,0.17469512579470584,0.17526575825691335,0.17571436293532539,0.17590004362054554,0.17635098732601973,0.1770142859035094,0.17747054460730569,0.17792367045457197,0.1784066365332506,0.17874935752155682,0.17912387012042721,0.17959276815099873,0.18006740115084482,0.18048281059929072,0.1809138833423531,0.1814515648387757,0.18190847937566845,0.1822647973850492,0.18267756455990478,0.18311875124752316,0.18353086808950325,0.18394526074190176,0.18434612940674364,0.18469990938851735,0.1850930188910318,0.18552251155109448,0.18591921490971147,0.18622318658748413,0.18669585067594457,0.18738785036225408,0.18783964000069767,0.18822237176738701,0.18867254130859767,0.18894250820611602,0.18929816379580958,0.18982671640267715,0.19030314491261152,0.1907348603636541,0.19116929792088758,0.19170831551786685,0.19209925290291913,0.19225705619007846,0.19260768412449994,0.19301109653071144,0.1933907195156569,0.19398457078106757,0.19440564583595896,0.19456983674924955,0.19488146000370332,0.19516559715498621,0.19555959938527717,0.19626681717342837,0.19669068505383866,0.19685627664669159,0.19723987262865475,0.19769059024561503,0.19797776425294522,0.1983174688679132,0.19867255229157477,0.1988034986967974,0.19904099573860715,0.19950593003517164,0.19983244926487556,0.199986796750346,0.20027731354926312,0.2007168356681572,0.2009837342998776,0.2010775549762415,0.2013752607438505,0.2018097568838967,0.20206004841209835,0.20238530687665007,0.20265076766418402,0.20253255424610775,0.20266140054709048,0.2031268032763222,0.20340681695499607,0.2035707044169302,0.20382807357716415,0.2042030826383705,0.20434572937870593,0.20425425561035687,0.2044464321611095,0.20474203753041495,0.20482046529827658,0.20492047272396502,0.20516392378853657,0.20530292486266796,0.20537568100324477,0.20573072993590666,0.2058875336468845,0.2056004687573051,0.2055783424840011,0.20581823756615822,0.20583899381635898,0.20572395384481879,0.20578091240492793,0.20584051398452882,0.20584243355479656,0.20596251403337865,0.2060485153142906,0.20610162955448064,0.20601842584742117,0.20583330906828257,0.20579195447931828,0.2057157280209462,0.20557068425735683,0.2055721874176209,0.20543015177264012,0.20491963599413868,0.20479548662250688,0.2050582133582198,0.2049015092785487,0.2046059739640528,0.20451277061530748,0.20422801391694548,0.2040435365042079,0.20437870586302842,0.20416969591282802,0.2032909781524484,0.20303233691685388,0.2029486261517342,0.202759357449661,0.20293694644343258,0.20284718751812736,0.20246286896043722,0.20218883221916445,0.2019505486037802,0.2016961485564397,0.20141527971167858,0.20108269351701408,0.20072769797408302,0.2004264942830252,0.20005213877523265,0.1998118015603659,0.19977589816379968,0.19943726594545058,0.1989014977408497,0.19869066781715397,0.19849647571481394,0.19825592598247188,0.19831723481746671,0.19805059463023575,0.19741439070438183,0.19715117134532859,0.19705909016584344,0.1966967014736909,0.1962990666692269,0.19599829872207117,0.19554341186330904,0.19533737845017338,0.19544556751449457,0.19506435829883984,0.19466569846053458,0.19416430717785008,0.19381712117732022,0.19369364837404432,0.193388400426382,0.19289163368010623,0.19255682205024088,0.19239807128300881,0.19214798886675205,0.19177491540950292,0.1912460513845243,0.19063901556806745,0.19032081538093332,0.190367809856486,0.1902051792701587,0.18962840932241026,0.18930138722822704,0.1891164286953962,0.1888401710314092,0.18885569386741324,0.1884917229718757,0.1876872216611583,0.18727737427544663,0.18692883583517356,0.18657800996410767,0.1866040883608317,0.18624622519532263,0.18549839236160723,0.18515184179529884,0.1849188283922,0.18446203091928068,0.18413353701504062,0.1837637210168032,0.1830159879827064,0.1825941953202076,0.18262690305967305,0.18223318722889917,0.18162685746002877,0.18128098641726556,0.18086402773814922,0.18038313732594088,0.18005815317096618,0.17955893572652937,0.17875590551447784,0.17848859383656265,0.17858213448072102,0.17823699106009805,0.17782131134596765,0.1769938661002974,0.17654972121384307,0.17648694489053612,0.17624394313550887,0.1760582843759705,0.17575023772872647,0.17528061519493404,0.17491888289611573,0.17462362443472187,0.17418680560119765,0.17389629380431154,0.1740428640182029,0.17393631365484116,0.1736161288128645,0.17365685681248316,0.1734786820614786,0.17304843806917244,0.1731136590504241,0.1730746859921015,0.17247398196191924,0.17222448733147327,0.17212073147241788,0.17202855162808256,0.17205555299530426,0.17231616690830526,0.172293023291445,0.1721838293321368,0.17213076565026433,0.1719314787785133,0.17197686817709112,0.1721714853300646,0.1723111525721687,0.17258333630423223,0.17255319197943916,0.17241667138724806,0.1564203931904652,0.15679706006654343,0.1570614579462639,0.15682407376384336,0.15721502722135922,0.15782137099119073,0.15818551246896878,0.15807347626904267,0.1574777883432542,0.15725092926143308,0.15646668679061324,0.15643402124191863,0.15727199821476015,0.15761373025724268,0.15703969074594754,0.1567922982556774,0.1567432289967252,0.15636192660707085,0.15638690613457307,0.15775184799654712,0.15770942999195328,0.15664759757141417,0.1560079931794909,0.15622620933786363,0.15634000304477477,0.15702870304138386,0.15794567528913142,0.1581652352859283,0.15764410095498183,0.15723815027562169,0.1564407733595201,0.1563382159476746,0.15653311153243454,0.15639588913761887,0.15677706751975323,0.15703881642368345,0.15650015681356685,0.15618845248363694,0.15584297154846624,0.15522230600432071,0.15484825463097865,0.15457678365191385,0.15454183008243808,0.15414796705867617,0.15376346791658918,0.15330221985817327,0.15254962407640868,0.1518458126464554,0.1510582493827806,0.15031029004220917,0.14937088780399022,0.1486903015587927,0.14793810513357977,0.14679767747320008,0.14566855565407177,0.14458161579930315,0.14366896145814567,0.14303562146168,0.14174485463495873,0.13968094808340384,0.1381518973793055,0.13642401820236708,0.1349983764546655,0.13359433177422853,0.13241765044500664,0.13087604767246533,0.12840122214509803,0.12618175957307856,0.1246815880743883,0.12268796608251223,0.12043519917458136,0.11821524917137895,0.11596616439368056,0.11302910995750459,0.11009622113059786,0.10766374679587995,0.10557192896355977,0.10326721773778315,0.10118134780821642,0.0991107676225256,0.09659725166121041,0.0943632259958347,0.09232551064676699,0.09002042161969895,0.0879793945764295,0.0867302993138224,0.08459490749889846,0.08221633770027045,0.0807816930530995,0.07877497586652821,0.0762509331800176,0.07510712068700597,0.07372780004394784,0.07213555210636836,0.06990780199073272,0.06894763881658837,0.06820154046573328,0.06744174228058997,0.06725161066994349,0.0667078805332689,0.06569491282297628,0.06519059668389586,0.06487269681841418,0.06401534271969873,0.06309630260024085,0.06255646777896182,0.061967712896396444,0.06148708371733443,0.061379723335461815,0.06145306776809271,0.06099914794008745,0.06034412521151447,0.060094095931082385,0.06046425281044252,0.06030418290948718,0.059881854832470056,0.05986914142872118,0.05954882903790514,0.059517916235348654,0.06001815241508437,0.06000221326891143,0.059518000784671954,0.05955250550840931,0.059609060866052915,0.05947261639241416,0.05936586160926438,0.059482721477871106,0.0597148328483016,0.059535502662282164,0.05980809238532494,0.06007846776297024,0.05992961558562008,0.0597662583765298,0.059519180856505635,0.059708284503120795,0.060628175601425256,0.06067116656969768,0.06029393693769137,0.060385904824687364,0.060389592854203915,0.060161743812961244,0.060137218333531486,0.06008129691444364,0.05958690420037871,0.05945287875759019,0.0602197278318008,0.06086613971461075,0.06100798894782176,0.060539359050523975,0.06070756618360429,0.06111057954633822,0.061159429263249264,0.06145066647481939,0.061410477607046834,0.0615566205456514,0.06165120427349525,0.06159965546095447,0.0620033864758425,0.062366710524437,0.0622229841563085,0.06239523200009996,0.06351588551634871,0.063806578394986,0.06355630275587644,0.06313385779053302,0.06344080601939504,0.06364426548191104,0.0636846030986749,0.06430098217977913,0.06483696776966293,0.0652954174084186,0.06537196044892568,0.06554463398282337,0.06577736001445735,0.06535738876299703,0.0654038901517542,0.06599272484118242,0.06643461600649495,0.0667230152413805,0.06766479527881962,0.067962801303745,0.06788139744813852,0.06798960570676622,0.06759646507836191,0.06756652654676187,0.06793037412737549,0.06817530212948293,0.06837844532247846,0.06850984076316897,0.06851530680655801,0.06878068673109722,0.06959150323081732,0.06986978534906045,0.0696832589317646,0.07028886841164593,0.07065227527765594,0.07059691827829478,0.07064823137855021,0.07109649365187681,0.07133536053623549,0.07115923021721945,0.07123378244436646,0.07160584876004777,0.07183931875049536,0.07214187823209973,0.0720116011640599,0.07187188241350391,0.0722661293229556,0.07265196359314478,0.07329564305129738,0.07350566703906547,0.07359794636467078,0.07380031939346086,0.07338090291249202,0.07371771271944022,0.07522357282618469,0.07577287254165288,0.07594096147976064,0.07618785568190324,0.07632057295159057,0.07648400677885141,0.07651662161746087,0.07666793329397147,0.07694370988489803,0.07714198933891826,0.07720132741172864,0.07749658511721712,0.0776057357114004,0.07687674779511651,0.0770372714648755,0.07817689914266794,0.07882532818605487,0.07832812878919439,0.0782497938585708,0.0786927104487487,0.07895766362836479,0.07903924887253774,0.07998988966861328,0.0802084565057918,0.07912475016058408,0.0789833376912681,0.07946854063913204,0.07991911684645076,0.08060355538359884,0.08090681315769946,0.08091877457704906,0.08178320205939985,0.08152331808562047,0.08081717228989667,0.08085004350199466,0.08104050857659958,0.08126544958055498,0.08213476709186981,0.08243044363909291,0.08204430505785117,0.08235208336509087,0.08322121392277444,0.08348590487987231,0.08378414582930262,0.08409084667855278,0.0841968297969874,0.08368276443494407,0.08359350764875588,0.08368910903120137,0.084150704148868,0.08496613992614724,0.08516210556834271,0.08542580398039612,0.0856281634273274,0.08524014946196383,0.0851209708555882,0.08534661401313853,0.08556225535137206,0.08554437567206875,0.08562859003082732,0.08584094039446516,0.086360052916387,0.0866742568097972,0.08687499562787673,0.08719147848398971,0.08761573605085966,0.0879112186489692,0.08825260666751991,0.08838739711481827,0.08826487093648097,0.08839722209848118,0.08862223080734435,0.08867470291826361,0.08880372656441646,0.08881424442496509,0.08813960417570262,0.08822903891676791,0.08889722386170475,0.0897619684925827,0.08973038539356967,0.08956672768834614,0.08960068858880045,0.08851425408954007,0.08884210193406515,0.09092041699235213,0.09136285457421117,0.09152622048833924,0.09147890604161495,0.08998283161410209,0.0897465157529662,0.09056205428742176,0.09060928953976505,0.09046076767396881,0.09072956901720527,0.09108594998034956,0.09106497166375216,0.09120727067974294,0.09179538277831348,0.09237572472396414,0.09278821996027835,0.09306866413229144,0.09382805039778881,0.09409599171739917,0.09332159965408403,0.09350298271253293,0.09450222815273616,0.09482343936824493,0.09526813684365679,0.09544009743951207,0.09432915646846272,0.09445643167604205,0.09600695950388669,0.09665191270232006,0.0964200954469945,0.09592840601001884,0.09597440915485635,0.09488207947213816,0.09470103540596991,0.09591222183903075,0.09637173518328424,0.09633909969320761,0.0963303875035974,0.09633751207431095,0.09661151403793052,0.0968912030210901,0.09690558619845024,0.09704435711274041,0.09730335112022706,0.09729700781504654,0.09724996579593091,0.09735128116017289,0.09748863285792497,0.09790629217246266,0.09823794391578079,0.09853320092439678,0.09926748570070756,0.09975684688704627,0.09999054626462292,0.10001847796002582,0.10002609852679456,0.10011527802329916,0.09981083436830095,0.09971662651010296,0.09964953035032136,0.10005215049778032,0.10114560431159869,0.10146067087465763,0.10169426211634314,0.10195475292378606,0.10155634218271176,0.10119873805406875,0.10114453415577726,0.10152671080330965,0.1018863797736919,0.10249104977677258,0.10243303985341701,0.10210847007806247,0.10218203314323203,0.10198185417030654,0.10180774816375367,0.10196196427017827,0.10225431557256341,0.10260547366808806,0.1024491229821443,0.10204525376491251,0.1021985087837857,0.10225368876465253,0.10219578486544008,0.10271542926295492,0.10309579966872864,0.10316815583866146,0.10293657529309004,0.10290854184442477,0.1033238983442434,0.10313387662999948,0.10215852194071075,0.1023240442499558,0.10305134006535561,0.10323221049526445,0.10394594885968024,0.10402953324048998,0.10292321805176936,0.10302288441191358,0.10423751996969115,0.10420087010918404,0.10349305982073995,0.10358863956311183,0.10349876925982486,0.10333086783300115,0.10421939047595331,0.10446755704354131,0.10348630072892892,0.10304563009299281,0.10250829078911651,0.102993045849882,0.1029532838731285,0.101877386075424,0.10183192306877868,0.10183347822754352,0.10203570267315441,0.10326893098182849,0.10331340400778675,0.10227343727294813,0.10239790324542501,0.10316896380466649,0.10265394322871699,0.1017636026652726,0.10158708290429193,0.10078305551480708,0.10025123763158893,0.10088654954783931,0.10091182007784458,0.09957436955784262,0.09938029794736741,0.10078486438323991,0.10093112012621747,0.10025954364842049,0.10028233305979871,0.10059970774664176,0.1001114879206489,0.09850536188479787,0.09816252908299287,0.09838732083152306,0.0971102742832352,0.09677298270825684,0.09816191787524081,0.09822155018913499,0.09699484798234145,0.09670592858841422,0.09731203931172543,0.09676395064373565,0.09529828920080045,0.09486480794694857,0.0946631256643542,0.09405205478054804,0.09338251431665742,0.09343285987866379,0.09408420496251259,0.0935665981161894,0.09269607092144236,0.0925664967382095,0.09181406975137324,0.09126546781213775,0.09230483191442376,0.09226383014511894,0.09018965706377313,0.0896481264719281,0.08994842867681288,0.09046617615065287,0.08976689628501684,0.08980691963894712,0.0901456787388471,0.08975823544012664,0.0896253079252929,0.08929723922153134,0.08878529936036172,0.0878066586276772,0.08729557478600045,0.08774616362242535,0.08796493133453967,0.08819543058170756,0.08746774264959926,0.08599932276778277,0.08608379183234922,0.08655024896751584,0.08582418060807798,0.08551824640437312,0.0856133177046401,0.08431297121643959,0.08405657321057361,0.08627644115109062,0.08650669594708388,0.08484938650933738,0.08425107900918169,0.08354337011163564,0.0833290001606862,0.08424532433676371,0.0841821955360628,0.08329771793105323,0.08332347681831928,0.08359311400231004,0.08349985831260746,0.0838079458939084,0.08426093992436982,0.08507050292222983,0.0842653862068195,0.08375040780606728,0.08370088452809983,0.08245825442847655,0.08187778063433698,0.08266354451702611,0.08314309436946862,0.08254309168505278,0.08197664788769436,0.08105282527363274,0.07970245851088652,0.07990250583344893,0.08059364566480973,0.08061129238932292,0.08089357951293653,0.08074028508296363,0.07984846689035344,0.07975769760832785,0.07951185503274599,0.07982063413162015,0.08164922643572327,0.0817096478773555,0.08041644751582258,0.0807863765236266,0.08133644080826026,0.08095093052211653,0.08156833212669651,0.08168450547266107,0.08021917951291616,0.07929083852219336,0.07864226386381425,0.0789157546874764,0.08020397620666726,0.07969253645919556,0.0784576335754601,0.07827631500265707,0.077409986644209,0.07652164913543359,0.07654514775574078,0.07698616628140442,0.07730288635335497,0.07696480003068261,0.07707756840078386,0.07726763708533006,0.07627671348426007,0.07574132895771357,0.07657064378311844,0.07704324267239082,0.07721831740972354,0.07675459502271194,0.07604379767130238,0.07520748209738976,0.0731945164344347,0.07196870149750681,0.07254269537060373,0.07371451131361319,0.07582448749082245,0.07687317753299983,0.07539114981319248,0.0740339569551575,0.07377214348561198,0.07278402462783146,0.07262725525828331,0.07336324490009671,0.07262941867457447,0.07268610385241121,0.07326575790784437,0.07302952922983821,0.07249128279404533,0.07110931056015125,0.07091786049775117,0.07146522768549748,0.07136149932204423,0.07142695750492575,0.07140888506228761,0.07114581742572383,0.07142413253631273,0.07307467011389625,0.07351914969616401,0.07236219189863631,0.07226048944447183,0.07294378025775101,0.07206694794351325,0.0713511052647298,0.073316542827924,0.07308410846195725,0.07153247236430467,0.07081391434658031,0.06959591706754929,0.06993217517748428,0.0699567341570572,0.06928777985833653,0.0690583792043136,0.0688764971304967,0.07055450745303324,0.07291292003739669,0.07142201056338289,0.06915208904186992,0.07014394727804882,0.06930629241701108,0.0658698674928948,0.0642993966839694,0.06400174674577702,0.06284295938556807,0.06382197047165045,0.0673730412262534,0.06768858412710363,0.06634677924193111,0.06747861750106411,0.0667729585743012,0.0650332414257408,0.06695337277924715,0.06869786499457506,0.0676961478125578,0.06563293368714142,0.06303839864082579,0.06186711022892084,0.06222887097556382,0.06118483336684727,0.058728697017956896,0.05713490018230433,0.05730058526071088,0.05718059933428834,0.059335988441051535,0.0619747671587262,0.06019331690368458,0.06080926565421783,0.059769080556809365,0.056379461580243394,0.0591638957500185,0.06067895548420295,0.05965999846403273,0.060372491848952096,0.061404117846907816,0.06261616608532448,0.06082472741584598,0.058052093540564474,0.05709900783281825,0.05285539689630979,0.05177549056392912,0.05779853552610174,0.05803107475752751,0.05538493795644984,0.05574834063795378,0.05486718323020048,0.05743608813042091,0.06185176242105651,0.06293131187951696,0.06279803871904008,0.060138094506070584,0.05629454886747333,0.05833508983572638,0.06163711451466946,0.059465392721469716,0.05964019302904241,0.06099281653910341,0.05724938232960761,0.05364513115180316,0.05142778820762141,0.05115407928000036,0.05195181465415006,0.05253714928332261,0.05374751540148314,0.05225433760911075,0.04671193051275528,0.04714364581299334,0.049900913238200756,0.052016109033139475,0.06217276147520414,0.06166403458057939,0.05015023348131808,0.04849538552946877,0.045521023330946556,0.04568955894233609,0.05917343770207891,0.05779780473102958,0.04337404352361275,0.041845479660860295,0.04210713415040458,0.03874622964465885,0.04129330924549497,0.04569100798589066,0.04268072712426887,0.0450334878892087,0.051229604351229835,0.04517038968511517,0.041458391263727884,0.04701044290626671,0.04635825494157092,0.03827624034962381,0.032326083414871414,0.03648008200264813,0.042544897311073894,0.05162419267923762,0.06515269396113811,0.06094589374501792,0.05674452963716854,0.06062496409202527,0.05715830029344712,0.05567621511945857
33_4_PETVI_1_M_1_00000,0.12575245127017964,0.16437763652836393,0.1350355803273834,0.12696673187108862,0.16285421197516156,0.20187635157803335,0.18602931819344531,0.12120750263694381,0.055051374587248104,0.12443622539830863,0.18158384210244635,0.11447075005596408,0.1194634078779549,0.14212065494669882,0.14521790510768728,0.1380870804410886,0.1275185244656742,0.1260088346674073,0.15305201412746572,0.153121004350407,0.13403067227571375,0.11972310807283196,0.13086756663175367,0.1306779454935387,0.10958243288944339,0.1327280525442617,0.14400939783539957,0.13162241773407327,0.11755246268269001,0.14524760102833031,0.17323031628256097,0.13923753583862433,0.12962495159375875,0.12099095301682898,0.10093071921760309,0.14309708114659467,0.15839121792991379,0.13146327217726858,0.13430865377975196,0.14731318750910039,0.1505126129842144,0.12424704315972951,0.1154590628220583,0.12258452186926515,0.1338984090863077,0.13188861619376083,0.1316385222308829,0.13837275222657822,0.14118634640139832,0.13434366819712001,0.12335808469785266,0.12159647550373498,0.12843254464015277,0.13276798733105474,0.12495084244162412,0.11735492092343354,0.11738923709875063,0.12461141573186091,0.1243515153883911,0.12295354339597449,0.12367459479941131,0.12784348290771877,0.12675214876035887,0.12470294187700377,0.12900245968567317,0.12490306231143047,0.12046474666981406,0.12271808810745205,0.12401536756498063,0.12209553528589977,0.11863749689077714,0.1218105427951951,0.12416993368474513,0.12401475507242223,0.12248406635139422,0.12354065716922683,0.12568192791945387,0.12660485421597334,0.12922302896801577,0.12686228936913327,0.11898748676960845,0.12188959672693582,0.12490390161773202,0.12474387586612735,0.12466711887922087,0.12526858740228475,0.12655979137867435,0.1278668657336872,0.12424536213256795,0.1215469332049051,0.12454894299799248,0.1262611935026033,0.12779242244486677,0.12901969157681606,0.12633143990469436,0.12481473120668672,0.12594312017526887,0.12888905356924987,0.12713557677108397,0.1250507507411906,0.12866805415053206,0.1287749724652248,0.12763995468959383,0.1277560132965578,0.12814690085637864,0.12825330883400826,0.12761822318654403,0.12542331227857867,0.1263496112631645,0.1294441673153141,0.13085465294509357,0.1323256560930381,0.13126558546159955,0.12641778226722006,0.12804071633861488,0.13003547616440742,0.12859873120234785,0.12727799733443257,0.12606965467807768,0.12526870586879418,0.12546934964402917,0.1237969921309135,0.12301249673381391,0.1271359708937743,0.12736373854356586,0.1264812476645691,0.12734268976735236,0.12506826429215046,0.12380723388094315,0.12470583343427855,0.12301158638035092,0.12284668485649924,0.12380642765401723,0.12258549730357939,0.12266541040044497,0.12368096179610566,0.12422317594282926,0.12375384426847907,0.12315244283087805,0.1232089733661537,0.12419907758085838,0.12388428649216301,0.12274857636073823,0.12564659733472386,0.12552024411662702,0.12342460504141076,0.12436004621479843,0.12511445121484635,0.12491418804938463,0.12401184699840727,0.12566640312482288,0.12721569300376456,0.12669183700441208,0.1241218030486618,0.12357079180781524,0.12565019632250968,0.12761287835486707,0.12831592337772732,0.12774038082562375,0.12667665483003432,0.1276113199948607,0.1293920167984891,0.13039941014254391,0.13011329456361748,0.13061465072009093,0.13248854093751303,0.1330802694847413,0.13451821621954327,0.13646831815781305,0.1365749345643428,0.13719800068954158,0.13844184088044068,0.13971570691351937,0.14134923002928135,0.14261123422254826,0.1432365098637309,0.14520809273372656,0.14687188562897116,0.1475160843459641,0.14790187392388077,0.14898340949068886,0.1502941322176325,0.1503379814234895,0.15180120933039135,0.15321021137606905,0.15248335735198748,0.15268987837792627,0.1531088545572144,0.15310454433993448,0.1537139324974112,0.15457433955048527,0.15515562662947674,0.15435982960082598,0.15465128474928452,0.15578759560707534,0.1560636647633683,0.15553499620078637,0.15501990777772656,0.15534243433272368,0.1557862573246162,0.1563252591820366,0.15680967663288625,0.15647915364683682,0.1564639753791486,0.15672699835892692,0.15576283714801595,0.15535373128254787,0.15544268682647297,0.15517489894067205,0.15478541874164017,0.15446860403296103,0.15428400887244095,0.15354735574912623,0.15278936716628008,0.15220973568968035,0.1510318898894703,0.150028543450291,0.14939323693533949,0.14883252963620971,0.14791222528294484,0.14705576084068994,0.1469083286216207,0.14587194914923354,0.1444095434987427,0.14323019844900162,0.14239099681344575,0.14186385112247646,0.14147324263559946,0.14073438460356852,0.13996860414510898,0.13927576822647997,0.13861750998389125,0.13805301662301067,0.137521523678816,0.13694875739579404,0.13660968673206644,0.1361527745122486,0.13542186921581484,0.1352536330791449,0.13492222688769032,0.13428560433663195,0.13424415311561347,0.13346881266586133,0.13251234943366028,0.1330081825970123,0.1330390419427536,0.13264944992266386,0.13230232312982634,0.13160908399171758,0.13110360488457884,0.13107083351797386,0.13094766364193222,0.13094180798379493,0.13101775821316758,0.13080276454306367,0.1307863939276956,0.130957349915806,0.1310467597929897,0.13067828373075466,0.13029487118511118,0.1304283003609632,0.13098072646029255,0.13190764217761783,0.13278786125739594,0.1321477776836878,0.13149703999746995,0.1312917986553302,0.13109107416721613,0.1301370208425032,0.12863938104686484,0.1272015497065892,0.1260029204763238,0.1247677675120156,0.12337856317873018,0.12248258440365649,0.12234113168062237,0.12273884897119715,0.12262481827432292,0.12251753055387571,0.12244375777691861,0.12218533238993479,0.12272919229614586,0.12348001051490447,0.1235335557429299,0.1236373364090126,0.12379901393563152,0.12389988033269828,0.12364206595173163,0.12355224985451811,0.12356522578210347,0.12285697415816023,0.12262772255439691,0.12264531742213039,0.12211607052645376,0.12163760506013985,0.12116882913611506,0.12061781306464153,0.12017748407265029,0.1198444373119237,0.11957070488160054,0.11919526067271197,0.11914518509549463,0.11923489333991637,0.1187704582085646,0.11847884284874864,0.118327770714051,0.11807628616625908,0.11782641880720333,0.11770895299247687,0.11768425409912749,0.11716122732779655,0.11649135590416748,0.11588895433606416,0.11537701522819509,0.1152359354393282,0.11541438357283462,0.1156502418826833,0.11535597773414492,0.11506122734105034,0.11525859553606471,0.11484302283057346,0.11457025697007622,0.11476423382680312,0.11461281969335126,0.1144447480753979,0.11448658954513466,0.11494866277283387,0.11514525944219466,0.11512492145510853,0.11517751437340815,0.11533908896230283,0.1156029550270826,0.11587961335452168,0.11579956428303895,0.11594760160554354,0.11650528993778173,0.11718186064151598,0.11756405984966234,0.11787557471217036,0.11866329355505632,0.11975154354678426,0.12125466054998012,0.12320459048796187,0.12510060519489252,0.12712811678059766,0.12943889591573937,0.13205580770923353,0.13513514761746867,0.13850131189343232,0.14173235279385274,0.14523892508874658,0.14900637456209975,0.15289419396999018,0.15662356282489887,0.16054922778835376,0.1648479861553472,0.16910498704051016,0.1732935870748212,0.1773949232852636,0.1813889246950604,0.18573045642811112,0.1900629543446396,0.19383670786040863,0.19815850677444322,0.20261334475124995,0.20673119016658942,0.2106221362534836,0.2145956225429939,0.21871072333059924,0.22268665520070238,0.22656120950005137,0.23037149405893817,0.2341545815451753,0.2373811423044826,0.24051810513116698,0.24403227403854108,0.24746701080342706,0.25068009474441816,0.253660422768886,0.25660677389888714,0.25909139910281376,0.2612944198206218,0.2637473672812083,0.26605549567796016,0.2681001233159897,0.2698900944564867,0.2718388300180948,0.27367903085963796,0.27520074989881077,0.27632709918427567,0.2776549503360833,0.2792069626118084,0.28058164451991335,0.2817814596352363,0.282679667085609,0.2832486609471411,0.2841676425471163,0.28505687817692554,0.28568411010911243,0.2863551998256932,0.28717075599620007,0.2879103570976223,0.28804528813386204,0.28849139926449,0.2891326692797752,0.28957070544208385,0.289892265464926,0.29003261792284746,0.2900515134429505,0.29033596681573204,0.29082069271414474,0.2912519242674883,0.2911607965151393,0.29133643736049986,0.29160512814307177,0.2915790878815944,0.29176778568088946,0.29199967811888994,0.2920996672492911,0.2920437102863243,0.29201949971206953,0.29209779015724224,0.2922469800178235,0.29242412042132976,0.29248873911895573,0.2923300229580182,0.29223882413046776,0.29234702075922997,0.2926108413379738,0.292566896315545,0.29279437028501704,0.29313393377348784,0.29277803245861184,0.29268358844610276,0.29265609030029993,0.2923147207103737,0.29243323202699884,0.29271949526984314,0.2928591251342887,0.29266811757131267,0.29245893856217325,0.2923866847678454,0.29249768468007786,0.29258151458847864,0.29265004192907434,0.29273590901671426,0.29263857948242494,0.2923876322591733,0.2920958910741778,0.29197907572726306,0.2923064528835286,0.2926808841933568,0.29230047484409577,0.29230957915962574,0.292576795418743,0.2926963453300422,0.292350065240434,0.29218978282499664,0.2923386012537693,0.2919515669019991,0.292162005554093,0.292588879343765,0.29221110474224715,0.29179983494803235,0.2917755672646841,0.29215990033571004,0.2918139865079489,0.29167433016494443,0.29190131312913153,0.29173392235708856,0.291621821920462,0.2917733523351923,0.2922040453897831,0.29197238735125486,0.29180602093060404,0.29212609576960813,0.2921930819322624,0.2920302710686262,0.2918302283534141,0.29194563278001573,0.29209677753658475,0.2921346569791459,0.29198379050022805,0.29171038479095474,0.29182066801281603,0.2922352447801949,0.2918054251330137,0.29170358751371217,0.29186314830077953,0.29172562571283583,0.2919029405126592,0.29211451610112515,0.29208748479132474,0.29194776743877804,0.2919873503450817,0.2921112059536473,0.291841605268018,0.2918943374512043,0.29209536583043205,0.2920686707569581,0.29189153891870334,0.29174309607987997,0.2917843235509008,0.29220607384076364,0.29237176545336263,0.2923531184052372,0.2925443148786426,0.29248632609353015,0.29226663102292816,0.29204524441608354,0.29188557935410453,0.2920477862153893,0.2924249636626254,0.2925580010108429,0.2924408662851737,0.2923941430429109,0.29267288752808823,0.29263115537208306,0.2924861879125785,0.2924738425844486,0.29285080924454765,0.29275951882550494,0.29250228708340603,0.2927782891607225,0.2928077834138631,0.29268285432536617,0.2926014563191345,0.29280016436563633,0.292678445668162,0.29246692420669035,0.2929214131101052,0.2929865190075884,0.2929157904500718,0.2930832410743913,0.2932928160806921,0.2933600931562565,0.29323297260899606,0.29299778911912655,0.2932188296066345,0.2935583374481661,0.2935197518003629,0.2934129267337896,0.293223094578029,0.293008804309276,0.2929667865563679,0.2932044303647665,0.29328592796770764,0.2927407090769443,0.29277751729023627,0.2930491229272267,0.293194094166647,0.2931539136606567,0.2931322614137195,0.2932143190643081,0.29336270361009287,0.2928319747939879,0.29246866561031803,0.29280523487889765,0.29291148783653526,0.29312251013174223,0.29324508363875507,0.2927845005955417,0.2923250292314606,0.2924405252408738,0.29324328207404965,0.2934257196067098,0.29382030166613576,0.29413441309451877,0.293180947946864,0.2930933677495521,0.2933281768687225,0.29310765704591996,0.29329005065297,0.29341953988691705,0.2932582251431806,0.2928146578693711,0.2926123453139621,0.2925868082223406,0.29250461823737106,0.2921393929451981,0.29195040892334484,0.2921566501998472,0.29268834617891015,0.29272881370334036,0.2924605836305756,0.2922590968145431,0.2918402337910446,0.2917433241383114,0.2920689314898617,0.2923883833323106,0.2920723073008279,0.291700879282444,0.291973877941685,0.29238013712262817,0.2926751353027452,0.29275437954166683,0.2926668649666039,0.2926962921058075,0.29250517913239416,0.29183504383808573,0.29152752727667675,0.2913012397809558,0.29094008531659615,0.2903511876852009,0.29081402326841793,0.29143319922030414,0.2911719922648483,0.29076150042755705,0.2906697574571559,0.29077126924973346,0.29039595733572765,0.2899517424304784,0.2901552847202135,0.2910682743282046,0.2902975699427962,0.28977987748904344,0.2898926544038466,0.28974485989137694,0.2887647735546461,0.28835533681410375,0.28942215558247614,0.2906128142675058,0.2910463885591407,0.2907619700447681,0.29042882347135474,0.2899122550866781,0.2899855769044256,0.2907858773154705,0.2908441179540601,0.2907164784099639,0.2907321848953251,0.291066092661193,0.2911893993419814,0.2904892560123324,0.2896580612100212,0.2915137759052223,0.29174646275643185,0.29117960749093424,0.2916552183394003,0.29078957801266003,0.29058566941487934,0.29130184106731594,0.29116997071196143,0.2914035457874598,0.2917800384887553,0.2918182372583195,0.291285453192013,0.2901400716592667,0.28948063197966817,0.2908140849030984,0.29091218127441376,0.2936950158236399,0.29365653526688684,0.2938340444711537,0.2939869569670661,0.29512281692805675,0.2953388375081117,0.29457108807716187,0.2946870847623499,0.2942759060857549,0.29437231904317235,0.2944132700848725,0.29458470954827287,0.29520035716477283,0.29518261106421434,0.2955576927690921,0.29565912704635483,0.29579329177549507,0.29559667370698794,0.2958707601183663,0.29585069363007016,0.2963437198184039,0.2957348032651246,0.2946583470677286,0.29443886046832707,0.2942576073979056,0.29483467380181366,0.2956771039311589,0.2965820633141821,0.2972487947040985,0.29740214555733996,0.29687952323159805,0.29668203678745414,0.29634504241704157,0.2960424449830915,0.29571010723025815,0.296026913516957,0.29624651488265064,0.29655313442724474,0.2968375350165054,0.2971033076773528,0.297533127432287,0.2972441323449034,0.29686677538812567,0.29649992167114786,0.2958686126650762,0.29591496587433747,0.29620913692296336,0.2971859385585647,0.298019928471436,0.2983486972349628,0.29815161711810667,0.29695899595344194,0.2960537797317764,0.29655949445566404,0.2974464772401308,0.29799090111464527,0.29860609530904375,0.29860550604900904,0.29736500569637575,0.2971300955814515,0.2971628680038233,0.2974195636712064,0.2973000778564329,0.29820284229949945,0.2979385947979373,0.2969865066897806,0.2973499247703261,0.2973191388857354,0.29753407717010605,0.2987606473445673,0.2985322895874366,0.29744430982464093,0.29738816588656,0.2972501005395162,0.2974288915854821,0.29755506776291346,0.2984704410740289,0.2980387075460123,0.2974797190818754,0.29761937682272593,0.2975732852178713,0.2981513031111608,0.29886368974726346,0.29859287596430795,0.2981979620342305,0.2978859953248541,0.29740599700289405,0.29733869850654326,0.297718316050201,0.298272618220208,0.2985459663936383,0.2988235112594726,0.29882928484729326,0.2984417897383722,0.2982124943759022,0.29853858471807687,0.29896592146503237,0.29918410892031044,0.29936459435993706,0.29904696182018387,0.29883816697746507,0.2989119519749508,0.29893268748849927,0.2988895369141991,0.2984957681453913,0.29826028427168355,0.2976944907829218,0.2977227189158873,0.29808243831169406,0.29868531209902865,0.2986894933423407,0.29883290923048555,0.2989157453561216,0.29840166767835946,0.298383505862825,0.29836323406343773,0.2977486424184394,0.29780953045498837,0.29845434337205307,0.29857158103582404,0.29854231076703086,0.29863630839374056,0.29846011859405613,0.29755073095839296,0.29746546985626526,0.2980564639126451,0.2977927384805345,0.29722491021113356,0.29716628379161975,0.29678140962325,0.2962587210217819,0.29626461241755664,0.29596069648250933,0.29525980961147763,0.2951467337921268,0.2952996349753784,0.29495047356396437,0.2945448161242808,0.2940072271732896,0.2935111355057254,0.2927733922072234,0.29236569508901755,0.29239061791658966,0.291865691106111,0.2907821247076222,0.2901990316553562,0.28967855061914377,0.28907383679902976,0.2893204466122319,0.28924631315492416,0.28828146922229647,0.287841669366888,0.2875721781948193,0.28686338068340045,0.28658148166393976,0.28693341598226724,0.28675082007711555,0.28632955515675057,0.28614526609082985,0.2857503080312305,0.2855660523779034,0.2856296651753115,0.28576136311426703,0.2852490631889158,0.28515284961106985,0.28537274129885726,0.2850663537171237,0.2849861944025025,0.28517021449857527,0.2850506695701306,0.2848041536915308,0.2847937070239811,0.28528020708313573,0.28528377620546885,0.2850084528368358,0.28484361085471704,0.28443261551857507,0.28429387718839166,0.2842347874034135,0.2844537996170238,0.28442975491801453,0.2843450313923004,0.2844092853449095,0.28451435176780704,0.28447326739186185,0.2840633354453551,0.28361110525552835,0.28344611011931115,0.2834811603282561,0.2842378915631731,0.28419672521952477,0.283549448633017,0.28358312951882075,0.2838529144704732,0.2838565078598426,0.28417657264474816,0.28427055366683,0.2839734402694885,0.28353807960273675,0.2836139525681692,0.28409026357341055,0.28409573569660485,0.2836525539988403,0.28347818667430497,0.28346153616409525,0.28354819442320467,0.28386733224439564,0.2840297615458357,0.28405348681632553,0.2841428176116257,0.2843322001584345,0.28450464377171586,0.284627439065677,0.28470959194176043,0.28476064199319306,0.28488812085298987,0.28514499363263746,0.28522213949278763,0.2853569145278261,0.28509569154772607,0.284946947037158,0.28545515213289363,0.28599069575858466,0.2861170137837904,0.2860552259113091,0.28589678565809007,0.28601098633138133,0.28648621818732606,0.28642881530401965,0.28589954959565295,0.28609686226764625,0.2866038078646315,0.2867098034481089,0.287120912429969,0.28738540901920795,0.2871095602029917,0.28695626893519216,0.2869054003315636,0.2871741207445328,0.2873387160150024,0.2870873148399346,0.28721896916653467,0.2878386705195789,0.2878676395901031,0.287621079618107,0.28764886511423526,0.28755430340348725,0.28764372291772183,0.2881197001924516,0.28820106249455574,0.28796353966722715,0.28807041609531,0.2883419450550185,0.2883650920299162,0.2883327083521607,0.28848122038069174,0.2885800500933213,0.28859903901062206,0.2888097939755316,0.2889775483768714,0.28906620257537735,0.28889057162181386,0.2888681346131735,0.28902424123104353,0.2887913359529498,0.2885860500429962,0.28870937034072525,0.2891902476974913,0.2891358492961364,0.28897453041122784,0.28903632038754007,0.2888585419319662,0.2888188746317865,0.28918089011493986,0.28929521556616566,0.28922306247508495,0.28907632309546427,0.28875548689314645,0.2887198997936412,0.2887661833895665,0.28867883226638175,0.2886167413052517,0.2888658332019422,0.2888177297345386,0.28848664701718507,0.28847040155260106,0.28857605460729086,0.2885872688149323,0.2886265185267514,0.2885179574352646,0.2882871189138514,0.2881374670166143,0.2878282294039445,0.28779414567975314,0.28810794124122047,0.28806148700207734,0.28789258647813265,0.28778775113334704,0.2875427967189218,0.2873397201388609,0.2871607721184237,0.28710706635060873,0.28708575614595816,0.28699855315716294,0.28714934732650105,0.2871187729836251,0.2868403557757192,0.28658953511593693,0.2866884528784075,0.2864010795024546,0.28611612518868607,0.28579242474779104,0.2855795113233313,0.2851725880986582,0.2849672171293184,0.28512419175543585,0.28490029937773526,0.284458313261548,0.28418322329742474,0.2838470528311925,0.28353057898202016,0.2834081248169319,0.28303823129279054,0.28233962240464333,0.2819695764287746,0.2818018008163057,0.281436573136237,0.2811339861238157,0.2807927727997996,0.2802969651935139,0.2797695661126093,0.27928451520694897,0.2787710803284148,0.27837061923164547,0.2778639047063514,0.2772792016293173,0.2767565674411422,0.2762355715299187,0.27546986350414904,0.27498857590297876,0.2748814221683334,0.27432549284548774,0.27351345241448066,0.27300094540138625,0.27247578201963096,0.27188550151299007,0.271452748943876,0.2709781179390747,0.27030710517317813,0.26975648309713407,0.2694071344864863,0.2689404185455711,0.2683787981768736,0.26784056626780944,0.26728534143728705,0.26677205593594633,0.26629315333474834,0.26577683458335366,0.26538181556446144,0.26473595135040906,0.26428574290910506,0.26389711049046155,0.26327716126501877,0.2626166128490527,0.2620163279097231,0.26123587874575477,0.26060701458441327,0.26027390923603155,0.2595612780272915,0.25868858910825376,0.25773671801337267,0.25659033292315125,0.2555235045906135,0.25445782881700096,0.25328464797797473,0.2520898191166379,0.25080745316774633,0.24950728418830925,0.24796971381556884,0.24622808806400512,0.2445248854217499,0.2426774690878067,0.2407870450268477,0.23896532298424722,0.23701969751652838,0.23496057553716343,0.2327994192958129,0.2305737993635073,0.2282589592433539,0.22573143048409886,0.22325172056363315,0.2207905372655273,0.2182809997260447,0.2158463704567673,0.2135024017045183,0.21100610325396296,0.2083636115510551,0.20599527348256585,0.20366726374076408,0.20136842363272242,0.19922677255573984,0.1971015561723919,0.19494455862586138,0.19285008611195228,0.19074705124231994,0.18894368818106513,0.1873621157388655,0.18562918171120976,0.1839348497512891,0.18249220435717475,0.18106145302329013,0.17965767329887058,0.178528596718578,0.17741804446189316,0.17612068295950212,0.17505680856574718,0.1743785970474274,0.17354190039902254,0.172566975051638,0.17179009775638973,0.17112090874561148,0.1704430013226685,0.16984710733963598,0.1693733136872605,0.16880303347999603,0.16814884078723003,0.16762470197784562,0.1671283248861555,0.16674151283969718,0.16645812700466922,0.1661383604440225,0.16585424762235343,0.16563665026778715,0.1654752023004969,0.16524242748465212,0.16502715066921228,0.16486006177775722,0.16458410103487445,0.16449493727229902,0.16466276624475268,0.1646100450217669,0.16445102280866342,0.16443406042405437,0.1644510803880133,0.1643819435272451,0.16433028537995856,0.16434423385336902,0.1643088023865429,0.16426194799001767,0.1643148759444122,0.1643494890454366,0.16420312376350812,0.16424901801580763,0.16459940347723867,0.1647043371884338,0.16463714997181322,0.1647411762804416,0.1648335730147678,0.16490650517203595,0.1650508988140396,0.16528589874764602,0.16560208439477522,0.16577569634057154,0.1659504663103325,0.16617895676985178,0.1665074587214073,0.16676539426935805,0.16706490106926336,0.16755216933660502,0.16794495827710432,0.16821989222693876,0.16853644219313227,0.16891374048995747,0.16932769834471867,0.16970082000204093,0.17008533261198733,0.17053508626675537,0.1710418809561036,0.17154544578145411,0.17201350551441758,0.17253230050689974,0.17311429863572475,0.1736900316840389,0.17420486334670118,0.17479884338755075,0.17536659510216226,0.17580592529641006,0.17630431661869192,0.17689632220443643,0.1774569010321104,0.17792688432927684,0.17848989587977337,0.1791889508876999,0.17977604384416399,0.18034593223280132,0.18087982754661672,0.1812431286386288,0.18179805321152281,0.18254089602096868,0.1831103928510146,0.18361374742501546,0.1842344818162869,0.18481277364316162,0.18539113474684468,0.18617397913020298,0.1868122419752837,0.18722164674508418,0.18776320338318722,0.18837473220392378,0.18894787415889572,0.1895610373232769,0.1901590134436526,0.1906971759305398,0.19126331157044452,0.1918450190608194,0.19246763435091496,0.19302776641596397,0.19354877854097705,0.1941575298878475,0.19483452101210455,0.1952975002722897,0.19567213160168886,0.1962351570636449,0.19675885426203518,0.1972087650540093,0.19777406496763503,0.1983365617849716,0.1987511864675765,0.19920789048397813,0.19983797319912872,0.20034525808824186,0.20065233680456465,0.201106900258759,0.20172717600594475,0.20217457867819066,0.20245639119063824,0.2029509271048685,0.2035201187666314,0.20404296525574825,0.2047032920516995,0.2052054171007362,0.20553672274311177,0.20600628571052962,0.2065801570603944,0.20697254257668726,0.2072322207938156,0.20768247335483414,0.2081649000011429,0.2085424669318936,0.209024517395996,0.2094487818157,0.20965632109681812,0.21001631952755173,0.21054152577352267,0.2109732813804292,0.21134357521219668,0.21176019769872678,0.212184697981618,0.2126398075081574,0.2132459194444214,0.21359484888816985,0.21371772390417096,0.21406146512592203,0.21435278880794695,0.21468073057959272,0.21521557855119622,0.21566742599517164,0.21606159441215775,0.216393750647276,0.21665973257990392,0.21704489344247638,0.21740175873855147,0.21778098162470158,0.218379551252851,0.21878509610272254,0.21900068366003933,0.2192976408665948,0.21957064312256389,0.2198588649079777,0.22011485047440446,0.2204774476643403,0.22099803351993488,0.22134354167240622,0.22156568238821456,0.22196667252018634,0.22246108132715312,0.22277135464499673,0.2229868712950251,0.22343711935193603,0.2239900590799285,0.22430405718741803,0.22462381622430305,0.2250731403643619,0.2254271069095003,0.22565473407759307,0.22594488308832456,0.22633085614861004,0.22651524542819323,0.22679199156133317,0.22745687161251602,0.22786362240244387,0.22788800812787263,0.2281923290810745,0.22881377147392495,0.2290694337321687,0.22899123037950847,0.2293322262331437,0.22986156014660666,0.2300617809736727,0.2302944438689866,0.23071842190218853,0.2309464817265243,0.23113338892776708,0.23164900431037636,0.23205671444043283,0.2320962236629347,0.23229271996748016,0.2327278387903856,0.2330757661158256,0.23336832636930774,0.2336510671927205,0.23387089063423563,0.2341842523708764,0.2346292650681365,0.23490938695140945,0.23505169716859786,0.23537021201795588,0.23580533185250674,0.23600900808664996,0.23605618504700737,0.23637314144720536,0.2367289392421535,0.23696916912719382,0.2375330796714624,0.23783566946464152,0.23763046360913825,0.23769742507465147,0.23786792472021068,0.23807584584819375,0.23852047116855732,0.2387455117473862,0.23880522560965045,0.23897859602068397,0.23903665495183818,0.2391835208433091,0.2395992274550636,0.23979554285683294,0.2398178579007246,0.23992823979989267,0.23991609495239472,0.2400278531092348,0.24041858800731755,0.2405588039263797,0.24055432454105188,0.24061294251364113,0.2404846772816232,0.24049828899109943,0.240773600432735,0.24082563463596116,0.24073045471967797,0.24073513244702394,0.24066048654074643,0.24062098546627195,0.24069516877491912,0.2407285107652837,0.24074953378768374,0.24073166160463594,0.24072151621942314,0.240678005499918,0.24048023609757282,0.24042186293548615,0.24043947234464155,0.24046242787694522,0.24063843429499202,0.2406853052582957,0.240714381704625,0.24059694106072446,0.24019430160303784,0.24011688017036414,0.24021770068633647,0.24009727867759942,0.24008757708726003,0.23997952704799935,0.23955411134298352,0.23934483972875906,0.23930552456721177,0.23917005289846252,0.23903703704186502,0.23893351916717226,0.23870962395011514,0.23866701911590685,0.23893858354603031,0.23876250287370424,0.23835799589698028,0.23826385528600044,0.23800311016816134,0.2378298971258109,0.23806879296300665,0.23793259675858197,0.23746321707297946,0.23725956690713004,0.23708517930946274,0.23694313429795447,0.23696772422826767,0.23668628332245226,0.2361842045516029,0.23608332462558773,0.23602491226637012,0.23590421126884498,0.2360681083524687,0.23589935347616117,0.2354435946081632,0.2352392857519835,0.23511494083900472,0.2347830143379079,0.23434687547733057,0.23401936405021784,0.2339087972714632,0.23423347552859872,0.23420691918718145,0.2338487991315509,0.23355004516194067,0.23317081930150582,0.23293170208020939,0.23280130279096736,0.23252321091897288,0.23222359560942424,0.2319976190253619,0.23190159205941385,0.23186976344377874,0.23150438972344628,0.23104207977978453,0.23089042312201902,0.23071669330084618,0.23056612118964187,0.23055021560191505,0.2303697581271126,0.23011582380142054,0.22964468216733663,0.22942702202884374,0.22926056552241547,0.22905877508100034,0.2291774636492523,0.22898739440602411,0.22837202721023367,0.228002633552577,0.22773947760011634,0.2275209611023155,0.2274185751556409,0.22720794400815622,0.22691363730710878,0.22664332006625823,0.22635977105782898,0.22620842666804294,0.22620874500598592,0.22587780846877875,0.22546939740793107,0.2250905562269456,0.22431820257784996,0.22410758506658363,0.2244620190729795,0.22414224632606516,0.22362538449640448,0.2232811739656845,0.22286418535880992,0.22285860942504196,0.22293412412902966,0.22258731673017965,0.22202699064925863,0.22154406829397016,0.22129923958323208,0.22136283253443662,0.22148846751616713,0.22136847049331976,0.2210374452076233,0.22058562137010057,0.22013566351278743,0.22000290859783622,0.2200438337221149,0.2198285614320713,0.21963800203362296,0.21955710387287258,0.21939635096490373,0.21929843870231824,0.21902793100072523,0.2190478148051649,0.21911850990717643,0.21937822130747878,0.21950579562649453,0.21947434656147444,0.21938794760016891,0.2194246041973944,0.21938839526310008,0.21909409331437837,0.21900873452020161,0.21896758212366463,0.2190956481909556,0.21953726953008593,0.21970915355396128,0.21955284440160897,0.20408469212271996,0.20377371516615564,0.2041290054391244,0.20531795535802239,0.20519209935479632,0.2050032581438456,0.20548423985796016,0.20539431774988096,0.20419890173094796,0.204371443655703,0.20555489249038514,0.20567366292224815,0.2055170699448151,0.2059512166554846,0.20581725600522158,0.20589845060141632,0.2057806705995327,0.20567409273180218,0.20577598734109534,0.20532116440137052,0.20551228011704267,0.20688409950357645,0.20715872916764766,0.20614576033605855,0.20620306595610355,0.20553921008117762,0.20524516854185146,0.20515571149022627,0.20561812693862172,0.20521442821143962,0.20418077926138706,0.2042680390965094,0.20487559687597082,0.2052010441015963,0.20550343006476438,0.2054563745856967,0.20475911618377438,0.20462040457557473,0.20436469533487198,0.20440279524830116,0.2040934396451602,0.20307431741576085,0.20337741766985548,0.2034123478187621,0.20355740530904023,0.2040920181921572,0.2036157725404992,0.20244365124768002,0.2012473458628407,0.2007807137096478,0.20058530479392372,0.20010527721558952,0.19960263092602235,0.19936373165367036,0.19824700855244562,0.19718317829495374,0.19648707834992576,0.1954125601930547,0.19451356007585,0.1936582601120666,0.19258251094308632,0.1912843741416359,0.19053112683239648,0.19003370421517746,0.18893831932948874,0.18728574481469548,0.18588362192979155,0.18429964312137548,0.1824090850109928,0.18057368364976115,0.1789120831807774,0.17761129788115457,0.1761234613674577,0.1738114583294266,0.17166622828708145,0.16932392524622472,0.16698146504889663,0.16564595478355754,0.16407449759294251,0.16212495699073126,0.16029318590495167,0.15797567185443456,0.15480012030868945,0.1517723654294987,0.15010725075946085,0.1476202806501427,0.14479059669458544,0.14315181413667824,0.14088866900813504,0.1385604139663595,0.13724463747998764,0.13593284428921015,0.13457706787647084,0.13327159880624787,0.1322937955575283,0.1306014485414413,0.12850135840472882,0.1267904878807473,0.12550154698685978,0.1250983029043765,0.12482720437734603,0.12400989199327886,0.12275006435098755,0.1219339537061432,0.1208128235718163,0.12027263691637224,0.12031073843874915,0.11964620068456627,0.11885050915032255,0.11826995427773972,0.1177215741218511,0.11798120483629476,0.11788414917482365,0.11776711610731042,0.11751878104969705,0.11704850263178672,0.11693333416428826,0.11693780733147435,0.11695144626637871,0.11689603641607978,0.11694240673274696,0.11723139679558708,0.11696529496672352,0.11680451836779093,0.11682288466359732,0.11678859779513107,0.1164361785161055,0.1162698477107346,0.11641294383616765,0.1169801885362599,0.11727746473906896,0.11709638159185952,0.11715804280561061,0.11689720487767379,0.11673166626089265,0.11623984799479284,0.11651468627375444,0.11726038025639461,0.11743710833499643,0.11734879764721926,0.11830777760746633,0.11836864045886998,0.11803718401960007,0.11813673084932776,0.11776804572535875,0.1179155973506948,0.11873214051153536,0.11897778007526905,0.11925421031169776,0.11946953982428224,0.11901304324872176,0.11911791866657298,0.11978893784027833,0.12034081332320358,0.1202380146662591,0.12004248603934506,0.1202530758534681,0.12060506250514451,0.12065076359654855,0.12072533141784894,0.1212077000389837,0.12181865959150923,0.12191208211431208,0.12208925893756722,0.12222785582133262,0.12260097112527704,0.12314036624021928,0.12358722215480342,0.12431760033376099,0.1246847867349808,0.12411320277660781,0.12416917065814988,0.12470602788072586,0.12495161499092904,0.12476988448278256,0.12534650536656974,0.12657837110985734,0.1273746843882701,0.12808025097021142,0.12808188976751225,0.1271913806517024,0.12724997621659315,0.12738500641703765,0.12800240956052897,0.12838333695172904,0.12902627371351388,0.1291872836175531,0.12868165097172324,0.12909187394597801,0.12963847868393538,0.13063670335249705,0.13125963409243027,0.1320155651016446,0.13253808031396838,0.13215000073811883,0.1323751137828565,0.13302436282282895,0.13382566614533403,0.13495776335852125,0.1353367225147511,0.13569698672984917,0.13599611076911555,0.13537382325700245,0.13546433456972565,0.1359562886701202,0.13602236741897486,0.13685970247125223,0.1372487109861157,0.13740231853211024,0.1374921188732564,0.13783893461507624,0.1377927375355702,0.1379912295910691,0.13868415360086797,0.13922495152069034,0.13959463421117624,0.1399481908060861,0.14045642155866317,0.14110779742607002,0.14094046016817446,0.1406548665659089,0.14077208318431503,0.14091638057932054,0.1411361796773326,0.14156051762423016,0.14200617076139846,0.142634102925626,0.1429781323976663,0.14345495562384603,0.1437338915137005,0.14353434193233885,0.14353436911568687,0.14358330771219605,0.14386628938055546,0.1442509332351863,0.14491147960899353,0.14519224718953633,0.14556019945116472,0.14579917012965143,0.1456442619420253,0.1458778959614273,0.14671263297012035,0.1465972375315653,0.1454600072758054,0.14546505499376366,0.1456247550683086,0.14562908686866055,0.14665914449336145,0.1476957369338687,0.14822132973514204,0.14808196827320472,0.1484227289960334,0.14883400776917094,0.14919681266491353,0.14956007152819015,0.14994038239118668,0.1507186035597096,0.1508534474653262,0.15042016212041806,0.1502679909565691,0.14952587840409653,0.14935618582170715,0.14940205270094525,0.15018000097812087,0.15019860813900043,0.14968781459174058,0.15003403932534198,0.15087512550337642,0.15107625289116103,0.15112617362706077,0.15178734988480885,0.15271536044842357,0.15285788435429534,0.15333208336692108,0.15365714789699508,0.15333750424565562,0.15227375271244561,0.1519919094198984,0.15227663090720103,0.15252011792827042,0.1526717694126195,0.152969344417501,0.15381625758682935,0.1541727290218042,0.15430650860221437,0.15435650525090974,0.1540285199448909,0.15413892219347727,0.15458528994646456,0.1546201831213532,0.15446964868445742,0.1546098061790095,0.15416624220696065,0.1545853356751405,0.15493245306127326,0.15619892112379677,0.15607136705691188,0.1548127983823461,0.154987992670865,0.15556609767503568,0.15560802365327114,0.1557843517991848,0.15659112097164052,0.15785324329445652,0.15791487220705033,0.158196077388208,0.1583951054378349,0.15711475240892406,0.15597934989926446,0.15685957328112343,0.15694911749738535,0.15718054128354805,0.1573140706883014,0.15764888113275768,0.15790064042339422,0.15854344515192154,0.15995618218525892,0.16022477071681676,0.15986166689587553,0.16005631089245959,0.15965023443455073,0.15977954675137276,0.16093990731027785,0.16149550519944017,0.16200336019747033,0.16220155639609177,0.16224954433623753,0.16161936855395004,0.16154708659799502,0.16125424144860862,0.16144451093759613,0.1623072698787085,0.1624246096733803,0.16207495354280618,0.16244364394710376,0.1630171193614775,0.16332997590824433,0.1641155487912617,0.16455475971295616,0.16459900586470189,0.16447193362735518,0.1641938776487431,0.16407027805558935,0.16321881440916997,0.1631410635271113,0.16399185775623423,0.1644350279438486,0.16445749151344352,0.16417466765115088,0.16445435019606283,0.1645059150909602,0.16473810481010234,0.16592439589124536,0.1660560502592913,0.1654064683128823,0.16509178164579655,0.1641234151516599,0.16411282213004486,0.164811274214329,0.16507037200466393,0.16592176463750963,0.16637668475987635,0.16605269696902014,0.1661156209106848,0.1663045388599028,0.16694042308524432,0.16665395859938326,0.16585304625558728,0.16575329024691374,0.1654727782447153,0.1652458997802393,0.1652925948608712,0.16571523198842716,0.1665745510981092,0.1663710466578004,0.16614732688643397,0.16603641776216593,0.1644332516392231,0.16420489095839066,0.16574965213672738,0.1660187740060829,0.1657735583466646,0.16583309641787128,0.1654822443289315,0.16536719443128342,0.16586508528493585,0.16597438276643836,0.1660155803307871,0.16608176238488193,0.16542383554310786,0.16396890325221095,0.16376588835614264,0.1632791658911301,0.16359712274111848,0.1657623143390244,0.16610872207249236,0.16574762036543886,0.16564609014054632,0.16439135618615916,0.1644425533616746,0.165886207900333,0.1660767519563746,0.16622232781645077,0.16615952593721545,0.16481401891988487,0.16440654230044188,0.16516015250758903,0.1650587969455231,0.16481161506912423,0.1640851207750585,0.1645177453320371,0.16374835136065424,0.16326367490625757,0.16311766823075544,0.16341006249606646,0.16371530917802135,0.1633152578844281,0.16309204899258295,0.16318802285541265,0.16246276410344,0.162174833024992,0.16346648757756474,0.1632625329676114,0.16117492388835095,0.16061783994355214,0.16065347108593817,0.1605682457008014,0.16124094305678346,0.16128920070916286,0.16111523904349903,0.16073167671457592,0.15941236359576905,0.15902998512763866,0.1597273064475245,0.15921043506821858,0.15750971065632838,0.15794391688850448,0.15777202989317124,0.15617666863090648,0.15556560385955082,0.15577320733171043,0.155681088971894,0.15549930215162439,0.15490431838530047,0.15443622390533895,0.15367705281286947,0.1520284653217668,0.1513502311487216,0.15048315018388086,0.15097053810263103,0.15372924606243588,0.15366696969400864,0.15296215946243388,0.15273043211219048,0.1501481870272137,0.14937990448281382,0.15115678088848955,0.15117744020992976,0.14971472921605905,0.14983060286930025,0.15100149519800138,0.1509624251855617,0.15160571191805658,0.15130737008691061,0.1486479550074201,0.14770567784816635,0.14858834017799755,0.14804291057849833,0.14899478550612985,0.1497449456708924,0.14819528166578264,0.14806611978242318,0.1477509963498921,0.14736309414354215,0.14654670500885225,0.14599405191167267,0.1452699568319792,0.14324064396054098,0.14288189281198754,0.14417492808727914,0.14404237407764442,0.14340139396527116,0.14393165880511627,0.14468420251145947,0.1445573039088296,0.14518858067087906,0.1454997024507673,0.14438891993270297,0.14400606959354023,0.14417844388423756,0.14433334675692014,0.14522042930071627,0.14488873029218277,0.14283653916539993,0.14321922192010028,0.14548245987387126,0.14482337896307382,0.1434714907639627,0.14375936151738486,0.14304668889597139,0.1415480967546674,0.14212804161633405,0.14364590670012692,0.14327508234172526,0.14036097232983535,0.14053579794512658,0.14135054225164578,0.13923157408565878,0.14037975789567284,0.14240232371096015,0.1421167163639658,0.141527994778608,0.14058254138418108,0.14123412875746164,0.1417643709780244,0.1412773274069096,0.1419548311002871,0.14285628700477548,0.14170796242437478,0.14169286581663165,0.14434379308269346,0.1444718442936803,0.14243877527876345,0.14241769778466973,0.14316542950012906,0.1425325115558221,0.14186996072232153,0.1411604348727878,0.13903832842743122,0.13898057649280735,0.14047595896657855,0.14053544224686243,0.14054463465313838,0.14051693092861642,0.14045562913589446,0.14013935352707557,0.13905638044476187,0.13911926280901654,0.13960107486370596,0.1394546296662848,0.14002189914756982,0.14065326497840125,0.1414623346839751,0.14062246983790494,0.13841321955510769,0.13747726512023373,0.13528664053931885,0.1346422222666767,0.13644525636205593,0.1373533624742478,0.1383804123946,0.13871354849314727,0.13864221690380935,0.13921190071614348,0.13613583118663197,0.1339377510782693,0.13522996544480093,0.13404525061814734,0.13326505463942334,0.1345884415177782,0.13451283995009125,0.13454623147163736,0.13432080701464086,0.13439168683325767,0.13443505769880132,0.13286963028797363,0.13413709371267582,0.1369654147177625,0.13664093717689987,0.13465920878449708,0.13375935563837144,0.13394138917018134,0.13339166360292506,0.1332327518946713,0.13471129726945327,0.13616657978580132,0.13700166023516094,0.13590474921896864,0.13372417846590182,0.13156935809041553,0.13028647518809613,0.13239873059544252,0.13506998082721072,0.13497523157980887,0.13172304612060226,0.12923856719188598,0.13002279504240782,0.1307818103767292,0.13326712597608276,0.1360072576503327,0.1325684425328466,0.1278118473183875,0.12557967824110283,0.12646942021342134,0.1305923857251074,0.13075184494277714,0.12979524677044738,0.13156412406087745,0.13138832989747976,0.12978549506234602,0.1288301097636779,0.12639926832928733,0.12370086199344725,0.12469513446393832,0.12467138905231591,0.12401453125918899,0.12388620478746104,0.12202471228617777,0.12549577388903604,0.129878074713358,0.1281130124667989,0.12923579840307536,0.13314011981426488,0.1319624302742754,0.1328241468128174,0.135455652888786,0.13278638310681473,0.13085731200395995,0.1284881164525118,0.12414372818207038,0.1182432307916375,0.11479480041879732,0.12154534024185533,0.12705207792958442,0.1273691311424078,0.1253616602488833,0.12048934527574234,0.12129062381931642,0.12359702971909835,0.12217677147306498,0.12247407616442176,0.11998500328287738,0.11721784216077438,0.11919109674403836,0.12275048744961205,0.12660957583342905,0.12578608207924716,0.1262064699684476,0.12211287038810026,0.1093314678838957,0.11036981109650638,0.11787771779590812,0.11819852826459318,0.11954616007856983,0.11695514029318767,0.11338831569167755,0.1167220346649017,0.11758034499996288,0.11591892982170392,0.12326901413411084,0.13379494988808385,0.13509023059427752,0.13035043227898252,0.12130758622380987,0.11323654880122323,0.11442866385445334,0.11968075061444225,0.12540234944253936,0.12611830456889137,0.11905380904856558,0.1143402725291579,0.11327446512052702,0.11115564891376514,0.10862002625504404,0.1142378861922394,0.11755554775676032,0.11533563770451674,0.11702302971668964,0.12639629173521683,0.1232185736581371,0.11263371722320935,0.11031192675204748,0.1019882643495478,0.1037605000913126,0.11818283940669201,0.11718327280088718,0.11413990424441631,0.1115096582811601,0.09812889560913256,0.10953401895403396,0.11621316821435487,0.11070035176691453,0.10921131029121986,0.11654337347505442,0.11775939732531719,0.12286783198015669,0.12855224703174575,0.12139806263975247,0.11475311781684717,0.1184241424360419,0.1207074935856978,0.11362883911118754,0.10867922031554088,0.09925609179078516,0.08910998276612382,0.094596388329028,0.10101129960598264,0.10372677550673505,0.10971106592726243,0.11301682710081312
33_4_PETVI_1_T_1_00000,0.15281322406888967,0.10064753171369416,0.1236996413987706,0.13632784589102911,0.1169018916112337,0.1233929064511762,0.13269502477795697,0.1358978601144348,0.13105003920169164,0.14486071855288182,0.14702323295583056,0.11825074516545396,0.12236600593885,0.14071835148462888,0.15302321395783497,0.13472239870707306,0.12849373821261947,0.13417802661045786,0.12843154858041228,0.13194115533391104,0.14015986292952048,0.14336182954130194,0.14747799777656162,0.13576391390357137,0.11251485797843089,0.1392230076143517,0.14941482382393068,0.1373171015132858,0.14619142589623577,0.16697526629051235,0.1738195648765952,0.13876232593666019,0.11558315543736121,0.11684272669842097,0.13429784329392871,0.12422674046490359,0.1213455875220387,0.13854618473314786,0.1670219326983454,0.16287084718619624,0.13231789408627276,0.10557479311480605,0.10960699758364573,0.1305265004257491,0.14793611767053574,0.13984896257911755,0.1548744574125366,0.19111477165706922,0.15652807255724402,0.13500115415656672,0.14085383032602458,0.14953793048992164,0.1490894664434334,0.14426927079589896,0.14338724614530096,0.1474782753789685,0.15074987905947945,0.14997754221325876,0.14638211701683645,0.14862332222993513,0.15527050135851544,0.1558840723366473,0.1472230841845223,0.14130441553848067,0.15240525215202685,0.1499397417411566,0.14462533839960423,0.1473158371689852,0.14755151558132024,0.14805396179542565,0.1485723965343348,0.14232055447632566,0.14244375947875296,0.14783916076523126,0.1495320588286692,0.1476252176035869,0.14669931855173637,0.15057645428718783,0.15083612496498405,0.1483901816627526,0.14595579447777976,0.14926758968323758,0.15106309009098898,0.150277091239635,0.15189516178521026,0.15315179309567467,0.1527767568016294,0.15021181406916825,0.14822486175099503,0.14901928777613901,0.1526257474043917,0.1509565254843084,0.1505219388807853,0.15305110062048186,0.15029520928214932,0.1500151020519154,0.15273814749693854,0.15420236947070945,0.15199896096729143,0.15089170475719896,0.15588063205294472,0.15433538394118326,0.15093133062154102,0.15066425425274163,0.15359345913138453,0.15543321642884703,0.15424206631367654,0.15036113843938118,0.14904609707428265,0.15033902994303128,0.151454863125323,0.15095679173704885,0.15145444889059761,0.15480131393854943,0.15343787236388912,0.15112796626138586,0.15067911621409688,0.1514499389754028,0.15104056467679836,0.1495834781879388,0.14964013035662924,0.15134458424981728,0.15282575582302418,0.15162930591653553,0.15020258798655228,0.15032992984926566,0.15216639516903072,0.1499324074059291,0.14826088677351085,0.14924536477610909,0.15051835054350932,0.1504766105758592,0.1495444809438811,0.14970644151572426,0.15057771912070303,0.15077659388271186,0.14919322592690457,0.14957515128377605,0.15102851492102287,0.15217739328792707,0.15185328628048625,0.15154585576628768,0.15178312795328833,0.15190712789874758,0.15157833708856933,0.15114232603658503,0.15130154478840907,0.15038970121476744,0.14993851617596066,0.1512618430236241,0.1497894754855715,0.1492766881668512,0.1514837825833945,0.15194410383874057,0.1531339329102792,0.15494031263249755,0.15454901834451293,0.15423893123586205,0.15447001274291,0.15508656001479068,0.15682015509095143,0.15855087933977097,0.1593433706174288,0.16058723492390037,0.16156629906295905,0.16212035341239453,0.16329255968857004,0.1652990553362092,0.1675333908016549,0.16854955809167688,0.16983538194703923,0.17106745590441286,0.17166985361824322,0.17521357231119006,0.17804570811914328,0.17763116725948364,0.1791248567925378,0.18088625834657698,0.18196562087594403,0.18263053178785568,0.18407395282753786,0.1858610779896959,0.1864226562951371,0.18724116488091036,0.18830814544594854,0.18918800818370285,0.18939306332535946,0.189647840546397,0.19043677048078547,0.1911795447105283,0.19153927203545848,0.19154155934711495,0.1916718336195416,0.19209061782979936,0.19271008400958994,0.19326273416240478,0.19385257853768265,0.19408668797662232,0.19374943395218203,0.19443770026791443,0.19515885097490804,0.1951309316272602,0.19452695010038473,0.1945742560473178,0.1952143472198657,0.19483065891817153,0.1944360125319015,0.19407897462374993,0.19344989470346619,0.19276455818894656,0.19237268456184245,0.19241382565016885,0.19196547965740252,0.1908220245642887,0.18923007713417533,0.18831891657914523,0.18766738823859613,0.18711483072380977,0.186724488231598,0.18546647541322522,0.1838434282046597,0.18292318809655275,0.18205224206379733,0.18105032677691849,0.17987727514768434,0.17868309733139992,0.17788247792478246,0.17741054985495264,0.17618641800074125,0.17514723491394282,0.17460951764688218,0.17449904141080955,0.17401750109207267,0.17336921018120136,0.1730027655192616,0.17211989902617642,0.17141355820272586,0.17133420215076295,0.17090246058130062,0.1702344803586634,0.16949095397589842,0.16888670697448482,0.16832467462729403,0.16800449590866995,0.16826911602744848,0.16774992909359993,0.16693061491311745,0.16661407057427424,0.16606849176070992,0.16568980598573418,0.16568987298076673,0.16551482344316285,0.16548372495646813,0.16559539053785505,0.16545831218292353,0.16504606703445612,0.1644815236402279,0.16399956580827965,0.16369723539173583,0.16369878193830087,0.16405129011839115,0.16445560490338765,0.16500888313571124,0.16553271277325407,0.16506587790486552,0.16421753090631053,0.16339318108622414,0.16290653594883606,0.16204463407675876,0.16086220084322742,0.1596805994420467,0.1583836350859366,0.15712953767969323,0.15610445857071542,0.15544480342926675,0.15517148917656634,0.15519104903202668,0.15521736060490268,0.15528513233456528,0.15544643584191448,0.1557906336110593,0.15604726678348319,0.15619047457880242,0.15631937142414107,0.15690752270859756,0.15710151283777443,0.15648116237165896,0.15607194977957015,0.15604083598373283,0.15611805764619688,0.15542543066804826,0.15513811417326068,0.1548309138709249,0.15353507415667791,0.15318948076247094,0.15301609902720184,0.15210203409340697,0.15132387178866688,0.15083689965808655,0.15054822013027905,0.1499151113867863,0.14938903724323677,0.14914363651942542,0.14918153568109668,0.14892081156117157,0.1483149515620531,0.14757461238473557,0.14735559145933713,0.14717322107025294,0.14663005171798746,0.14604603945947506,0.14565279709031725,0.14538747236085464,0.1447349992094091,0.14433494508060743,0.1440450307688625,0.14338332098396114,0.14318314652187852,0.14324206533585954,0.14317091157941703,0.1428392547073836,0.14258376552346816,0.14258512803750864,0.1426964392191829,0.14260194019382214,0.14241675839944345,0.14263737092767753,0.14274234210723832,0.14284148263575622,0.14316363873689586,0.14313339587199267,0.14312911020679595,0.14347665522489197,0.1439832493992166,0.144602343149166,0.1453245127934562,0.1461948985172427,0.1470005724459439,0.14802492830623745,0.1497513386874636,0.1515594277274088,0.15342810790806646,0.1555052349859591,0.15811428859330834,0.1611314481894102,0.16444747627974307,0.16805195786213642,0.17178891290399348,0.17570897781908448,0.18001959555444874,0.1843274222673155,0.18875013071816668,0.193479524308248,0.19805266602899912,0.20270225554282212,0.20753955643509034,0.21218357846954966,0.21668286611813756,0.2211148674104728,0.2255951364971628,0.23032857192181735,0.235059433196514,0.23941670802172335,0.24408218427873177,0.2486086866140185,0.2526613059709902,0.2568396780441165,0.2610022512271234,0.26516165769385,0.2696084557354177,0.27377996159207413,0.2776289353059995,0.2813568884318081,0.2847231238351172,0.2880625834431494,0.29162076114495883,0.2946954131359184,0.29772329624377003,0.3008892086350535,0.3038702986204786,0.3065718151872321,0.30902322878040306,0.3113379638633961,0.3134941831387595,0.31541008808052845,0.3170748938996034,0.3189964994173493,0.3208669643297987,0.3224636033408949,0.32384649429450946,0.324975522140372,0.326077960652864,0.3275932403208015,0.32872029558236093,0.3295220655953116,0.33026753655720364,0.3307772811184755,0.3315232420331085,0.3326577714668153,0.3335356440000971,0.3340803258543529,0.33441598646559956,0.33487692691746457,0.3352740866268588,0.33575034182777963,0.3364505235104113,0.33689835486386405,0.3370509217206415,0.3370470098243739,0.3373879583226976,0.3375388591801584,0.33747897533108173,0.3376470194651002,0.33800905497749173,0.33822097427468095,0.33798467722323444,0.3382987864112104,0.3386463984392517,0.3386489455118478,0.33869650599980256,0.3386709451054824,0.3386830846458795,0.3390617124458795,0.33926187941372915,0.33931465165954144,0.33940380988475405,0.3393743448932711,0.33924688151007465,0.3391567540145906,0.339578459966041,0.33957423498393835,0.3392431929695453,0.3395952814090788,0.33946491863961403,0.33924813339143756,0.33960426327318793,0.3396808418992769,0.33963927875268324,0.3396623995562192,0.3398127288268112,0.3397032181908795,0.3394344107119136,0.3394855280953667,0.33956130682226127,0.3395646719185706,0.3394649274869872,0.33932227053021924,0.33927332486949885,0.3393627482910247,0.33947199148778506,0.33946434480152277,0.3394224639667541,0.33956824225674875,0.33963140394435193,0.3396645577652005,0.33973982779295714,0.33967101588193693,0.33965833819340424,0.3397223180171704,0.3395539028833334,0.33947527337653177,0.33946862669421474,0.3393753107470075,0.3393447475812946,0.33939107268064045,0.3394702803813869,0.33939004315427596,0.3395490944362319,0.3398359614245367,0.3395094404664148,0.33941597870932655,0.3396630016528928,0.34000321298905506,0.339596459475312,0.3391282846151047,0.33911490176803505,0.33929498121776347,0.33943509064580135,0.3394400153210101,0.3393360931147464,0.33944687843432675,0.3395371890824045,0.33935422952329575,0.3393110974442872,0.33929185379470966,0.3392300202631368,0.3391747166235432,0.33916563930426674,0.33927276850958377,0.3395460285305272,0.33966282081305366,0.3397269251128627,0.3398311939015553,0.33980873191992134,0.339767155678876,0.33971173852044,0.3395494720053293,0.33980683405903545,0.33999713046728197,0.3395713939978665,0.3394824963734807,0.33940364465364775,0.33928210280208637,0.33978914735039173,0.3402485736186357,0.34043823104838644,0.3403585230146605,0.3401273706706532,0.33989940435964416,0.339852283191175,0.34030673463795136,0.3405446812700572,0.34051719327618574,0.3407997505247524,0.3406831502796502,0.3404717128639865,0.3406153225120462,0.34082341265855226,0.34081526436708015,0.340633105123251,0.3408530150242904,0.3410552064543461,0.3411644129439771,0.34122022593016904,0.3410310910163574,0.34095750335632663,0.34113235944219006,0.3409311712741736,0.3408823257667561,0.3410769270364405,0.34130629602132867,0.34131370926961807,0.34131366829421655,0.341498220800845,0.3416073425505896,0.34143633177144506,0.3412144597829134,0.3416477049380456,0.3418585581470486,0.3416431621253713,0.34116347274026654,0.3413127975121864,0.3417507452246813,0.34206502965948754,0.3417919296654135,0.3417851844566284,0.3418338423483699,0.34146666178511675,0.34176022522847166,0.3421404447530338,0.3421470278952489,0.3418847869883025,0.34153116384150467,0.3414708814297211,0.34204697720394694,0.34167964190566347,0.34147688135073145,0.3420957052659131,0.3418123561267358,0.3420441087254443,0.34250082034456014,0.3418382479608116,0.3418657522615982,0.341925267132501,0.34145631581385694,0.34179669928210715,0.3423941190563341,0.342627806577512,0.34187364616894966,0.34185480894260717,0.3421811497366415,0.3421788354611423,0.3421287245855301,0.3419871635950738,0.3418520176077417,0.34195900830335624,0.34194378854227614,0.3416747508853638,0.34124960890575223,0.3414565663968664,0.3414214377624723,0.3411424408203804,0.34162674932791615,0.3417464717404958,0.341737306320897,0.34193330734013955,0.3412844042017233,0.3408418394992951,0.34110374985675906,0.34185647459588225,0.34163304980781073,0.34114059945405234,0.34139897183485857,0.34173351284404324,0.3417164735865911,0.34134821054302106,0.3411052902654185,0.34123404323965933,0.34115990663591517,0.34044888256597894,0.3403688219332306,0.34019078715544393,0.33972899500063863,0.3394399676231176,0.339738628718005,0.3399919018787361,0.33973597775775993,0.3404602782919148,0.3403552687840232,0.3393146632064024,0.3388834614569073,0.33880607028647164,0.33892521911975154,0.33905757430027944,0.33903329352631034,0.3387585152689891,0.33857769561702833,0.3390807191425637,0.3387510947325255,0.3386675309193324,0.3395260416038594,0.3396322080431353,0.3395212998616107,0.3391346634308258,0.3382306277862506,0.33805400005103514,0.3385788150048479,0.3392220613754992,0.3384929778409561,0.33828270307864605,0.3387081150546029,0.33913067987165624,0.3395805938005957,0.33995410248442126,0.3403618206799392,0.3413289762522402,0.3407069272849231,0.33975127408873956,0.3401273765906798,0.33915725208376196,0.33931668326562764,0.3408652009859611,0.3414666729223399,0.34107503951045876,0.3406085701829918,0.340873812305926,0.3414020498624265,0.3415572228015963,0.3410851511768996,0.3402202855627178,0.34119877209912536,0.3446325469960904,0.3448784069570732,0.3452750628448737,0.3455641595071882,0.3458837854936907,0.3461040492467614,0.34649305850961015,0.34670998790752483,0.34698978266615466,0.3472422579378478,0.34736551265585863,0.34767161534199614,0.3476897545275062,0.34795304725618276,0.348636909070639,0.3488169203833369,0.3490245273287178,0.3493584469417355,0.34966591801394586,0.3495696065038146,0.3497113394384834,0.34972250032291424,0.3497314259478539,0.34951256721576385,0.34917916069556687,0.34922212766905486,0.3485056083167787,0.348487668213901,0.34907525443222603,0.3491946101511173,0.3496641969166116,0.3498931134289182,0.34987951177601023,0.3492400924934484,0.3489233492549313,0.3489623032674602,0.3492840951228006,0.3499083056728387,0.35066288034131365,0.35087904312282453,0.3513950486039379,0.3514779855769449,0.3508719208184211,0.35018357002261497,0.3494064650179919,0.34950542386214406,0.3500524434576019,0.3509513821672364,0.3519810492159766,0.35287844256464196,0.35242139703712205,0.35186812243955556,0.35143949330163093,0.3509485155596675,0.3508418308525337,0.35070757501167893,0.35090599924382543,0.35112502522350786,0.35128581708400963,0.3517349366991504,0.3518752252965814,0.35181096018913866,0.3520584844708844,0.35239655784636487,0.35200603181722595,0.35213984593358744,0.3523321298946269,0.3518652740802405,0.3517860871736245,0.35217504752752943,0.3521079606534476,0.3515628615015749,0.35144424588413953,0.3516606387009518,0.35169621826106257,0.35183614818234166,0.35236461996260493,0.3529675654619718,0.35299416403294115,0.3528278107443179,0.3527673075605531,0.35250859433440496,0.3521092409389725,0.35190976296640525,0.352181319619477,0.35254590472503905,0.35261637347716507,0.35301785045214584,0.3533212866804809,0.35345053313291525,0.35345069226755726,0.3532189508021188,0.3531142909875069,0.3529441447061225,0.35276796528474763,0.35275477368253444,0.35348237748649586,0.35360816208980517,0.3532280530642913,0.3528215530539866,0.3523287404773964,0.352162078116823,0.3523931463331748,0.3526836962866315,0.35279841249599136,0.3530807263951971,0.3536215819126121,0.35357286156504075,0.3532706686214585,0.3532830963022665,0.3530055328106693,0.3522455238003652,0.3522213281265555,0.3526888488224992,0.3527262449946041,0.35299923182731335,0.35346712259651697,0.3533008589336242,0.3527345163532334,0.35241745190116075,0.3522180933792136,0.3519732788376699,0.3516757087201891,0.35161258288917624,0.351557542444709,0.35148739030423826,0.35103179869742296,0.35106352039162464,0.35099156662238434,0.35055738574740186,0.350643494018796,0.35034972991159047,0.34977925550675953,0.34943331743361633,0.348539038015879,0.3481334509924182,0.3484136431934301,0.34800737529134657,0.3471711027695916,0.3467343118112904,0.3461794756656981,0.34552249460151924,0.34472452794924685,0.34491176045447924,0.3445308949466242,0.34380560407351024,0.34337528073372703,0.3427453638146012,0.3418877335987929,0.3411602791758742,0.34088522949428957,0.3405505635258313,0.34023454771115264,0.34015817920510155,0.3399003098041727,0.33941045357564675,0.3391332777003741,0.3388278109014985,0.33859795248044716,0.33862325891775275,0.33851604532492696,0.33837760676404693,0.3383417080615302,0.33802218715193644,0.3372545416324682,0.3369933816380201,0.3371981946079599,0.3371234714428783,0.33717899134532725,0.33730573741810693,0.33657721952437003,0.33639863466542624,0.3367474493864167,0.3368348453164576,0.3368324257430504,0.3367800742128441,0.33655480068343446,0.3364041887006337,0.33595475627270666,0.33632948534095713,0.3365648208838453,0.33624440558568597,0.3357705433233399,0.33543367817920516,0.33572215052431026,0.33609335147111274,0.33602764160153686,0.3357529155089712,0.3357527866888408,0.3354279399591616,0.33531494804974443,0.33571070385060964,0.3357946550432777,0.33540174732620803,0.3353902182506811,0.33586116829544194,0.33588023088361546,0.3356998795450442,0.33547568580352344,0.3355239674670647,0.33576150514817427,0.33576197195692875,0.3358995431773662,0.33604344052489976,0.3357035571998733,0.3357013600958141,0.33613104785796416,0.33621221185864025,0.3359473122824264,0.33605479272016486,0.33626874396604983,0.3363612468313731,0.33666726805628355,0.33688581327719763,0.3369802522237212,0.33701405416367847,0.3367934867562559,0.33690876857070257,0.33703073244343773,0.3376423732270622,0.33789908393725043,0.3377233862923238,0.33758185383164196,0.3374735495239917,0.337899975820139,0.33858187683052654,0.33870932294798106,0.33829209982506103,0.33846705720910325,0.3387848409973442,0.33886003207477444,0.33914570810033945,0.3393611323742853,0.33919236241285516,0.33920879190492964,0.3396401864689351,0.3397624287194936,0.3396363695615978,0.3394363263159906,0.3397511172640964,0.3399826712299523,0.34023942865113327,0.3407210860602557,0.34074701222727427,0.34039315932508807,0.3404100678945228,0.3405944488018212,0.34054140721989073,0.3403921947785831,0.34045274307552803,0.34041354930430734,0.34046833648035935,0.34087670031886586,0.34105442344652714,0.34106603613335396,0.34110897593967376,0.34106664913905044,0.34112646474066805,0.34122536189705815,0.3413027488437569,0.3413104957650493,0.3416444213665031,0.3420575238423247,0.3418933022765037,0.34145639564114577,0.34152549143416217,0.34152924400291446,0.3414831012923299,0.34140786959866143,0.34143303077882453,0.34153625713625274,0.34168786601579854,0.341612029453822,0.3414306030582689,0.3415637186336835,0.3418317792235409,0.34169389752883167,0.3415209883262712,0.3415716008433354,0.3413112270636002,0.3411119083711298,0.34122419945610255,0.3414931153408955,0.3413234037873804,0.3410892842872756,0.34117698470688207,0.34108579638915376,0.34104058283726485,0.34088492278077565,0.34082650149261084,0.3408074640668287,0.34090265983902446,0.341206094821396,0.34106607579460374,0.3406740021994614,0.3406245015820645,0.3406038500125816,0.3403051064656203,0.339975186430819,0.3399144408572653,0.339750080443999,0.33947619080806646,0.33951370220088967,0.33947474571524733,0.33905564504867386,0.3387235973789,0.3384651518910549,0.33855593078982776,0.3384475852690865,0.33802599017147533,0.3377394715251068,0.337510829108922,0.337323943719327,0.3371540202020269,0.33680439519808136,0.33648424391763543,0.33613324232604774,0.33553420532295825,0.3350817984492158,0.334776799696676,0.33441618832258563,0.33406459665183663,0.3336177213018602,0.33320816443671253,0.3326841133198252,0.3317654866530123,0.33129176316040687,0.33142647094756594,0.3308802633147119,0.3298960617231026,0.3293430509287124,0.32877760459261784,0.3279125207454073,0.3273317395584593,0.3271333263026949,0.3266066756064154,0.3256622985632557,0.32511575977871765,0.3248918735581367,0.32435719938096463,0.32367598150116456,0.3231733717683314,0.32266343609032244,0.32216254778779657,0.3218501246984279,0.32131002344019743,0.32061239476725373,0.3199562970159493,0.3192095039667113,0.31854526261786953,0.3178266685451554,0.3172616022468397,0.3168851215410357,0.3163756918507702,0.31586865952171594,0.31539321676815535,0.314868344000835,0.31431897454863544,0.3136891248783169,0.3133492465194633,0.3127681054411603,0.31203994592647427,0.31149857131226066,0.31106585740366904,0.3104171416958283,0.30980930175780275,0.30904386912520676,0.30803914814717914,0.3071595161715312,0.30637404586046807,0.3053932243836186,0.3043173053710324,0.3032236020551669,0.30206892463140683,0.3008079572513843,0.29958585088493844,0.298113990078838,0.2963268221180879,0.2946739066781182,0.29302467198662663,0.2912284061934713,0.2895288980396029,0.2875548308293864,0.2853122774257925,0.2830211672597747,0.28052613545717764,0.2780721752378765,0.27555045285073,0.27302939870090615,0.2705443137112401,0.26804507733334154,0.2653331899948778,0.2624412219166997,0.2597388857119366,0.2569606871522469,0.2542062910110008,0.2515222405042114,0.24891171563187964,0.24621226268072433,0.2436800723298836,0.24134512704196007,0.23898863782935828,0.23659917178022363,0.23435279752462276,0.23215382294467996,0.23015178083689994,0.22834149486461025,0.22649642009143914,0.22473970206374247,0.22308706119093083,0.22143821228737584,0.21989439014436818,0.2185177179020718,0.21717264987477208,0.21579490798124262,0.2145920960461371,0.2135881415554698,0.21256758673960957,0.21163198441904366,0.21072327384863063,0.20973953940924875,0.20893492487423151,0.20821599913769853,0.207670810003519,0.20709590985369042,0.2066910841409406,0.20608128520290414,0.20530951465714303,0.20484742795509067,0.20444482001240288,0.20407132966251942,0.20392034384425334,0.20364355541246448,0.20326379440931236,0.20297773009262493,0.20275974824804752,0.2025389316701595,0.20227834728480065,0.20213496743130918,0.20212373721593138,0.2020112117210665,0.20189088333852462,0.20181285026339843,0.20166215301501686,0.2016185697251733,0.20170679663230617,0.2017432372503413,0.20186157424896672,0.20184673929305938,0.20163121088367889,0.20164117742833407,0.20176605915965243,0.20178276677835652,0.2017925536993642,0.2019519465336306,0.20220276395362735,0.20228399038957967,0.20237365370777724,0.20254727421641047,0.2025492900439942,0.20262753761668764,0.2028696467309975,0.20318574003417986,0.20341789390156337,0.2035494072260513,0.20380742609471222,0.20412681035197322,0.20446440028842414,0.2048290996209462,0.20522316839189997,0.2057202550693671,0.20604975976634884,0.20624164062674877,0.20667867125599163,0.20714630635025627,0.20761920094232084,0.20830840991971536,0.20881820869162598,0.20912617608229195,0.20963317767979273,0.2102775645361853,0.21078767732369158,0.21120044983505606,0.21182606111574837,0.21260761587426136,0.21314519010607155,0.2136564200740755,0.21427083360641164,0.21475297895434992,0.21524902600340504,0.21586279151990234,0.2165331134207171,0.21717648947465976,0.21774406310069466,0.2183499881800466,0.2190572537839768,0.2197890000117965,0.2203542927574282,0.2208709917099618,0.2215638587836976,0.222222114832271,0.22279995432715283,0.2235569371331879,0.22426326218678272,0.22474992093728818,0.22529621462287372,0.2259802051759318,0.2266196858011784,0.2271277068494863,0.22772311614278695,0.22847817350363359,0.2291067347045255,0.2296033138067562,0.2302196170911499,0.23086097489462287,0.23149063110530538,0.23206840489189368,0.23270562423125726,0.23334068452034673,0.23389271853885957,0.23445959175091033,0.23510058392579192,0.23572569446293218,0.23629193218006175,0.2368331908361378,0.2374171358516464,0.23799831037466176,0.2384840516167795,0.2390436237686441,0.239757701695275,0.24025577217240457,0.24057426835661544,0.24108501035419638,0.24159479420069216,0.24213767938520686,0.24283882210598234,0.24338304864573762,0.2437896593438946,0.2443429413460223,0.24498414906916774,0.24548684109412294,0.245965685425731,0.24647589448966553,0.2469185835542388,0.24735672870680347,0.2478071251804919,0.24833251229067393,0.24887065613554124,0.24934231095036835,0.24992716463254105,0.25037118283383825,0.25056649804641107,0.25097547351985205,0.2514989443449253,0.25194966886410336,0.2524487107138464,0.25291651753610245,0.2533175381064789,0.25374487672400103,0.2541757486934169,0.2546532915005189,0.25521485200155186,0.2556309812690492,0.25596563543361955,0.2563911344233244,0.2566918463671213,0.25715035466807706,0.2579725646603046,0.2583974926479486,0.2584955767802039,0.25888408437983307,0.25919662552865175,0.259603390516543,0.26044002182492126,0.2609093480342313,0.2610231866403344,0.2613628342547753,0.2617314982161213,0.26203749392792236,0.26236622411612054,0.2627796819244694,0.26318547569903733,0.263552030481582,0.26406843789169243,0.26446626329968814,0.2645927969636855,0.264951516982166,0.2655142608283624,0.26592465009053096,0.26634150562392284,0.2667718399957479,0.26706331519332527,0.26744844887664543,0.2680467817408127,0.2684518085585122,0.2687435537503303,0.2690529402189285,0.2691130394546562,0.2694445611465936,0.2701569240931544,0.2705267030296036,0.27064585399223423,0.2710952484355023,0.27179335785768516,0.2720292260956791,0.27193241172726135,0.2723664291073705,0.27289591132814306,0.27315503914891526,0.27376532681554777,0.2743286605119838,0.2743804061742509,0.27459663978752824,0.2752650942088533,0.2756918044948139,0.2757779218876738,0.27603437061211317,0.27629749520268315,0.276659895795646,0.27732931567571906,0.2776823342155196,0.2777076951205341,0.27807064619483196,0.2785834119517806,0.2788484621288289,0.2792219869456955,0.2795859393846545,0.2796123083291027,0.2797765827521616,0.2802177951899848,0.28051401665854203,0.28055718223753207,0.2808353808701109,0.2814153509569077,0.2816946067186016,0.2817881780465201,0.28209231277173635,0.2823688462089262,0.28254782922216415,0.2829667026103576,0.28323009689563455,0.2831103880862205,0.2831794586559964,0.28336529365672797,0.2835446747823206,0.28379318621250027,0.28400345587339537,0.28424621320827853,0.2844095326173184,0.28456377078634665,0.2846311809479805,0.284430696348063,0.28450227503773395,0.2847844559915588,0.2848665244456442,0.2850752557184546,0.2851419745325912,0.28485608322466793,0.28477828132334937,0.2847427949871452,0.2848130661356626,0.2851953476185089,0.28521981766882887,0.28498295570814014,0.2849889946190918,0.2849352396554266,0.2848816405100489,0.28503628736901887,0.2851346265085201,0.28513493135097145,0.2850822530850645,0.2850080529734073,0.2850088521482421,0.2849586200594489,0.28493674609399106,0.2850797769086409,0.2851109923354877,0.2850288222738927,0.2849464677661864,0.28482253618073905,0.2847848186539169,0.2848283680252645,0.2846963007764297,0.2844406938697648,0.2843927491784622,0.28438217335851645,0.284261474900941,0.2843085092131434,0.2841681458499996,0.2836898898785128,0.28350554135488276,0.2835201149649264,0.2833464261493813,0.2831482590185852,0.2829729944475206,0.2826980542430908,0.2825239001223784,0.2824326865867073,0.2823032003651518,0.2822141490944258,0.2820769254268347,0.28189828385484544,0.28169923494328125,0.2814958967382972,0.2812758777189454,0.28092272651786343,0.2808397258530032,0.281064524338148,0.2807277031446117,0.2802008838504347,0.2799748511527912,0.2794418996457993,0.27912512014711544,0.27929443783470526,0.2791309906965848,0.2786341574861183,0.2786775689691058,0.27862460794579613,0.27837733453703384,0.2782371055786433,0.2780918106706584,0.2778465298913761,0.2774503456384372,0.2771933614223737,0.2771396956174156,0.27691785106271305,0.2768064004648492,0.27666393302118475,0.27606476644190353,0.27560420337358676,0.27558863430952435,0.27567693266754734,0.27560119727315147,0.2752876493518656,0.2749783349236662,0.27472749108589833,0.27443517168594117,0.27425485401025346,0.27447625439229734,0.27424093389537385,0.27383021118170436,0.2737234508807244,0.2734957498832648,0.2731002415960199,0.27297009703348246,0.27274711108927613,0.2719861589681287,0.2716269688469974,0.27186555254375866,0.27155291402026827,0.2709419141888861,0.27065567501559074,0.27013724726255944,0.2697931219377849,0.26995231056256397,0.2696326043993195,0.26901305628348204,0.26879999986060005,0.2684601680899666,0.26822228688178207,0.26848111777033284,0.26811224757313223,0.2673866441563106,0.26748759212908546,0.26671533968856126,0.26651163527208205,0.2668236975974133,0.26627655735451994,0.2658506575646942,0.26584039822877675,0.2655541760597391,0.26522277525591714,0.26506320704590525,0.26472900113833486,0.26414013833368094,0.2638100642982864,0.263773409085599,0.2635237566039912,0.2633933751292645,0.2637951578946801,0.26399863248216004,0.26386358986335495,0.26359032768860025,0.2631508458409811,0.26293069753549353,0.26317909362131137,0.2633393802250197,0.263463715078229,0.26345306123477225,0.26341038324918875,0.2633577656253867,0.2633305987093848,0.2632229515103668,0.26289241305739897,0.2629854056375975,0.2631770131060974,0.26329353510398623,0.2637000968318414,0.2641260978357341,0.26432533953910675,0.2580288197056676,0.25914509823789594,0.25940942166685554,0.2596705323648451,0.259811404289548,0.25931768147222845,0.2591491692504403,0.25905197052580875,0.2588199244774109,0.25917199607372793,0.2602708318198331,0.2605399991389203,0.26080553064132317,0.26099018741803015,0.26059439084471303,0.25994761946063066,0.26021031129501787,0.2605685904817764,0.2607807446281228,0.26137623214295674,0.26145432770042915,0.2611364278368141,0.26086925663225463,0.26100487435499603,0.2605649690452488,0.2602158500762674,0.26112936329992875,0.26158697385613355,0.2621545324797889,0.26204744355604204,0.26140343253668885,0.26136104669404314,0.26090352783343335,0.2612986941492112,0.2621254264315539,0.26189561849409126,0.26085967943181854,0.26072788541749353,0.2605521955492596,0.26093626466912406,0.26078828222918266,0.26078196146754384,0.25980835893761156,0.25899355713713507,0.25813965976775094,0.2577242491805611,0.25801314686670257,0.2579213933510513,0.25739269272016524,0.2570907494002278,0.2568902144814193,0.25627981288852075,0.25493538438271607,0.25423575064096227,0.2542002443726653,0.25346571981379457,0.25207303445351453,0.25055282134157725,0.24903905268336202,0.24789879272799745,0.24655886448265077,0.24595252079599406,0.24501906630712567,0.24328680421485677,0.24148760434049327,0.2400476260192745,0.23884137276572828,0.2373290265938509,0.2350773292165464,0.23240866368116223,0.23009765281530672,0.22795209560755839,0.22632195888640347,0.2246454175614609,0.22241580546797832,0.22005787529002235,0.2178551898257388,0.21513823618408778,0.2121904853205755,0.20980877816942153,0.20770800947234747,0.20519384304455793,0.20232441973707838,0.19984713387700243,0.19832743270623537,0.19629351058364788,0.1932753401353912,0.19059388435900648,0.18812737309253214,0.18549540579461316,0.1837733935281636,0.18242380035888192,0.18058429565702352,0.17809941201173948,0.17549447721375205,0.17344620505882302,0.17241177238685665,0.17174387822682707,0.17006895102559394,0.16874879140532753,0.16737794225149905,0.16575461527705798,0.16365287021044103,0.1625832563810696,0.1619581361109437,0.16093858751397133,0.16020276908837802,0.15981919079542076,0.15859673355127032,0.15728077272296645,0.15738828402451863,0.15817545849985404,0.15801373636613972,0.15760880880872974,0.15745458652837616,0.15707007181503346,0.15628866890569662,0.15588186924966646,0.15603077494693313,0.15529986021930378,0.1545240893878813,0.15411315934722206,0.1539787810928483,0.15407842185114556,0.15471823802492843,0.15465764059261194,0.1542758069331847,0.15449133322852748,0.1547736586952213,0.15431828112500798,0.15376443838774032,0.15439748051808289,0.15436734522584858,0.15411625705911758,0.1544755016636997,0.15574484475034073,0.15574049932470363,0.1549394920272396,0.15537431942489044,0.15618529032313894,0.1565076382462886,0.15678271778302574,0.157446525249535,0.1580127592524084,0.15759900290182782,0.1574409925730871,0.15827224831114697,0.15859971827620367,0.15785047785315906,0.15815667819675674,0.15980466728298498,0.16013886636922567,0.15968886291097992,0.15997799872672375,0.16020575515471358,0.16033384137205492,0.1606358564210261,0.16116058580821813,0.16165883803041592,0.16207086153497424,0.16221549704068666,0.16223572562852348,0.16261248820842988,0.16292290425018133,0.1629974448379792,0.16393282395419373,0.16511225005076172,0.16538075814103226,0.16545580174708865,0.165893182156068,0.16625254223740846,0.1664733491359603,0.16694821528928083,0.16736330058818033,0.16758976810038356,0.16777566791739185,0.16802461523674872,0.16799658463667178,0.16881864131632277,0.16993427809152517,0.17051658881977724,0.17095953357991145,0.1717217344552556,0.17223642845075443,0.17241850954629506,0.1729370721333757,0.173309524032058,0.17253684985445875,0.17258228720471144,0.17334842610877732,0.17414526749088002,0.17455438486296443,0.17513259462191064,0.17515186332290272,0.17574600218719857,0.1762511425690709,0.17698708509835476,0.17715448039632045,0.17688329267374212,0.17729155482656825,0.17778281426513726,0.17827433985943414,0.17933814393259045,0.1799804860010256,0.1805717907053799,0.18126618780103684,0.18175824046066394,0.18230765409924615,0.18276365896831492,0.1827733252903807,0.18321663974413013,0.18430550521946662,0.18450701327819943,0.183848293507879,0.18410582350772134,0.18458509409802468,0.18475278288055683,0.1848518864482874,0.18604295104006957,0.18691147417287668,0.18704727767193471,0.1869931387376655,0.18668175890990402,0.1872028392156779,0.18750366543152597,0.18793944428429554,0.18977213708037344,0.1904048825224503,0.18971072343983464,0.1897569162315627,0.1900736144171607,0.1901585770909306,0.19093861389420563,0.19113552418426813,0.1912830125852583,0.19124143995668494,0.19167557627920312,0.1923689297971637,0.19248170330296563,0.19209989269932864,0.19271094311843256,0.19384945433770268,0.1941505691749976,0.19500896091882225,0.19553521298092386,0.19531294227372806,0.1942812792179698,0.19406424682149537,0.19448206907974602,0.19447310045699373,0.1938766984140937,0.19415615821579968,0.1952792545290594,0.1954840964797373,0.19544081351599746,0.1957562164528453,0.19554082060502187,0.19580766633695107,0.19720565235656676,0.19778049161941177,0.19788179049682444,0.1981207468920212,0.19802935610722522,0.19710720866658182,0.1972264870770692,0.1978773555729844,0.19826055311717844,0.198971300776643,0.199567392888573,0.20015060690867054,0.20030833378141139,0.2000788413190317,0.20038956227059682,0.20093325208352944,0.20094697541454537,0.20080710343593414,0.20129403281731012,0.20110313367511412,0.19996679557070696,0.19992466468534964,0.20033828651703384,0.20063344309211298,0.2012186458082031,0.20160034381598374,0.20194573037216879,0.20232641279383182,0.20312276491314354,0.2032277319955189,0.2023876226288128,0.20244684823513628,0.20299778823197998,0.20287089888447762,0.20240317351474385,0.20273581427569812,0.2033003132824928,0.20360836987986508,0.20390875246298676,0.2051529872068775,0.20577401967820655,0.2056678851851994,0.20555213791467383,0.2052049019662708,0.20566737877177513,0.20679690891640043,0.20677943140821703,0.2064370746107839,0.20665723465701474,0.20640582740925026,0.20576193847481636,0.20523855853209477,0.20622837117159748,0.20693482526212972,0.20719214532278546,0.20760412462898567,0.20901186880286857,0.20977509885267304,0.20973741592840023,0.21007976070095025,0.2110936795583598,0.2113790334431829,0.21072185603310456,0.2107737802761964,0.21120919682822925,0.21125289102479028,0.21123953461075476,0.21142653206912726,0.21106103999619255,0.21151895970699816,0.21174722520541134,0.21255557349138735,0.21228231996846134,0.21083660921223382,0.21127653520773942,0.21261647623785,0.2128806950149248,0.21343015927128756,0.21430925396499223,0.21500833229564745,0.2149573417244937,0.21526217246050203,0.21545663305738047,0.21358489083967397,0.21319881463945262,0.21398360483950468,0.21574815089856716,0.2156584206006987,0.21571770103253432,0.21575205234329348,0.21481781704363306,0.21511243029515684,0.2167308521483,0.21691841891627797,0.2163827037896261,0.21664826422024,0.2166270104697683,0.21693713587188632,0.21860024946918097,0.2189655137727724,0.218137290293565,0.21807911906475877,0.21778619922221906,0.21778530036231825,0.2183145288650488,0.21879134104842776,0.21919259945488165,0.22022679401087808,0.2199721818673423,0.2191454258338255,0.21925388157222406,0.21886381848853992,0.21874805874201364,0.2198953720475159,0.2199454249707391,0.21912293041374217,0.21848222720561122,0.2174479155790978,0.217125499762588,0.21682523072812812,0.21666859272293243,0.21760163463989826,0.21769557338999937,0.2164598904081285,0.21663093868187833,0.21823815624173848,0.21840532029266926,0.21765010966000672,0.21836777261193124,0.2188410999035663,0.2185949261286999,0.21837556561123855,0.21906076898553653,0.21911766996951937,0.2176999599966631,0.2177902573908477,0.219433542791523,0.2197174915609911,0.21963878741838555,0.2195109566272753,0.21842388502205745,0.2183912763137959,0.21947984348327837,0.21934233810343048,0.21875502283844783,0.21868278968502555,0.21767111403764927,0.21746748503808738,0.21917919078891882,0.21940369835554097,0.21818145309297324,0.21799955727557935,0.2187152895212652,0.2185818006944866,0.21864875720915666,0.21981864608408383,0.21971798925915545,0.2183610374643017,0.21790310794140208,0.21729988766113748,0.21735950128167067,0.21805454145281547,0.21821178146224102,0.21895234167757327,0.2189959702650226,0.21817280824437826,0.21767456863484205,0.2169751314657111,0.2165404534959077,0.2162754566154626,0.21604897434696238,0.21611394452177585,0.2158434760712664,0.21545052090628655,0.21506175943798211,0.2142805611390533,0.21382239052191582,0.21404579663663054,0.21343668138952157,0.2127548565380386,0.21308510543193812,0.21268021840957588,0.21155895338406042,0.2118359628331929,0.21329055724626705,0.21263672064450784,0.21161123730895234,0.21122115827001745,0.20965577023881535,0.20845518378862107,0.20791372453454332,0.2078753027608482,0.2078257784233943,0.20745735839447477,0.2080031924753199,0.2081668903160716,0.20715886735503156,0.2065852252618333,0.2068933713976298,0.20678454403411106,0.20640145411737082,0.20559975251570373,0.20421539604410618,0.203546315715869,0.20270177759035796,0.20226180945863556,0.20188275598659858,0.2015925975487467,0.20042358205917613,0.19951725979657287,0.20076778021675082,0.2017228830206479,0.2012141493753049,0.20055133243606313,0.20062924170323967,0.19975600113388065,0.19943782984708852,0.2011075915721886,0.2007701857537201,0.19843772759663933,0.19771617382400813,0.19730126758727573,0.19680546546459068,0.19603389137459806,0.19691609678337896,0.19963180939390085,0.1999940701269325,0.2008295046468067,0.20078647940880787,0.19738729356428236,0.19681278518322215,0.19864113901020533,0.19851757877740872,0.19770054674804646,0.19805930466566388,0.19921423734980953,0.19848662410150786,0.19653270359334327,0.19629918346237604,0.19567203104743838,0.1946218032286876,0.19426849716623065,0.19577070241341635,0.19537795410418995,0.1945575708047958,0.19428249458795935,0.19454191567493767,0.1942600392721631,0.1930774348887094,0.19423482325530428,0.19559277431908378,0.19368730039021123,0.1927753122285463,0.19252988033294072,0.19143413995932596,0.19268485524600518,0.1943754443392563,0.19450163551210117,0.19317450254308652,0.19326032581391644,0.1934360061070856,0.19303346950032246,0.19296945277876798,0.19303546155676174,0.19257904949958124,0.19222869119641983,0.19250619259961194,0.19222169569769795,0.19092352758673065,0.1907347426484107,0.19108938877235462,0.1914867688751515,0.19277985817153312,0.1928918645058307,0.19249894337633322,0.19186810750137576,0.1905396697481864,0.18984032861161432,0.18846151002420122,0.1886185926527658,0.19008622625308447,0.1905895176566722,0.1926134925102102,0.19273166955421062,0.1912152144496032,0.19025499545058625,0.18673552116550213,0.1861608884811518,0.18877579200119457,0.18900552360164952,0.1893995800821094,0.19023023535142983,0.18986354235453165,0.18926512469565124,0.188866414293426,0.18934883340351027,0.18797163699867356,0.18762893654859378,0.18720773999079668,0.18656234379978487,0.18651448421203265,0.18612851451900275,0.18600496408370135,0.18581038982423553,0.18552992985379763,0.18494623154887152,0.18566291569500673,0.18710623541206856,0.18682232061972787,0.18610744712607058,0.18510004040249264,0.18389835699896404,0.18414708337984162,0.18477200473685806,0.18540621086281076,0.18676944369133552,0.18730381751215622,0.18681600675250648,0.18507319199293576,0.18232332852749739,0.18319733966884072,0.18497425300789241,0.18526342549055685,0.18815046966247118,0.18723872304116282,0.18490373600377258,0.18602808791545714,0.1857308130899299,0.18619071438966744,0.18555278770926129,0.1833664333152745,0.18179932764205056,0.1796062122743324,0.17864910558737587,0.1796380117781613,0.1814301962705077,0.18144354383231953,0.18051090667956238,0.1791185725717004,0.177693922680277,0.17680124171438605,0.17351089057872515,0.17227307681672988,0.17365310183426716,0.17380347503605384,0.17635954227018152,0.1783859756951967,0.1758052425948748,0.17434621761988453,0.17636254016369537,0.1791410692023557,0.17758469962674303,0.17411215070696695,0.1746975611478327,0.17528173423488425,0.1758621319719206,0.1772618945541039,0.17710088738979893,0.1747570169887067,0.17040124871779264,0.16543872006660795,0.16405050709919228,0.16608863029753188,0.16835389865381273,0.1748679198921492,0.17544340895240007,0.16788222452624682,0.168333203180116,0.16938935730240132,0.1647304783635352,0.16468281885706687,0.16883623423486072,0.16941418843209585,0.16754976543281194,0.16751211007861228,0.16755267119291128,0.1654331250321312,0.16741067300520598,0.1728326982585509,0.16929134865805054,0.16261508197832994,0.1637299581842512,0.1692579922000778,0.16933204416193756,0.16452017390749776,0.16351581913172838,0.16363145476804317,0.1615062409168929,0.1590743137115044,0.16013578064966275,0.16051297973637346,0.157721217497094,0.16145848214861255,0.16716057248827274,0.16632945711491937,0.16323313317936977,0.16656367024004315,0.17254453640474396,0.16843289468769018,0.1614833753587326,0.16029606610238,0.15625138963966653,0.151584789991979,0.1578164907040831,0.1634773202633784,0.16065016832534224,0.1650591738802274,0.16352646991729738,0.15276222323144206,0.15240724951548634,0.15829049652516605,0.15749039114110916,0.15764069347038887,0.15640768466620625,0.14507027080212814,0.14308470233859738,0.15058306456968165,0.15520569713784063,0.16539452154118156,0.16675300727947412,0.1578690667114055,0.16017925149239395,0.16059215504300473,0.15758779867778225,0.16474234472419508,0.16365681437471802,0.1511019388026302,0.14812136795996292,0.14846252543746846,0.14138573195010476,0.143003781192381,0.16123800727048485,0.16260491740899607,0.15242960570057487,0.15693895607302644,0.15756983525839421,0.15060985509792066,0.148658059660507,0.15208475583694048,0.1414224461874783,0.13318817962616558,0.15075749572570812
33_5_PETCA_1_T_1_00000,0.06351515729908552,0.008584615621033858,0.048167710000916186,0.04371992582886505,-0.006126416669058422,0.057291235545762945,0.08462602697889723,0.06738627344187136,0.06186077148840324,0.06320578948902197,0.06810390182982805,0.0685403302416789,0.03529209800183477,0.041538950344715976,0.08847533449332694,0.03857444817086601,0.045007294726283585,0.09587489193418076,0.08071007873100527,0.07609299167549488,0.08203192130647413,0.08334943109614006,0.08769012037190155,0.08777945611139518,0.08196885396474198,0.08628051514315152,0.07132200600801122,0.04606317349800695,0.05603744291035874,0.06945214162649534,0.07888461991796568,0.08234232989327388,0.054075928412426144,0.042624379111871065,0.07165973944599272,0.06858013546195928,0.05350628175546158,0.04078026016406244,0.041179578951835924,0.05962731016096491,0.07615149787650004,0.06335385138845076,0.06010947444705478,0.06257633879251387,0.06174714757491352,0.056719713376275654,0.06169233712442504,0.07610010329177001,0.07301298297367881,0.06791454632359409,0.06568413627280455,0.06634441049249622,0.06323091792068482,0.059239837858518496,0.05881224075400436,0.06054048675337378,0.06437439643586725,0.06752350381725515,0.05834635633054245,0.05345940193952024,0.05649884072198553,0.06006427934903036,0.05909275278693663,0.0579149682478958,0.06296062786692679,0.06181579599823531,0.060456387980318785,0.06359874450437564,0.061595402216229056,0.06232242789076044,0.06664643259072597,0.0636562442538673,0.06423334572504767,0.06644761480435098,0.061797890088073924,0.0601837870268293,0.06030959941474837,0.059345527510135006,0.06223456591747913,0.06448147261700996,0.06370891645827315,0.06460546868103186,0.062312063241970285,0.05743546674386752,0.056201499215514185,0.057218933797305506,0.0595273495433929,0.06192339635535771,0.06255224042063637,0.06160802142810832,0.060411111154388054,0.06348571559791295,0.06492560879701495,0.06295675280253056,0.06380504348135327,0.06381884901247314,0.06289133043067449,0.0631105850379562,0.06585831632809179,0.06745420270325808,0.06408565228093813,0.06406988491898054,0.06455359292500824,0.06342806986711338,0.06503606006413455,0.0666267617006404,0.06704492628459553,0.06714636631352638,0.06699718044641402,0.06671045390719127,0.06640035579870883,0.06643903487541364,0.06609452877667642,0.06484571249750706,0.06446056326261464,0.06503704210309738,0.06623240070684276,0.06702727288282478,0.06802220157643941,0.0688529660531516,0.06824160094285564,0.06619657275163326,0.06529776028728387,0.06841020564988678,0.0678462010682171,0.06675298696322071,0.06803676650571253,0.06646599337662364,0.06470004352825606,0.06455842912679242,0.06653211359005046,0.06803334641988774,0.068200420688518,0.0672661612318912,0.06727326725073002,0.06730291890219997,0.06600617584067558,0.06620913575078444,0.06712315580143698,0.06783204195155597,0.06861403903972871,0.06745714626094183,0.06538876228835068,0.06828460175666787,0.06908258758202178,0.06806455551947126,0.0689985162450421,0.07011430962980225,0.06999754974078301,0.0682081574578744,0.06953471341104696,0.07155930717741751,0.07240460899627839,0.07274314001589786,0.07293707517201439,0.07358446186626774,0.07575540858509557,0.07694651042104923,0.07714082281606,0.07743485310030254,0.07928730050437045,0.08158255347043913,0.08317178385511127,0.08518081414667517,0.08724588012106864,0.08911221396136502,0.09089908148789691,0.0922396131921705,0.09389353286881363,0.09771332297624666,0.10009965283925881,0.10154153045433899,0.10378199770612187,0.10617699081474377,0.10797444578177878,0.10898088036857113,0.11104756625963448,0.1134985897820757,0.11563035868800761,0.11662288620418132,0.11756560115235747,0.11893853826229335,0.12091358089655427,0.12232430055691151,0.12308389182568172,0.12349336844437864,0.1238889679423628,0.12465521600274088,0.1257607086459102,0.12585853534072824,0.1264381734529356,0.12761956030276725,0.12742835006320166,0.12773711766751522,0.12852553040592968,0.12883893553540826,0.12878309622425188,0.12895323256390764,0.1298318579567884,0.13036244627366092,0.13046134005184346,0.13029439081484764,0.13041549784933884,0.13049960513805986,0.130394933965165,0.130085488033611,0.13007899256271419,0.12998526173111996,0.1290491055993761,0.1285466324255956,0.12817652223446357,0.12747329049230366,0.1269682127837278,0.12632903353697017,0.1253947033828511,0.12454537104031717,0.12321812828456527,0.12165573403101394,0.12093784334397777,0.1199349727587589,0.11865205009862863,0.11750603967411605,0.11644279364185599,0.1152140467684308,0.11371342808176603,0.11252793462905356,0.11159125420581704,0.11075927929605778,0.10978682261395975,0.10868470727588567,0.10759320225996111,0.10678433283797735,0.10613617213006053,0.10544560836490824,0.10451882301363376,0.1036292143186676,0.10289126211990099,0.10235020660817852,0.10198204626184126,0.10139700112122015,0.10058828662453383,0.10012976958528043,0.10006623539834765,0.10002848133329424,0.09934970696878245,0.09884512562900769,0.09839340864851014,0.09776681328706158,0.09765289406687526,0.0976870846452929,0.09761719608500936,0.09784528824017456,0.09777238947613402,0.09719264857877523,0.09631281502593889,0.09588789526202386,0.09568989720634806,0.0949788348781859,0.09403012126568487,0.09334536338221956,0.09329035108740043,0.09320140669141297,0.09294742635499677,0.0925607907962825,0.09238607877745873,0.09209262046063245,0.09158471479764614,0.0909887865636311,0.08984015913634819,0.08847575288570078,0.08748417274039619,0.08654777592835403,0.08557901421518238,0.0846913795263736,0.08471093917084359,0.08452862038287776,0.08386254167940758,0.08393645607436316,0.08400688755918218,0.08391353765467804,0.08380024136380146,0.08369424602594128,0.08347322397186191,0.08305324039122222,0.08295936128153338,0.08294441230024938,0.08274695262201301,0.08227296902126535,0.08174152491537767,0.08132773904011448,0.08122200055058341,0.0808355617648425,0.08026930756438408,0.07988743083828595,0.07906470300746159,0.07805963884185989,0.07722187221194264,0.07649029465100823,0.07585530358124322,0.07528680637109944,0.0747073570246964,0.07419410544866502,0.07371249278672382,0.07313780448841091,0.07265209637494612,0.07206924147765306,0.07117727683516745,0.07065668006493808,0.07003205648363757,0.06900121882340329,0.06829203539663974,0.06749692965732863,0.06652514688751913,0.06574712787731433,0.06487058399305298,0.06401033073543282,0.06345914916840639,0.06274510039256179,0.06215800164215708,0.062003658455379765,0.061824705386744984,0.06159274448343224,0.06137559365145296,0.06142398335917693,0.06133340779365322,0.0611241932786058,0.06116231965075436,0.061247216207257,0.061338683917556105,0.06146316170960023,0.061843483448445494,0.06226656743962374,0.06260987788752422,0.06316158905626272,0.0640429880945771,0.06521158991581277,0.06637424552011,0.06791775897294934,0.06984966454576853,0.07201825207288576,0.07479827514011014,0.07800030828441087,0.08142207709952853,0.0854436572379324,0.08965789753323056,0.09393240696075622,0.09872195703641122,0.10382420050833045,0.10894226552993382,0.11368286608124599,0.11887330705873722,0.12433708817331195,0.12964568482018954,0.1348137963757026,0.13967939185341982,0.14422134961104216,0.14872809686978236,0.15338112082591068,0.15806655985645365,0.16235148621951012,0.16657026761109825,0.1707291316572817,0.174739254470449,0.17881271734338233,0.18271005853982625,0.1862993282138989,0.19012472860741086,0.19366676591482776,0.1967888716427376,0.19992360281654584,0.203030448188732,0.2059985689797485,0.2086790803502656,0.21118841073743397,0.21369230644398682,0.21627062608629838,0.21856706150717997,0.22051203709627623,0.22224275054784975,0.22426208956531543,0.22612052672285077,0.2277526985275568,0.2292965457149537,0.23076111504535357,0.23212522590395232,0.23336016559993006,0.23450310547994407,0.23549425206587513,0.2363595592864902,0.23735202697420277,0.23823764719554372,0.23890794209729765,0.23933654754957367,0.24007676903741557,0.2408793965067496,0.24135306189036893,0.24182095970241047,0.24227276350982377,0.2426827094270535,0.24306004212401955,0.24337173253665767,0.2436338227519008,0.24390615679722538,0.2442618445532229,0.2445181228558669,0.24448571626953092,0.24452372987523646,0.2447934533111341,0.2452467120738646,0.24538618008893387,0.24539639075096156,0.2454447774110692,0.2457193677175993,0.24569942314835208,0.24557949489457073,0.24572302977479688,0.24584052971148299,0.24597737447690188,0.24612307578453493,0.24599655828752434,0.24598090776796552,0.24608343177211553,0.24596442542002633,0.24600903122067339,0.24610189140116476,0.24602716839183944,0.24608846555685837,0.24606153110138781,0.24588832851662157,0.24606812441232803,0.24630299222594343,0.2464545742334979,0.24650007588045866,0.24643533809693483,0.24628327700434388,0.2461205496174223,0.24630942446645387,0.24637241989045758,0.24611924234107718,0.2461753508076187,0.24635976599306425,0.24645861347332879,0.2462030866988605,0.24613727665790602,0.2462015879992261,0.2461993753451675,0.24614983173842567,0.24617945266096658,0.246289499972854,0.24617949423580052,0.2463004287884474,0.24647254022140574,0.2461522987144639,0.2460319783533536,0.24612917122444392,0.24629066209546485,0.24635914057613592,0.2462250947863441,0.24595290760614133,0.24587472817717138,0.2459800243794034,0.24607450692693528,0.24589625191993245,0.24594395864333932,0.24608810466822398,0.2461378141301089,0.2460742015801012,0.2459507563468091,0.24583130597441655,0.24579438006399634,0.24583042305938535,0.24586406241686434,0.2457946628661459,0.2455367101594343,0.24548346961432596,0.2457668490106702,0.24577388596031097,0.24574842520460097,0.24571158033363696,0.24554675891602487,0.24573276855730358,0.2459523340284056,0.24581096774857242,0.24557530476717493,0.24548448199400347,0.24553694310672475,0.24530667143499713,0.24530774989754434,0.24549968924649235,0.24560450124507432,0.24578069365606464,0.24586025578199597,0.24575344615400135,0.24571780422980297,0.2458281883312285,0.2459170479863375,0.24556979283160085,0.2457291547325481,0.24602093880820866,0.24586006067989627,0.2458544853155634,0.24596844335009418,0.2461068877427725,0.24613284928039691,0.246224175678451,0.2462545958995772,0.24600259056704338,0.246081163006489,0.24628428138794287,0.24635469463876755,0.24627609780948165,0.2464276373776285,0.24666045042467352,0.24632764770012508,0.24624823119507533,0.2462549897184923,0.24604208134888458,0.2460239674541335,0.24631871308162254,0.24676998972063663,0.24677299563697314,0.24698043032936753,0.24720657498245263,0.2469969993562628,0.24690732106151767,0.24679753888828032,0.24662227221344027,0.24682874289928838,0.2469241736516491,0.24691968222378305,0.24713588645334741,0.24691324126698236,0.24679059419380228,0.24717439510221592,0.24705927413785367,0.24694637722575477,0.24697092448798746,0.24685642012000997,0.2469321340733292,0.24705643663963717,0.24704631044335848,0.24731948298034498,0.24746449490242017,0.2473229272532063,0.24718980802082757,0.24700894200967863,0.24692687221619042,0.24710989223584923,0.24729995334769556,0.24736523426555515,0.24729265093075406,0.247287557397426,0.24716836746065574,0.24713009892373858,0.24748674068104648,0.247499829867538,0.24728699062488854,0.24712797575338893,0.24737197345235445,0.24776717204527313,0.24793020392666915,0.24744829079144787,0.2474741703210255,0.24764162844678758,0.2474847037850801,0.2472179897697127,0.24698507815996332,0.24690045303244856,0.2470371965794245,0.24709696662767447,0.24710940899729994,0.2471735838388183,0.24734454352010893,0.24744171108381022,0.24737778252374756,0.24717184677393267,0.24740398962146073,0.2474930230913981,0.24695467330724022,0.24710388193140886,0.24702504243483492,0.24662916612390332,0.24680430479855273,0.24697643011828083,0.2469824267397645,0.24681481195904806,0.24667095558272048,0.24654547243158478,0.24636757519365127,0.24600177691748953,0.2459861063977168,0.2460881899295928,0.24594811203215067,0.24568051966717355,0.24570240104606153,0.24590682783529935,0.24558669902456154,0.24572411366692376,0.24580211698929375,0.2453057495345594,0.24560598885065785,0.24571171085864443,0.2453717911252947,0.24518921113221329,0.24482547402589602,0.24452332393947218,0.24451716932398293,0.24449598619589225,0.2442206356020404,0.24397551566189687,0.24447897005449526,0.2442854247397721,0.24347531225234237,0.24272848328151594,0.24354193354410333,0.243931266861019,0.24366830945543932,0.24387371541092637,0.24366593479984514,0.24346684875772348,0.24355861789455957,0.24311167298379008,0.24322290723907594,0.24355459178791553,0.24307122191235295,0.2433619243049509,0.24387607524102412,0.24393479393738807,0.24312013442159655,0.24264487924790246,0.24300363922798524,0.24408243464517485,0.24405746227073047,0.2441918572014409,0.24481864925131,0.24431887549524378,0.24448610067118604,0.24492049906593777,0.24471399476050495,0.2442390557077337,0.24400244401051505,0.24412294160931244,0.24429291315363313,0.24481435293371093,0.24488433380347252,0.24421592238564024,0.24506847445300609,0.24556402084965778,0.24533195604620456,0.2451001060104589,0.24564823569963284,0.24866817691074264,0.2489112925102552,0.24966975898706528,0.2494427071168185,0.2483075302589144,0.24714039336319152,0.24723704269535937,0.2472795561142237,0.247586556774276,0.24886800298371342,0.2491232990724572,0.24847555141779334,0.24867341298009,0.248815753217329,0.24894811985176657,0.24931103354557302,0.24931493791663883,0.24913852146550575,0.2487650636504254,0.2482156829372166,0.24802379527599108,0.2485812549232354,0.24910307936120415,0.24971251529771837,0.2507121721164435,0.2506525788006976,0.2507188282625105,0.25097705018345295,0.2497274090277824,0.2495784847161367,0.2500989528247696,0.25029709892941926,0.2502524792036959,0.25175410015961414,0.25272789015016783,0.252753024222276,0.2527510596215829,0.252188807788659,0.2517679268051146,0.25135242933561097,0.25157936758476274,0.2522381470645223,0.2519253370432622,0.252176362619576,0.25253382858044215,0.25258294923808006,0.25239612761174096,0.25296453267801267,0.2526445107745404,0.2521162743389018,0.2519541832919933,0.2515443762103496,0.25200943414155874,0.2525524755976988,0.25317756362677496,0.2534279695112609,0.25255397021377124,0.2525743868246844,0.25250049348325954,0.2521333022738563,0.2522416038808113,0.25310483317002147,0.253000530822072,0.25290016916111496,0.2533843911858402,0.25348989745234224,0.25367998761764327,0.2536471695629444,0.2531394221677434,0.2525566831256063,0.2521607574141233,0.25217522272653914,0.25259955189474553,0.25325452871438014,0.25341726336728837,0.253517644499986,0.2532802240337159,0.25344971286937285,0.25345535354802745,0.2535330270916639,0.25407406633341406,0.25384898962535124,0.25317189762522563,0.2530312060584669,0.252787923517873,0.25282387364440806,0.2535333428898159,0.2536388082386069,0.25313764706541136,0.2529918203647701,0.2529230008348197,0.2526424118572254,0.2527210242655834,0.2534687540564425,0.2534579590575058,0.25291752657839045,0.25285769209939474,0.2527389521678969,0.2525826484378534,0.25284246620173045,0.2531507167736352,0.2531095875135781,0.25281124563119883,0.2526148163773895,0.2522262946399469,0.2521656017558907,0.2526609695428083,0.25284823087468883,0.25317530315870906,0.25287405222684994,0.25249463898171226,0.251728592227267,0.2515108890395657,0.2518566360458985,0.25203451198530996,0.25233945193543955,0.2523510032975299,0.2523567811917307,0.2523790592890947,0.25172048292733334,0.25150704009589586,0.2512095162397298,0.2511628032596915,0.25176142405467195,0.2517143610447568,0.25146608351899635,0.2508819668184389,0.25028113166133714,0.2497271689190138,0.24980423691411857,0.24994103808715182,0.2495489151162474,0.249262652412201,0.2487585437409817,0.24794053647160835,0.24739276965181392,0.24688686475032293,0.24636393133742285,0.24580305955693707,0.24532118750088455,0.2449394661631901,0.2445180451683599,0.24422117534749027,0.24366203312683796,0.24286442849640447,0.242074804180903,0.24149428068320364,0.2409552478011474,0.2405563993407364,0.24030087752199883,0.23975176946493487,0.2392950465188521,0.2390552131840865,0.2385491898337623,0.23818480089253477,0.2379167786718202,0.23759907988916446,0.23731988441871157,0.23704750848564524,0.2366088600970291,0.23632814723285248,0.23610231038616342,0.2360315468665353,0.23582102143570036,0.23585950983733703,0.2359640477453891,0.2356749242255503,0.23539384810626365,0.2354448155021885,0.2353783212664255,0.23520278572410228,0.2351442682751841,0.2352655861170099,0.2351182473770161,0.23477540187971307,0.23472529267987616,0.23479137914104423,0.2346954258329823,0.23470548684863196,0.23454017987862477,0.2343800692129744,0.23435926822976733,0.23447632254287412,0.2346642764918408,0.23441346508531605,0.23409889616778265,0.23416573399300067,0.23406104951735307,0.23400916451138387,0.23415554810112213,0.23432620079375618,0.23449373751564012,0.23446886457480196,0.2344082815254202,0.23444382621837342,0.234361102830374,0.2343220865628028,0.2345376193415258,0.2345508375554443,0.23431320022845822,0.23410958749238028,0.2344022257442711,0.23463920827839227,0.23438746907196042,0.23426856240091157,0.23440007068995555,0.234444339372454,0.23439502542042556,0.2345882074762274,0.2347534040650797,0.2345455238251652,0.2346235219178395,0.23537391765021812,0.23547957061179484,0.23484850794130707,0.23489773348688167,0.23530332225279382,0.2353287876393117,0.2352961611806407,0.23566990296584772,0.23584361562125905,0.2357168788691995,0.23577165336516437,0.23605764351668762,0.23625733770284674,0.23624654601974293,0.23628496035094576,0.23655156234458452,0.23658151822543658,0.236194703857222,0.2362676980762911,0.23671024756204137,0.23680970206571367,0.2368467374946721,0.23696256351821635,0.2368451300155602,0.2369261386190429,0.23723644150435794,0.23759477097627785,0.23759840725761983,0.23756714448764676,0.23757184101050538,0.23759482987027408,0.23773739834067478,0.23777849832808035,0.23781484931434677,0.2376422880203136,0.23776795358456781,0.23822127185422678,0.23830406506911106,0.23820838200152236,0.23829787006091555,0.23833228578152083,0.2383072307695647,0.23837517396252217,0.2385042017012523,0.23851621847710686,0.23854753644438456,0.23883105595265738,0.23896537960476394,0.23906469808393288,0.23880804647451193,0.2387636181429146,0.23894043624821876,0.23892862957363775,0.23886962636237594,0.2388972207688552,0.2388787023758686,0.23886857054306906,0.2390243524930935,0.23903085967948498,0.2387654214892317,0.23879933424042124,0.23915196230431718,0.2391086503973296,0.23892795939890274,0.238889438959818,0.23862185931893337,0.23845022231113505,0.23853243750734876,0.23852622045938443,0.23842665995264012,0.23829122484170415,0.23826343583056916,0.23833006554840983,0.23836370030366485,0.23828833798650645,0.23822119399076455,0.23814152808467845,0.23799532829304512,0.23769553720793332,0.23767251973239278,0.2378786914450454,0.23766570286379002,0.2372489826868271,0.23721020407734134,0.23722301680855543,0.23695450149476124,0.23676295910320508,0.2367576118642918,0.23654648525758967,0.2362611341985047,0.23631051774406053,0.23625654100000767,0.23587970446074397,0.23552577624261423,0.2354426291397967,0.23504101509363837,0.23468137215259327,0.23453090369814164,0.2341117783750593,0.23372340487050566,0.23345607173017655,0.2330395916304194,0.23263242551689173,0.23252019904991297,0.2321275505730714,0.23125099941655125,0.2308947018798387,0.23106313287206637,0.23062991116998668,0.22991306325321217,0.22949057692503366,0.22895964849701986,0.22835405772492592,0.22800926678239325,0.22754838907340172,0.22679661290200323,0.2260926970068057,0.2254716939454096,0.22490961207621932,0.22444246711794083,0.2237021419691632,0.2228792861798646,0.22219595300766956,0.22160637466566235,0.22090863880138928,0.22028805596214227,0.21991471292964526,0.2194139288546534,0.2188087463546272,0.21816311051433343,0.2174830106478866,0.21698458367552112,0.21660977601879752,0.21591997731274556,0.21509588082443562,0.2145586414743112,0.21396240180164877,0.2132822297480882,0.2128010792219845,0.21235111772007206,0.21174256936324226,0.21110913313036062,0.2106199891482449,0.21016487107425727,0.20961360775572807,0.20900781263480006,0.20849080503509287,0.20800180356309997,0.20742293058607497,0.20668178864690348,0.20598944767465083,0.20535623780994064,0.20467927914303657,0.20397730469500008,0.2031308793674887,0.20227056523168593,0.20135067709867532,0.20023852358922836,0.19922418864937128,0.19840353201969035,0.1972376237812756,0.19584862382815607,0.19453101415228252,0.19320514349991164,0.1916008315518027,0.1898277596922187,0.1881207247310768,0.18634419728194088,0.1843178038794254,0.18222649657859857,0.18010091617768154,0.1777307901940646,0.17530200984229338,0.17294623990724906,0.17047806653009287,0.16775232721947467,0.16506679483633915,0.1622624044991099,0.15968863791956564,0.15701114758867052,0.15430906351635218,0.1515738033883747,0.14879153569953463,0.14614057135095923,0.143440000971731,0.1409071981400775,0.13852768525513273,0.13615094072433473,0.1337936713233454,0.13156143068369272,0.1293906280200224,0.12734690524277542,0.12542142123501976,0.12356066811885383,0.12178933246915807,0.12010939154359504,0.11846230528400725,0.1169934881925424,0.11569682258054645,0.11443465852221364,0.11330912103786675,0.11221035254033784,0.11113688447902727,0.1101469343269189,0.10920994141069351,0.10837318083746786,0.107688963646623,0.10696035891990933,0.10616213380323845,0.10556890201873871,0.10509313594680846,0.10466294874840974,0.10416945788628394,0.10376999527516119,0.10344825018879482,0.1030982330536314,0.10270354524877386,0.10240631015456479,0.10216652078267827,0.10178738257140066,0.10158516436494701,0.10171441596324216,0.10153956683993139,0.10111610261531599,0.10097880898912594,0.10097310898073135,0.10081888597836391,0.10066443283958204,0.10063086749514491,0.10058278480779057,0.10048078997430154,0.10046098146613294,0.1004930165894955,0.10042947021972798,0.10041445463253298,0.10059147569640889,0.10067315648933832,0.10062349285271417,0.1006398793912056,0.10072589987171747,0.1007827849462261,0.10079398748794687,0.10085068314489336,0.10090721239464047,0.10101734876626475,0.10118504218537056,0.1013547960146167,0.10159002876459741,0.10178982937819185,0.1020373306483198,0.10212288631847724,0.10238647520138347,0.10268910936418489,0.10297263934634479,0.10329636346486583,0.10368111647301688,0.10408519474146237,0.10444746425892995,0.10483731109861139,0.10531329053559263,0.105777714552749,0.10624297909485707,0.10683857391394617,0.10734668554632547,0.10775523164014746,0.10820637960553883,0.1086622422247884,0.10919518279817986,0.10975141875910566,0.11028662070689467,0.11090313732835812,0.11147658962653607,0.11197398812951802,0.11251753212181652,0.11311532683380077,0.1136853336253996,0.11418819414828292,0.11479219455094311,0.11550932739732735,0.11611584970364676,0.11666110693369075,0.1173100881560822,0.11794867328370497,0.11860177029120779,0.11943367008474048,0.12010546391044487,0.1205628651977967,0.12119786049523629,0.1219485261597637,0.12257908748832354,0.12318089107686808,0.12386374144187504,0.12457042362360987,0.12516386866098558,0.12567886314663704,0.12635974680437034,0.12709729258163985,0.12771342541160077,0.12840144791203173,0.12911440854698478,0.1296711692000278,0.13026234723303037,0.1309012684429768,0.13171439573565924,0.13232566244878338,0.1328031885192976,0.13341157718133329,0.13400428617063975,0.13470422961739323,0.13555170069510472,0.13616470821842794,0.13668613204925448,0.13737018549362276,0.13809046278786577,0.1385566293929095,0.13893365915458003,0.13959520479307191,0.1401458814171614,0.1407591154928467,0.14183075624028182,0.14240534806888044,0.14247093438473457,0.14299959320973699,0.14371974551969557,0.14424008580404857,0.14473712219384888,0.14540012158897395,0.14609658965233302,0.14663409294513696,0.14727338968400036,0.1478611001479042,0.1482292237347304,0.14866340933153566,0.14921243963759726,0.14973459240778692,0.15011711979907996,0.150601343243018,0.15128514947594984,0.15178983246762823,0.1520648359969521,0.15261588971426557,0.15335835177379256,0.15389767337604354,0.15450158210035914,0.15503038273298664,0.1553361808658181,0.155751353012932,0.1562848253509386,0.15672431272018655,0.15708709017064348,0.15747335706375815,0.1577854816673959,0.15823313992876273,0.1588137907974208,0.15926659389506387,0.1597379867306706,0.16019239518580727,0.16053907778937507,0.16092778509289918,0.16139258219991282,0.16179214114620452,0.1621176511536936,0.16248042323066914,0.1628294396997548,0.16321264473922223,0.16367023659526667,0.16403762013608175,0.16427708591701298,0.16470099838201224,0.16529470881524874,0.1656758762000419,0.16602932844815063,0.16642474183505024,0.16666628797353003,0.16694402133216169,0.16727517162621788,0.16769556633678215,0.16818661578319322,0.16855795574064827,0.169028351912742,0.16938915241134012,0.16943715619446603,0.1697091408420785,0.17019922214527675,0.17051691751004278,0.17070490787856124,0.1710848104368563,0.1716241027016749,0.17193237113246831,0.1721841288129334,0.17255091343574638,0.17277103012058978,0.17299650470942263,0.17341882335022218,0.1737852120366824,0.17402956139610246,0.17426484604695083,0.17454395671677017,0.1748055559518316,0.17495128337794713,0.1751621083491577,0.1755245938363696,0.1757500107936021,0.17579063323596134,0.1760065399451985,0.17627749352296543,0.17651493493311468,0.17693391784668305,0.17722339949305907,0.1772761480124746,0.1774881470783454,0.17785829444371404,0.17807975477463317,0.17815378026413778,0.17844913063594034,0.17895203252757813,0.17914556472456536,0.1792024532694224,0.17947974310693748,0.17971749407470902,0.17981617109089024,0.1800167214028473,0.18026267574131175,0.18030217874381915,0.1804083526160039,0.1808245553338828,0.18102554773449564,0.1808521867939877,0.18098752896779902,0.18142100689769122,0.18155112969323114,0.18152391606111948,0.18171666622805316,0.18192253602103697,0.1819878643061263,0.18222289081887183,0.18237630889029327,0.1820666596898928,0.18213451405019962,0.18276680466785106,0.18292160316409845,0.18282234492164218,0.18288160658788796,0.18272463832880906,0.18267438322554624,0.18290675642251136,0.18300181758296505,0.18297567044128077,0.18296488562698546,0.1828696702601971,0.18290077683457617,0.1830313054788206,0.18308511305656922,0.1832694542588175,0.1833169764046385,0.18318574299475401,0.18307841926596075,0.1828219776424649,0.18279124048868098,0.18300398422634606,0.18296905026479027,0.1829527742928223,0.18288083338827524,0.18245805942360221,0.18235432247116629,0.18259518144947198,0.18252252665237767,0.18232555790946392,0.1823150384097919,0.1822570542654684,0.18213505966035334,0.18218221295924736,0.1820752268389325,0.18170014656795289,0.18155369803726124,0.18156548257706012,0.18145418757082654,0.18136927385077253,0.18119747294856092,0.18080220882966422,0.18070929167125716,0.18085257995293944,0.18074046289102494,0.18058961859115297,0.18056622495594213,0.1805112586889379,0.1803387603642469,0.18031400077532755,0.18011534062970064,0.17948800134783022,0.17931308292478942,0.17943373354403766,0.17933910644990778,0.17936773799442937,0.17917748739921957,0.17877699340566677,0.17851396948822656,0.17813693408552056,0.17804073493073064,0.17821789947781405,0.17793508323110768,0.177538350881211,0.17742838357396015,0.17721837519397218,0.17682351572354008,0.17667898481146896,0.17626129824712478,0.17571835578174802,0.17561723566601156,0.17546823823489704,0.17505853291755363,0.17473265083547776,0.17463305084607103,0.1744876621408764,0.17414394447284698,0.17388954689750521,0.17367613010984922,0.1734645842049045,0.1732621284550346,0.1729829165631311,0.1727374102895456,0.17266692597848052,0.17275186823476524,0.17261162608292144,0.17214779197619226,0.17167106660731063,0.17126130419601135,0.1710961163405637,0.17147405785501388,0.17123985145035056,0.1704846889272532,0.17031340716436882,0.17031657046885243,0.17003742747776093,0.17001105532178998,0.1698377383702863,0.1691830963866665,0.16873746732297104,0.16852434737951055,0.1682465071467884,0.16793431214159002,0.16758685276893964,0.1672830599747012,0.16698506659097545,0.1665334027806142,0.16610916792383348,0.16577453871782516,0.16559380422879877,0.16545779485135487,0.16522299062001405,0.1651624938510904,0.164161349115385,0.1636197597258812,0.16330075213354375,0.16306591235966592,0.16324956584419992,0.16308678910110394,0.1625777607836945,0.16235488380436416,0.16226388878358244,0.16209920948633702,0.1619200807495243,0.16151876125875791,0.16099779305329798,0.1609775733638817,0.1612596991280994,0.16108727865085293,0.16082135588609908,0.16051352368069075,0.15970992671362214,0.15965555252345434,0.1600780418592099,0.15998316414384336,0.1607224322824047,0.16066598825683595,0.15983533848840414,0.1597107878318245,0.15946397188878841,0.15954144953003074,0.1605087518822436,0.1605185009621343,0.1598846400875868,0.15960627965186613,0.15906514010787254,0.1590290821928133,0.1596122184588698,0.1598136829487359,0.1594569608889948,0.14576505310257656,0.145560334286613,0.14554468684476407,0.1461009769436838,0.1465930531867891,0.14605457700000002,0.14593284993877226,0.14581855708506336,0.14543164399231967,0.1453943869490622,0.1457117316451247,0.14593930311865072,0.14641319936515354,0.1466827672057655,0.14645149191918239,0.14625295380761477,0.14593251150130118,0.1457540598262083,0.1456826134818183,0.14595624982727118,0.14583591526073025,0.14544899099266012,0.1454200278887003,0.14506577595547235,0.1452014929755595,0.14548281227483736,0.1454262230624391,0.14563534587350588,0.14641706139632674,0.14624498954855958,0.14545447558307933,0.14501857679451896,0.14408680299899132,0.1433821661105732,0.14345062736041048,0.14410439554074111,0.14424579748117616,0.1437057630398723,0.14344874942408614,0.14295945631054444,0.14256720772881473,0.14225654275395286,0.14214963249449006,0.14165992835674535,0.1411371059307456,0.1408749318972146,0.14050903573466406,0.13991641196542887,0.13924581616139697,0.13857183946129698,0.13767089186065073,0.1369018876304341,0.13620148692865222,0.1353655673918852,0.13496470860575172,0.1344145192747224,0.13325460107680195,0.1321823705082065,0.1305818265504601,0.12851169589400166,0.12691455677329294,0.1256118183340785,0.12437997844606241,0.12336332748855795,0.1223865649777669,0.12050005400359395,0.11861488718529085,0.11697261983983018,0.114659886785358,0.1128003984316902,0.11092789241072559,0.10927771054254638,0.10654492638661714,0.10424466010588147,0.1023233316003971,0.09995719342232647,0.09761713132633193,0.09546427600052367,0.09314934646525078,0.09062287242129216,0.08857414315879844,0.08643154565799908,0.08436323445995837,0.08185614153740506,0.07954860291465138,0.07736732453922439,0.07556578805095054,0.07358627177312024,0.07181722034793117,0.07116010333879137,0.06952442762922913,0.06725451745960805,0.06570168443843884,0.06453193500221258,0.06264647298196552,0.06126606411028875,0.06126897303033699,0.06062561530001024,0.05901314359217536,0.05782626097784754,0.056696162780012375,0.055888034851947446,0.0556890862739739,0.055426176899815105,0.05557656049299809,0.054825729880141776,0.053861645607826025,0.05340666210335407,0.05316669686200345,0.053140273881238154,0.05313422736451696,0.05284494271575624,0.05268020207280304,0.05201835782587856,0.0518247060742995,0.05218248027907151,0.05228574218501952,0.05158581299371161,0.051440147300074505,0.05240155979222668,0.05283001071115138,0.052549869995248175,0.05257644155819858,0.05259782767700962,0.05162012917021454,0.05140669611047182,0.051906782131635215,0.052588589334458626,0.052458693087384024,0.05208772518855042,0.05222168820866957,0.05229420397258515,0.052056392072710976,0.052227519785540445,0.05235852697705147,0.052413763569829554,0.052457809075970085,0.052765125046890855,0.05294992853935195,0.053156669714036237,0.053026554688227985,0.05297695169866866,0.05291477192920476,0.05301125201758865,0.05315726726904677,0.05304528531667828,0.05269119059185284,0.052677621673302116,0.05259354386149553,0.052721859222502956,0.053329739618227054,0.0536601677077851,0.05379910652600765,0.054005446433157044,0.05440432853012038,0.05468626236061605,0.0546684879642209,0.05473103688821064,0.05502026573597229,0.05557488159788072,0.0556114078013321,0.055425828958220576,0.05559155875617817,0.05557176555309367,0.055558439682183235,0.05582019534038034,0.056366844256036074,0.05652964889504431,0.05621224542515757,0.056321969158326345,0.05683178555036176,0.05705324067015015,0.056894539275736886,0.05733473011656679,0.05836915980736465,0.05879938757831785,0.059142365415197753,0.05965234655708991,0.05996345599004566,0.059830160881594555,0.05944404866027341,0.059574371041024185,0.05994510142467169,0.06059820336554957,0.060652121441933514,0.06072438681468273,0.06093797489484221,0.060595688203493855,0.06059407939839698,0.06095135812090822,0.06162089826600431,0.06237078931102438,0.06260620347798697,0.06277487637206786,0.06332166676270476,0.06365069822731784,0.06372154809255084,0.0637626273032798,0.06363132569398437,0.06383679766879904,0.06393041273235964,0.0642349065017273,0.06480524736481176,0.06593330520893217,0.06648228310859344,0.06641352288775647,0.06605738357869878,0.0660923349054212,0.06650417806501413,0.06736070559388087,0.06764212379028431,0.06821280096353524,0.06853382726924602,0.0681433386914956,0.06823302519590402,0.06852243332514113,0.06887522202796448,0.06927223373309051,0.07001209777717356,0.0703270622054949,0.07031358556736186,0.07070283128901197,0.07112508712781324,0.0711350580425684,0.07093746614295908,0.07140365056915633,0.07173358504081133,0.07211309532793529,0.07359506747199372,0.07427311029144286,0.07419896887167564,0.07404985392362126,0.07451449162286987,0.07503846826319063,0.07532169337013435,0.07564607734140476,0.07607657972886533,0.07658968319866913,0.07652685903394052,0.07618256502025769,0.0762044267090769,0.07571051845945401,0.07564050152837215,0.07631623334879663,0.07671077641953979,0.07688993406474026,0.07711924279018403,0.0777378331731521,0.078291823320544,0.07865032803349543,0.07895838614676469,0.0792175565049827,0.07925375494171091,0.07940863008240098,0.07954378184580391,0.07979423139217096,0.08012237063874009,0.08042045636135586,0.08071353084285114,0.08111076559751051,0.08172589309891339,0.08215513358397106,0.0822250230450658,0.08195490340189417,0.0824347980981332,0.08307567133810799,0.08325511923588802,0.08388759013782536,0.08411585396984367,0.08349132467641632,0.08324428313791342,0.08302517302621439,0.08323521383458708,0.08375891590637632,0.0840102924765813,0.0844880517233749,0.0849817844193827,0.08560277798984879,0.0861024500991749,0.08629806274117459,0.08689305927329932,0.0868601888714986,0.08533733743714757,0.08557184336473889,0.08707355271511805,0.08748088388918918,0.0880383961235044,0.0886032944898314,0.0887077423226947,0.0886303547015078,0.08864518153550427,0.08880091787434766,0.08875116008791181,0.08824184874120247,0.08821807222659193,0.08883460156319986,0.08887213590668286,0.08841467796503343,0.08847525735224017,0.08872543271621713,0.08890342978334419,0.08919053506690035,0.08963461163301824,0.09017374682784596,0.0905832456110753,0.09110551981985028,0.09168003522169547,0.09249990533159039,0.09262095856341272,0.09283830439462507,0.09331019955588375,0.09340526887640263,0.09290460226246361,0.0931358809925777,0.09374807470858754,0.09393716734490394,0.09412338921293663,0.09451704860514479,0.09504035919044236,0.09508093242136441,0.09502630208908792,0.09506754396658926,0.09451091880593708,0.09434456255497914,0.09444616675510228,0.09478646071265869,0.0952789582069285,0.09600716414517121,0.09639209195337295,0.09704222756413895,0.09739492432092445,0.09727899612869517,0.09737582607350329,0.09747706358853787,0.09783153237210446,0.0984648530230034,0.0986034271572058,0.09877325517403006,0.09880300187638562,0.09804764669789832,0.09795979622910468,0.09856114027554673,0.09867637402041299,0.09862203605476325,0.09860040257644774,0.09919419971700608,0.09970989709614858,0.099920382355662,0.10036703109214505,0.10090587506371525,0.10131935253200629,0.10115764452398834,0.1008333682309486,0.10108130887560417,0.10112939532405321,0.10075534212015738,0.10037095599935471,0.10079894004611623,0.10148514005714515,0.10134455814363762,0.10154807710420743,0.10197663614443352,0.10158819809867838,0.10108449911006798,0.1011894512827954,0.10129990364421121,0.10125334352018511,0.10032334051092208,0.1000710383386389,0.10042337797688083,0.10065635478944854,0.1006147486095309,0.10096346471899291,0.102189746392575,0.10243677807376465,0.10211402895421731,0.10199137788602858,0.10135831468329375,0.10119254477694983,0.10142121106305288,0.10158458978818732,0.10202415815392729,0.10213821697818548,0.10191685604051198,0.10194879356462498,0.10221357112993214,0.10211308820365242,0.10179167521636191,0.10134058677087862,0.10128431440776825,0.1010239608205327,0.10087213701642274,0.10088957468543491,0.10144018443581287,0.10252019575963339,0.10254633555328851,0.10254181304192268,0.10290260533527025,0.10256184160301197,0.10227443702087582,0.10292694302308934,0.10283403649695377,0.10109903857351103,0.10083588582900922,0.10208257742704661,0.10212647895708983,0.10183678599847518,0.10188396450943772,0.10171750866015887,0.10088178851385332,0.10076040200102442,0.10118253309726223,0.10145221578983296,0.1014534917416598,0.10182947140548061,0.10299475179298237,0.10312149020730764,0.10284195914441038,0.10271015457595091,0.10196277293158933,0.10161821815935099,0.10138145744174874,0.10144455110965546,0.10178529271083626,0.10204146441945419,0.1029402917639289,0.10299621558572394,0.10249840485647306,0.10206729798639386,0.10124471709642151,0.10046421471187442,0.09930706103757746,0.09867266377583335,0.09829946449689438,0.09786671135332624,0.09754601342082936,0.09810281141341137,0.09893046955561799,0.09911120523819736,0.09900191569733902,0.09887144796357183,0.09860087702984795,0.09748286843983657,0.09732062948226523,0.0979001586959385,0.09767736951801062,0.09751810292979929,0.0970165459095344,0.0959963264012028,0.09509541611645302,0.09365876219417527,0.09300040670686925,0.0926729069386451,0.09242345814118728,0.09257181741376354,0.09299532262609919,0.09417354501298468,0.09414629064674562,0.09357286760814676,0.09353807300298374,0.0923193018964791,0.09214780705769639,0.09359498266118758,0.0947300027132951,0.09347882231711001,0.09259911633496508,0.09213286768835223,0.09080015108715338,0.09099718370752731,0.09224970616007218,0.09138051384649983,0.09052059608490624,0.09009387439518585,0.0896554276905932,0.08872608378424718,0.08735321100905313,0.08759065746383177,0.08858218050186892,0.08843185683337403,0.08916369384874642,0.08941407730235987,0.08800963766584927,0.08760605936084237,0.08841248657428302,0.08839917977854676,0.0875949113797437,0.08729481307138602,0.08730618582722018,0.08724381590158936,0.08739220662735678,0.08720795573147763,0.08665368101667523,0.08652920797227633,0.08676668240821787,0.08623996592729313,0.08461133143217418,0.08487159187050247,0.08711767944590905,0.08682698914325768,0.0860713681986669,0.08547542710529395,0.0846973147668897,0.08299774680509527,0.08169281274349603,0.08264372332820492,0.08378423330052753,0.08335308437457702,0.08394422921058635,0.08532468912399788,0.08443410809616425,0.08334069661456005,0.08298604894048345,0.08254889880822905,0.08249073356263388,0.0816498568708427,0.08180268258685057,0.08344653189399545,0.08367776736966193,0.08380896426218039,0.08337627219513934,0.08188805657294469,0.08090367763833786,0.07910329848202043,0.07925618156849376,0.08091253520656307,0.08119624120787095,0.0823215256820289,0.08265435271107135,0.08095477294379771,0.08115146497077397,0.08324069468758763,0.0832413165087124,0.08276422338126281,0.08257030969830392,0.0810340689816964,0.07986027575892078,0.07911034918233054,0.07899730184872109,0.07903704935171461,0.07907640919020144,0.07947354338417623,0.079974571852666,0.08149577585509779,0.08124775619158628,0.07999733467085414,0.0793383596061992,0.07664997723527041,0.07605628140564645,0.07814937028611783,0.07864959364659051,0.0789756041284269,0.0787174955519373,0.07729320577178816,0.07704270956977602,0.07522811991922806,0.07433163598685134,0.07591565344125406,0.07725633997698977,0.07699511739928243,0.0756014238221009,0.0743642413319096,0.07311964652438319,0.07426714104026029,0.07691948394561288,0.07680110221560894,0.07583278280756095,0.07481725834404894,0.07443397416656547,0.07495980874417904,0.07418173315287534,0.07451756201817109,0.07675696795663339,0.0784284754521337,0.07758118066225302,0.07546397254267348,0.07527632139916692,0.07438661273515441,0.07381704465124765,0.07591042862624064,0.07539757227773268,0.07391611888199016,0.07388563248157483,0.07174315494617033,0.06967307022557409,0.06848922914528044,0.06933786066216564,0.07257289673806919,0.07214291966427783,0.07013084697524882,0.06927429721241936,0.06846155290431805,0.06870684506517132,0.06783511302828232,0.06550140732578816,0.0643679660885816,0.06570904881901114,0.06783433949485591,0.0683946342075866,0.06839023207132552,0.06697521320841585,0.06455120890744971,0.06581785205685457,0.06631271667059152,0.06321683759982553,0.06451035676384362,0.06713842201293037,0.06555784901338152,0.06469390446787436,0.06508248014663746,0.06558246800063317,0.06740649527091458,0.06919429364382236,0.07011396979336233,0.06714308170580732,0.06436655332955141,0.06595273512634584,0.06488376667380628,0.06471969029934421,0.06733585581479042,0.06831198787225116,0.06959432738854895,0.0710776451377622,0.07068587964095509,0.06818179909485828,0.06519323195010404,0.06293072867596157,0.06535803130439695,0.06763558964746226,0.06843977517240106,0.07131616947354874,0.06646646559461253,0.06047407912324568,0.06063044995394464,0.06178739917815367,0.06360090511114602,0.06318142181138636,0.06261594786536362,0.060450608082497956,0.05807373951487963,0.06244674173713849,0.06562579046771444,0.06432383921334399,0.061688943851742756,0.05981943170484979,0.06050710924151416,0.05848144865057074,0.05751041342931872,0.05760286096242582,0.05250206302865369,0.05356295446147071,0.06023540187283876,0.06077620027633244,0.059464469145410606,0.0607517492803054,0.06081237239416249,0.06048673170337993,0.0629914037893116,0.060878471765942424,0.06061130388138453,0.06643637152505126,0.06347001403075528,0.05968736380162379,0.05944816137246675,0.05473351673589277,0.0565513124983619,0.058921238382748715,0.05421725824900738,0.05111635548190525,0.05551524459088849,0.059066443064974036,0.05722628510274439,0.05825471017631782,0.06590285056372044,0.06698795468580238,0.06431616470624354,0.06383484489266582,0.06099475110403392,0.059994541069170605,0.05993704291152737,0.056405067795335564,0.059645699356285664,0.06343025968650297,0.062389998392893976,0.06322253291192818,0.06019747633048688,0.059748523396445374,0.06649590995913417,0.07282887211600965,0.07233111290108608,0.06350246756326113,0.058724485960908616,0.06237005828433692,0.06288109840111256,0.06116971182706838,0.05970529546879674,0.0461266638807038,0.04131854670301587,0.05638518565002838,0.06109053492454547,0.06349161318678252
33_5_PETCA_1_T_2_00000,0.13409754351086,0.05471758662518493,0.015932193990226363,0.027717306638329744,0.05764647812111562,0.03987715261091438,0.05250897023278574,0.09434211781784521,0.12296292150688569,0.0773154853903393,0.027520752065079576,0.047915309717150176,0.03893196915559653,0.04209062798716885,0.06835108011521822,0.0665700896120517,0.05866986075596061,0.05770946781972799,0.0733799329542337,0.08657780465003923,0.08089080364421074,0.05087787178850634,0.02863305074786542,0.038325769696107535,0.08091459111632092,0.12124148953389677,0.12300717566028639,0.09298210916401843,0.08271349609225237,0.08067300033780005,0.08096923826414307,0.07719434454154238,0.0584027834184047,0.05294007576538956,0.07405930623137887,0.08072370584231324,0.06516741731493998,0.04301914381762704,0.06604294436761733,0.07419419671748972,0.07363189845667228,0.09279619606817124,0.08902287621628657,0.0725325302980141,0.06082100906780702,0.06339757761584745,0.07225726015616646,0.07901384870112628,0.0725703327229175,0.06845743347719117,0.06729155022486248,0.0617604758106775,0.06549074538681275,0.07361934781246095,0.07776507819237344,0.0771377442227573,0.07613816998969825,0.07569995887153089,0.06664365154321884,0.06329405408721343,0.0667515283329205,0.06599781321718601,0.06552995841591977,0.0670124674576232,0.07087907409566443,0.07090683901735809,0.06797772941522011,0.06434717215331191,0.062189059141143296,0.06374378749824962,0.06819007570139059,0.07080535815242735,0.0675069610686333,0.06467734449017695,0.07474231984324761,0.07407495861066044,0.06970871108932537,0.07286661937633537,0.07316139400487215,0.07264878278089738,0.07251345087959975,0.06864646588081447,0.06730697830728018,0.06988311978804096,0.07351756325286418,0.07282627070378948,0.07095846880084249,0.07388469824171132,0.07289469396071645,0.07195445858789402,0.07466019634522135,0.07409719868338865,0.07342433241563588,0.07442073890289873,0.07628363883625086,0.07610263749896619,0.07471596372534046,0.07575615699602269,0.07751282521200827,0.07846350053080206,0.07749172528641986,0.07661055073501864,0.07755022227328064,0.07977195590759294,0.07550728745617945,0.07371043843923158,0.07653092804253332,0.07743306451627242,0.07525484002321316,0.07387729009921673,0.0797124420284351,0.079784538354413,0.07796600776630491,0.07996416053403194,0.07959375384588181,0.08004498599262214,0.08242668356542569,0.0818726197352612,0.07954353590574528,0.07743376396936252,0.07887589078341749,0.0793339524474062,0.07945183695435594,0.08139031163735073,0.0817202055337124,0.08057606243549498,0.07910928973783185,0.08008682220041628,0.0807480633005724,0.0803824516504433,0.08250575848327847,0.08257429780991853,0.0807836290718232,0.08043572250933598,0.08155950739832135,0.0822077010564592,0.08045790378039633,0.08042360765924968,0.0802199991740663,0.07893600649494645,0.08100194368614998,0.08245008814560256,0.08196671501560161,0.08168186262591647,0.08093821633773285,0.08069242580771942,0.08256416994865898,0.08359881532014529,0.083682728790264,0.08345458683941023,0.08347007953133835,0.0844954202800521,0.08659657399397795,0.08853326499508361,0.08891031055621612,0.08861693906496323,0.09124667828001351,0.09355301302137796,0.09457143895092995,0.09441038905741657,0.0967470096278236,0.10060633958697948,0.1040153692315372,0.10476577790701987,0.10578414570870881,0.10858005216395306,0.11166209782476183,0.11475311200309257,0.11762441112812455,0.12005849461603017,0.12333055340977095,0.12716707028082833,0.13074941354368896,0.1339963744941852,0.13701448125345614,0.13986211892378528,0.1421215384613159,0.14485006463870284,0.14810646814630538,0.15015551975197314,0.15250285559795496,0.1551093559737369,0.15701658761849185,0.1591189243541117,0.1606270510716901,0.16071901260594504,0.16192627459881326,0.1636888146622737,0.16521055140332258,0.16608792519814417,0.16715608544903582,0.16846805417373623,0.1689063971197388,0.1692088835174577,0.16974522519160312,0.17073193581993354,0.1708990212622393,0.17088835560248308,0.17158049336589093,0.1721817823373285,0.17249240730539162,0.17257881309191125,0.17312248584330195,0.17324837558993955,0.17281456989728405,0.17251353036318062,0.17201118697311513,0.17123846637243212,0.17023403210246957,0.16940293465716574,0.1683620314286504,0.1668204841404008,0.1658761968207954,0.16499230492505593,0.16370734050015512,0.1618238488654073,0.16034111155551448,0.15917631704239632,0.157163038564164,0.15514614674077043,0.15318426994571405,0.15108943630292743,0.14898409273484067,0.1469960742194087,0.14524517871403034,0.14381926630183817,0.14243060136542546,0.1408802512037891,0.13909016595742607,0.13736041132649565,0.13570541423292776,0.13391011579618642,0.132934921343195,0.1323285563585734,0.13123254955859884,0.12987033286537794,0.12871971700812151,0.1280859058692586,0.12771587563993636,0.12677618651003156,0.1253224517635627,0.12488362506891114,0.12441458172990781,0.12362382538149388,0.12256595745685346,0.12166561584500198,0.12101072825365759,0.12057378794934001,0.12023655585552745,0.12029624035298257,0.12074065160698963,0.1205865465236313,0.1203252958782679,0.12010539456176225,0.11968806184397,0.11898264530707629,0.11797360305387662,0.11672543907047016,0.11575058028045154,0.11513675646696245,0.11476031866154479,0.11404280346326312,0.11319027705333437,0.11245948291117272,0.11218052861326498,0.11163754127794587,0.11060561164305487,0.10929726223983371,0.10834661157479256,0.10733025564096378,0.10558618376755889,0.10448961376528774,0.10405267488160995,0.10400596841108373,0.10397800670536846,0.10356504504241311,0.10282265186226613,0.10265767948840221,0.10226660249448302,0.10165273919335603,0.10129647446478693,0.10060938253469508,0.099925204550602,0.09973929892129675,0.09972986574421593,0.09948862632366585,0.09887431123822045,0.09842137020597057,0.0981822834614232,0.0979832378039916,0.09731914463730237,0.0969337111108326,0.09665132808115762,0.09590660359294871,0.09462356875532511,0.09334722811836464,0.09259468975329885,0.09226476044241394,0.09154240851862537,0.09025151947181521,0.08950710140383362,0.08893420520067932,0.08836147255579062,0.08770340295649937,0.08709198490457376,0.08648286044454752,0.0857596453206674,0.08472957346472122,0.08354107837900258,0.08239324262442593,0.0815376443719576,0.08064044599529857,0.07958217650663815,0.07853056458713673,0.07748224100921298,0.07656488830191603,0.07596481322982639,0.07553298764993999,0.07511181324394231,0.0746186301533517,0.07433820298386923,0.07415056255744197,0.07397968428942833,0.07390579481207986,0.07380049887649165,0.0737225595507406,0.07389523320217263,0.0739235176353482,0.07400429904965657,0.07444197864352753,0.07466328162198911,0.07495851840399788,0.07555703054507866,0.07614139716449382,0.076924878335581,0.07805890112783825,0.07965110935459915,0.08133101936142308,0.08328949494361454,0.08597923745687365,0.08943120696390575,0.0934268700104004,0.09778720247657306,0.10286148827600129,0.10859294539261052,0.11486246457875672,0.12144825304826781,0.128579716426595,0.13617421264511215,0.14394763836584065,0.15215306796578926,0.16062710162108848,0.16909516048095574,0.1773682315780536,0.18558310322241997,0.1938328062450947,0.20193738956476698,0.210308305582587,0.21871418826157082,0.22623756448089052,0.2338171127737844,0.24154005028093345,0.24916086947274466,0.2564265449783558,0.263442828878185,0.27032454457109434,0.2771114630416971,0.28374531752345544,0.29013747996147815,0.2962191971546441,0.3020215619558195,0.30766483442877873,0.3133131469890831,0.31844923806805114,0.32346829788010234,0.32867688588046734,0.3330709318574977,0.3370403367109589,0.34092394446303276,0.3449171623965139,0.3484970178790291,0.3516156111237603,0.354511932515958,0.3574970735329111,0.36022860420182157,0.3624085042857647,0.36502516957988423,0.3673527387214608,0.3690271600277184,0.37063286308178217,0.3722770260530356,0.3738298299541147,0.37495617909658746,0.3765144122106901,0.37795039811251313,0.3785870223094598,0.37971777895177405,0.3805787550799733,0.3808608628798917,0.3817408032295277,0.38259616500038085,0.3832059946622776,0.3836339959405938,0.38406544964943495,0.384575523546077,0.3851222665377249,0.38512481548194055,0.3852460313682705,0.38584896014084724,0.38630519386581197,0.3864321802857072,0.3863557667740944,0.3865223883958906,0.3865593937362382,0.3866479281266063,0.3870420055217762,0.3872210377512116,0.3872481131160681,0.3872475160010746,0.38732776174858397,0.3873895185999175,0.3874531274366349,0.38765160824932776,0.3876767040230643,0.3875929171966815,0.3875828410893925,0.3877223527576521,0.3878073020691564,0.38771105296316155,0.38752800729866776,0.38752132036379633,0.3877144909368852,0.38791675135522846,0.38793823704335667,0.38784333354870393,0.38776359179844466,0.3875884909140166,0.3875472648162829,0.38769414105476413,0.3876136982874217,0.38758338441568474,0.3876180676237719,0.38754707662330773,0.38737452821367574,0.38736115138528177,0.3876769848901703,0.3875761688724402,0.3874418177394114,0.3874813046084805,0.38738706377092946,0.38743328695878476,0.3875099249180076,0.387296076687,0.38739288239261677,0.3874297565306168,0.387055920886885,0.38697807610748935,0.3870973284671958,0.3872490410794683,0.38719091790544263,0.3871993887781859,0.3871426874791572,0.3867639241973576,0.386814759584797,0.3869657796662665,0.3868789290939812,0.386830083543321,0.3868351200880887,0.38684756120994274,0.38674201658326146,0.3866715902295171,0.38668852103828927,0.3867755816272752,0.38666102250081696,0.38658771693796606,0.38668780055609814,0.38670913238506066,0.3865641744115648,0.3863641755159879,0.386385245808717,0.3864312424716716,0.38653564862843753,0.38670764995087764,0.38658727604019966,0.38638753936696596,0.38623882210851235,0.38609478681269377,0.38594663950886143,0.385870957226841,0.3859634679511794,0.3859974016919344,0.386076259535449,0.3862480664414262,0.3862248370891215,0.38618385927573523,0.3862294426869575,0.38640210303895106,0.38643933210511827,0.3863829995726296,0.38632345251013733,0.3859974387828123,0.3858910198515644,0.38618552151871477,0.38648576768229176,0.3864430686589654,0.3861471982430696,0.385959833236287,0.38611144622821636,0.38633475076180934,0.38640370682579406,0.38653172321550944,0.3863987832497184,0.38616672588685497,0.3864505108873185,0.3865789365468414,0.38651863491029964,0.38643345902633064,0.3865487493393994,0.3866363257397178,0.38662919705258425,0.3867605984850381,0.3869305705435557,0.3870385737197989,0.3869729234194909,0.38659638009791253,0.38649901029322914,0.3868559918676335,0.3866107345663869,0.3861873955937052,0.3860098526733189,0.3864878571256125,0.38656173188411536,0.38648628653840456,0.3865831500766102,0.38628726917904777,0.38628515578731776,0.38660138760955853,0.38653010554506084,0.3865174734385366,0.3865822927203526,0.3866500348783426,0.3868186986148179,0.3868397443492596,0.3866176301398274,0.38628010862745304,0.3863597717742015,0.3866836248991492,0.3868120493291461,0.3869102022946589,0.38686605473432617,0.38665802768170754,0.3864810610064106,0.3864071568829433,0.3864505597348213,0.3865633150515009,0.3865402256911625,0.38656641330079144,0.38671233963266993,0.3865604566197551,0.38641651014157996,0.3864865256716589,0.3868656444555749,0.386727322722376,0.3864776627124738,0.3865441523603464,0.3866375579701729,0.38636526339437877,0.3859316705380577,0.3860468577224153,0.3861842517531204,0.3861651738875909,0.3860335476282129,0.3864026512054868,0.38667694117618656,0.3865175726280334,0.38588104837654014,0.385874950470876,0.38600402198573946,0.38564912589212846,0.385609636062578,0.38568452806187886,0.3856831103580576,0.38545545650529733,0.38534187354851646,0.38535833852604884,0.38534465576036825,0.38482027910424543,0.3840895724097497,0.3836119185753551,0.3839972449150514,0.3839574084413644,0.3839451374647886,0.3844669573754282,0.3838483773640149,0.38354901676112174,0.38382857200744835,0.3834694046545021,0.3832975919729296,0.38319579143388194,0.382978667815433,0.3833492903336355,0.38317143337098314,0.3822681889541886,0.38153857361529125,0.3810154556711677,0.3805664838451108,0.38012445625982133,0.38019859773655934,0.3802982538853007,0.3800506919410781,0.37926186823833213,0.379081500728617,0.37895317669515893,0.3784395043733596,0.3789767692503026,0.3791649052935536,0.3787666157047943,0.37845906692691295,0.3779032858588568,0.3778382834484328,0.37859022599651415,0.37889214933890736,0.379023793248068,0.37895116289918657,0.37856156925390916,0.3785486338408999,0.3787665785809746,0.3788785748050473,0.37832309170703177,0.378168895043877,0.3784285238633185,0.37868106254282796,0.37926602207644683,0.3790961042947723,0.3783218662136736,0.3792220655596674,0.38021744852755707,0.3804499781215177,0.3796230093417212,0.37899517626453355,0.378656841562074,0.3789036438381231,0.38022942369453194,0.3806275606116955,0.37996866553721537,0.3788986152752411,0.3787590535398925,0.37961913247652607,0.3805978684187984,0.38038996203256603,0.3814531468051394,0.3850545362021131,0.38524641022319805,0.3858703658930985,0.38566322759236976,0.3846824571592967,0.3841516806375137,0.38349754285110926,0.38332860926165796,0.38346841126267783,0.38443185424082776,0.3851349287860185,0.3851897328424053,0.385590299862617,0.38479618580070407,0.3843890565808466,0.3846435626108355,0.3848932469326485,0.38521260452254635,0.38613092323580406,0.3864704046769007,0.38703961137150406,0.38724464397388847,0.38684780161603854,0.38690331684944584,0.3865764314295455,0.3870315868549735,0.387817940249219,0.38856425478663936,0.38970427156407267,0.389877041357866,0.3889743934333079,0.3887994309123808,0.38855594572431995,0.3880443174859602,0.38804239772029503,0.3885190883108204,0.3891421377311487,0.388911378306871,0.3889970532122157,0.38951167474733034,0.38890183363538194,0.3888412192050665,0.38960339605019895,0.389564321189217,0.39020000007532246,0.39070696253988557,0.3916925799980015,0.3910519897576774,0.3902144584775729,0.3894944266406503,0.3887247605647325,0.38891841102248165,0.3898560862670408,0.39075466157806626,0.39148657080518723,0.3920754719792006,0.3923380396768668,0.39224904186907616,0.3917168007890305,0.39123073109138795,0.390932444979205,0.39065612264407457,0.39061076966919905,0.3908909483337802,0.39098198244883603,0.3911713197068196,0.3912457672192381,0.3915214227561574,0.3919406478291782,0.3915581445302134,0.39156698457229316,0.3913107897069474,0.3900411694106242,0.3897163423712318,0.38960357293916426,0.38980449311261206,0.3902094226893419,0.39169068697690335,0.3921266285247287,0.391754320611829,0.391051564712963,0.38999350670532595,0.38978191796563094,0.39028879736537037,0.391182007764346,0.3913912006490041,0.3913435621976222,0.39175080212602115,0.3911721505151381,0.39111710613851164,0.3912688459644185,0.39143281470686303,0.39128677532143524,0.39133211254346384,0.39148571381639646,0.3911082622570093,0.3912439326792119,0.39154342225056316,0.39100613944428253,0.39073568722552016,0.39086495977730634,0.39065996668353337,0.391308841648379,0.3918990599040097,0.39148138212336203,0.3912923700430538,0.39093331584981705,0.3909172455062382,0.39096899592644624,0.3910187279644637,0.3911681518007188,0.39114110826184867,0.3904805658983334,0.39018038018321327,0.39031688160336153,0.3900547209699452,0.390105627875246,0.3905881462084118,0.3903053896557069,0.3898601350259852,0.38980840532653716,0.38975100015530045,0.38959603878034316,0.3899541890406357,0.3896331889212337,0.38875660793352657,0.3881197955888782,0.38753778303228503,0.38734915429539646,0.3873758916243833,0.3867789830239685,0.38604098974114776,0.38570255482601656,0.3855457477940428,0.3849176610633804,0.3838969032327848,0.38312885773664646,0.3824777454041413,0.38195638143455285,0.3811510307078839,0.38027734458269313,0.3794618374678039,0.37828324355715626,0.3774986793453883,0.3773493428048609,0.37682541980998346,0.37542758599253523,0.3744356994531692,0.37397663131029674,0.37333002269523924,0.3727014676929665,0.3724524145537218,0.37169993731406087,0.37058233604631274,0.3700077694247244,0.3701935551625162,0.3696289384043373,0.36863406962619066,0.3682698498882643,0.3679542887087701,0.36761356936513284,0.36767477749500627,0.3675516380815741,0.3667777548481086,0.3664176784671481,0.3665897484452728,0.3665843626562448,0.3666663516889204,0.3669332795579908,0.3666936705903345,0.3661471022245281,0.3661023181366344,0.36662060357965165,0.36646614210444867,0.3660820034280686,0.3659657000222187,0.3654131044252651,0.36520797293472135,0.36530443565664633,0.36578708109893077,0.3656296322510473,0.36544384963201876,0.3655756191387142,0.3653889093198278,0.36524208564813376,0.36539172757721444,0.365260451666408,0.364994184909613,0.36501398474456515,0.36538121837103577,0.36537108982514444,0.3652421160255786,0.3653231626842278,0.36530139498325914,0.36529363541443566,0.3655458295152788,0.36560696285557914,0.3653738215438863,0.36546296710840526,0.3656698711446,0.3654929072696737,0.36557697687714463,0.36583360520614605,0.36570182577025945,0.3655853025375882,0.36578371213780625,0.36589952382177826,0.3660443952098538,0.366585250369756,0.3667587194578071,0.36650030442755943,0.36651764219940675,0.3665888819638223,0.3667028072669402,0.3669605247105541,0.3671855535026301,0.3673582490196079,0.36758368869495633,0.3678985407746063,0.3680923753033626,0.3683913138587594,0.3687921480367365,0.3687281141318139,0.36862354439051476,0.3688831476252657,0.3690486989354192,0.36919407479084837,0.3696765518536067,0.369865923112973,0.3695470287846118,0.3696776528261695,0.3701987090054243,0.3703909103371221,0.37048782013826653,0.37069751892982855,0.37075184818150875,0.37088636893952054,0.37109067763088627,0.3715729537834983,0.3718001869528165,0.3716353689570044,0.37151724730988617,0.37168377049697565,0.37182937847378555,0.37183027321682544,0.3719992866269983,0.372323371972265,0.37240367260423407,0.37236943878719325,0.37252555941177984,0.37267769175231624,0.37267740013574135,0.37277818630285137,0.3728757941376824,0.37266402698301954,0.3726844532715301,0.37303512413829554,0.37317650302307914,0.3732130981221404,0.37333082840168524,0.3735663075811946,0.3735431505587671,0.37329630904143896,0.37320847821510406,0.3732636681298866,0.37343831512175146,0.3735232858303561,0.37393073673394817,0.3739453680853297,0.3734852759310055,0.3735260921702162,0.3739024531190782,0.3738893959908198,0.3737916731994741,0.37379265126894645,0.373634823802601,0.37349588826254004,0.3734449611795195,0.3734802061323142,0.3735550889560516,0.37346337936638596,0.37342804254288886,0.3733865693219087,0.37330573586340393,0.37285351143033957,0.3726306814088416,0.37281018615781747,0.37264823909480116,0.3722843976615755,0.3721335914897288,0.3720357868081825,0.37184639215854376,0.3717921578635581,0.3715506509422598,0.37103246722096844,0.37073191074980943,0.37047628604861504,0.37022590729207977,0.37013316748864505,0.3699044856159148,0.36951464615220486,0.369262299226537,0.3691987204077815,0.368863111774154,0.36838347534629856,0.36799760774074153,0.3675411677207515,0.3668377423628487,0.36659733536156397,0.3666247766751879,0.366174046771082,0.365528707262507,0.36508481128204534,0.36454041527307807,0.36389661552910024,0.3633180022496846,0.36280780310242705,0.36216763166198873,0.361506651254317,0.36108300405820193,0.3604389639910849,0.35944335799846877,0.3586634661304772,0.3580318200581357,0.3573336785173761,0.35666911475851254,0.35592064829518427,0.35516224562293375,0.35431907901220233,0.35339508976944645,0.3524469748886594,0.35142733872184495,0.3503913865781446,0.34944736866937315,0.34849391490598053,0.3474307299002457,0.34629373715983897,0.3453664679040084,0.3444352847722417,0.3434993224579237,0.34277311608498146,0.34186168455364446,0.3407861105649733,0.33979137400804316,0.3388017726123755,0.33785152770765814,0.33688734684040933,0.3359405776073164,0.3349981390985345,0.3341737249953511,0.33349730567991004,0.33262254884991976,0.33166437140806976,0.33083728541382107,0.33002952208433434,0.3290815962825716,0.328049467451572,0.3272228710082112,0.3263930021577449,0.32559169776432245,0.3246146001970185,0.3238103333335858,0.32278694562397137,0.32141040391889375,0.32030900514113925,0.3194892977129238,0.3182471016534423,0.3168329231137673,0.3154068231390053,0.3138934905228247,0.31219843154635024,0.31049580463609594,0.30852765111031283,0.3062410339311656,0.3040026055741947,0.3017470544676213,0.2992393310323027,0.29663302314778345,0.2938260612578755,0.2908534473369808,0.2876117945306111,0.2841688449516938,0.2805511911952421,0.2766372494747416,0.2726419924841394,0.26853313873944196,0.2642915526012424,0.25984412277470775,0.2553773185177401,0.2507974315061397,0.24617357535547038,0.2415499846438199,0.23685586684836177,0.23221674022536637,0.22753226387444278,0.2229547195770736,0.21834044363480207,0.21395718398922906,0.20966494920214865,0.20551684508339155,0.20150228344259244,0.19766277846234237,0.1939656057782804,0.19036795874149468,0.18689792604252503,0.183621591239933,0.18037464401112435,0.17745956115450398,0.1749092454176785,0.1723543525247009,0.1699256497549735,0.16767717177719466,0.16556311373816182,0.16353509016012202,0.1616224720927792,0.15991843218378204,0.1584015874037837,0.15689869686924374,0.15552089611903275,0.1542872624323769,0.15313164279339644,0.15202210221473025,0.15104716910016838,0.15020260251921094,0.1493471456682977,0.14845176411091743,0.14773200028629044,0.14714288360819452,0.14657694309576055,0.14613988353267884,0.14558275287572656,0.14496237816830507,0.1445258708491381,0.14409958097309228,0.14375023752258595,0.14359693803761764,0.1433556633743611,0.14308598066995099,0.14282619851631445,0.1425350792909912,0.14237327782460532,0.14226106544460843,0.14215732904898729,0.1421582040245588,0.142150495074514,0.1420915843535827,0.14211597577864427,0.1422788016207335,0.14234598136465226,0.1423419271594895,0.14243095720816992,0.1425661479784348,0.14265581800771884,0.14271880579218604,0.14289183347924905,0.1431359074632279,0.1433008090022386,0.1434467938250624,0.14371383286272696,0.14392385925497725,0.14422273171101452,0.14473869591048105,0.14525976828490245,0.14563541870945024,0.14586470906092694,0.14639458289413254,0.14697555536149723,0.14756938014949322,0.14834652513495267,0.14907248368362488,0.14974462356023607,0.15042726569338444,0.1511496569479786,0.1519799027627023,0.15284052873057882,0.15361626775437398,0.15444467954604751,0.1553513180047418,0.15617548358690478,0.15705778807615972,0.15804784240678368,0.159144731803741,0.16034419068111055,0.16133772996340648,0.1623537920858054,0.16342522729742884,0.16428483459176332,0.16529139014649605,0.16651987599466572,0.16769685854775906,0.16886170580427365,0.16995800860237123,0.17109740760171066,0.17220323444792782,0.1731070969780402,0.17419438042394236,0.1754748680136826,0.17663194914220323,0.17772884260427427,0.17892451546959068,0.18012390946919507,0.181331872916945,0.1827361510850993,0.18394977266748183,0.18493175954941593,0.18606939183250668,0.1872104863231543,0.18835690832368063,0.18968524432148207,0.1908727695497712,0.19183043959751248,0.19296284306786285,0.1942440605910146,0.19537893978600765,0.19648906366407393,0.1976305458591677,0.19885320921797003,0.2000439733272492,0.20109265555070682,0.20217408051293828,0.20336050866679725,0.20437725157981457,0.20553942849427426,0.20704532552252564,0.20816509304532435,0.2089614382001342,0.2100941948245107,0.21137982225742596,0.21240776871368738,0.21335700266255098,0.21451424419758294,0.21569363432083524,0.21664328173591338,0.21761337976815456,0.21872373173712034,0.2196951378566118,0.22059166194377852,0.2216567302175155,0.2227306355107624,0.2235636472895962,0.22448980942357163,0.2256626204282491,0.22676509033028075,0.22771570640327699,0.2286792024739291,0.2298097155948292,0.23081088449970572,0.23162511755880505,0.23248272212701643,0.23336150871532735,0.23427693315254924,0.23510005691680289,0.2360404902715728,0.23723089373037898,0.2381383911823956,0.23886158034992655,0.23972932699235686,0.24053648094389335,0.24136159062579085,0.24231478491449762,0.24318932452731432,0.24396598413852705,0.24477252422902204,0.2456032571720189,0.24642927725746328,0.2472282989323872,0.2480388928390502,0.24894628852563452,0.2497009477457955,0.2503184951770799,0.2510122040257892,0.2516396206921734,0.25232009151691587,0.253089818148414,0.2538195263479478,0.2544667566342174,0.2552329929362886,0.2561677110665801,0.2569267054724297,0.2576424070809147,0.258371362653162,0.2589770606450335,0.2596106198779295,0.2602496412737791,0.2609737344138948,0.261839955997305,0.26248720857296143,0.26299671865534086,0.26366028757855214,0.2642620614718059,0.26484990302839984,0.2655713974319458,0.2662844699350241,0.26698117942987276,0.2675524222238449,0.2680848768568305,0.2686779124961011,0.2691188465167531,0.26962954780380166,0.2703076436280572,0.2709373625855301,0.27158731047894763,0.2721081529493263,0.27245166718844854,0.27298017807280917,0.2735446039249617,0.2740840154117261,0.27486137513742737,0.27542556336659063,0.2756219648149128,0.2761144951517261,0.27691940413682875,0.2773729238034005,0.2775451370993309,0.2780818432195611,0.27869061303517767,0.2791548423476485,0.2798899574607888,0.28052432082937795,0.28083363549653845,0.281225617386666,0.28181626043219776,0.28229477268708886,0.282499057125933,0.28293276036179477,0.28365818900545964,0.28412252408312266,0.28450911494313413,0.2849435582412006,0.28514834462404975,0.2854805981095013,0.28612103552057744,0.28650641362292384,0.28657866836481305,0.2869528215373728,0.2875312153262881,0.2878524380305283,0.2881197162711764,0.2885450022552767,0.288989318749713,0.28919271247967243,0.2893576819645132,0.28963912300114514,0.28967481284570235,0.28980994114813957,0.290279142684598,0.29059818492017986,0.2906693651167871,0.29090073486860496,0.29136557948860625,0.2915870763529442,0.2915970232494463,0.29181742222606905,0.2921233133123632,0.2922631783629598,0.29244242064295994,0.29262220786792204,0.2925649169017522,0.2926438014145253,0.29296658324863695,0.2931128471431132,0.29316940907508837,0.29320948063763563,0.293161259631574,0.29315710164047987,0.2930951776275505,0.29313233011514944,0.293290340206706,0.29335646930085046,0.2935093457205074,0.2934896648900439,0.2932240915420992,0.2931396126198073,0.29313588703014654,0.2930091160067437,0.2928106612585989,0.29278311047263905,0.29277396879491463,0.29271013079338154,0.29293222035060174,0.2928258716102748,0.29228619775000686,0.29205706932863784,0.29188587457826487,0.2917188521014183,0.29175718841467535,0.2915961245267786,0.2913268034212009,0.2910169330413027,0.2904898095110643,0.2902417495848105,0.2901684517151233,0.2899605567659728,0.2898542727692294,0.2896555623747955,0.289227740962342,0.289019892460632,0.2890367592768696,0.2888265186111567,0.288607291113889,0.2882683622441451,0.28759348658012923,0.2873235988282645,0.28732090412728184,0.2870424672057225,0.2868161172237934,0.28657576236906224,0.28610561703248316,0.28584019562864665,0.2858523039328363,0.2855504942121362,0.28501756398371564,0.28463554012765135,0.28426123836259315,0.2838864885152539,0.2836147880809902,0.2834692412034771,0.28277853877976006,0.2821330322105762,0.28208405170798,0.2817279913907795,0.28088955089712053,0.2806193037134584,0.2803960327851854,0.2798034636356126,0.2797164687029249,0.2795511313494185,0.2787206516188376,0.27802042833217344,0.2778497113548476,0.27770934023475924,0.27737336554734576,0.2772486364740427,0.2766918781981572,0.275768898108689,0.2753740241057658,0.27500675136948716,0.27468806742110025,0.2746037418398256,0.2741931169263799,0.2736679719473549,0.273116885394961,0.2720703032620555,0.2715617745962038,0.2716307861538587,0.2712020182233808,0.2707241405816729,0.2702577493133578,0.2693976552730064,0.26885596857159827,0.2688155112509808,0.26825412884184663,0.26726059861618073,0.26662102690795364,0.266014848112525,0.2654672708445969,0.2651197563767921,0.26455834693098207,0.26386822753849404,0.26326663884495005,0.2626800490719291,0.2620912382273311,0.2614601594299795,0.2609868723336476,0.2607181919153404,0.2606671578897529,0.2597167609526608,0.2587750018734139,0.2587024601963857,0.2582426491686321,0.2577718360834673,0.2577453228599072,0.2572273318261919,0.25682425970925354,0.25678460310070744,0.2562374800717228,0.25571443751684275,0.2555360308653377,0.2553452346953681,0.2551985310103821,0.2548057941270822,0.25416380656769005,0.25378521238686597,0.25376247493818377,0.2539541508909827,0.25405544362655974,0.25384901868619764,0.2530129281871637,0.2528189352585273,0.2531914548768712,0.25314014569688714,0.25298224750579756,0.2530657182517623,0.2529668434502859,0.25291696152196147,0.2533893141167094,0.25355219108045857,0.25324005398737465,0.25316748548675955,0.25337470280983265,0.21537166890815873,0.2149040798261245,0.2149010918690225,0.2149029372896892,0.21417048606113628,0.21388833793937354,0.21422008367515982,0.21429508366293523,0.21428527825496888,0.2143262505222248,0.21430272078138515,0.2143665340127916,0.2141003407522382,0.21512389135914725,0.21513384469706245,0.2149117222962628,0.21513404281255127,0.21445626192340905,0.2140428479647468,0.21357875606436255,0.21368067330312526,0.21393493140369368,0.21414396119378484,0.2145053086235621,0.21486797121921122,0.2144554396146677,0.21361955154375292,0.21350952284649036,0.21410889807998537,0.21395643460759786,0.2136394514149183,0.2134809881181277,0.21327346318234292,0.21243320717268774,0.21177387728535713,0.21196720095384397,0.21163389870728966,0.21121066782363515,0.21079283244345193,0.2102558829187208,0.20972332483089492,0.20908874083616727,0.20883803150096977,0.20795472727890618,0.20756860710431957,0.20744885719035394,0.20662053867868568,0.20610926998162632,0.2049797592279249,0.20338381611095907,0.20060968255475273,0.19891185262766378,0.19826502028805673,0.19737343580076644,0.1964577977585342,0.1951873429021399,0.19293957508213386,0.19076635781395318,0.1892043258588434,0.18753547197106393,0.18558745197752194,0.18334176225637094,0.18076923423840807,0.17809187554706743,0.17540135177118357,0.17242095439309313,0.16920679246762324,0.16609264832864384,0.16316769768395037,0.16014742734390783,0.15665170484422172,0.15301036883699465,0.1491960900016857,0.14527634614080553,0.14086460980041304,0.13713804838629254,0.13442633532505077,0.13082828367928,0.12671997714017189,0.122799620659344,0.11863723127315258,0.11477794714544351,0.11097297537869014,0.10787833101085512,0.1049845607624324,0.10161621988716972,0.09807108921178563,0.0951863896068667,0.09234227555619129,0.08914845717071748,0.08667443088454556,0.08446858909231465,0.08207029454604575,0.07947022018336691,0.07749577288616212,0.0755988243369371,0.0736380979773536,0.07195267183773874,0.07065502886204444,0.0697309568575805,0.06888150555649625,0.06795658175819047,0.06720945491876588,0.06655505472605935,0.06600942974857026,0.06498048693556388,0.06427586707581787,0.0639513308984981,0.06324627303224287,0.06276163700357044,0.06269804281484397,0.06255053327186437,0.06239876912853983,0.06244132490494606,0.06237143052407549,0.06220025619540235,0.062018195021552494,0.06210205996548553,0.061755499100518495,0.061815455138177995,0.06183215907858327,0.06156691958484393,0.0614299962240049,0.06137530242456118,0.061329840509193205,0.061340396999609796,0.061491497113186834,0.06169606696585022,0.06122073329787666,0.06083805307336048,0.061154759125160746,0.06097003826899742,0.06089992834139745,0.06135512991945415,0.061550280400568154,0.06135740636938351,0.06122391513362818,0.061198692330506746,0.06135248130794548,0.06127828461739381,0.06154292887479178,0.0621873578577513,0.062158321734274796,0.06191771710684061,0.06173943569425688,0.06180332136353107,0.06265450953084523,0.06291452281350435,0.06275721409440875,0.0630119371934571,0.06352729857716355,0.06362729578405228,0.06341987670145732,0.06417253692850013,0.0645748259007361,0.06426433970217328,0.06446016947493476,0.06472559451551789,0.06505259489163419,0.06538044765078567,0.06559572191293078,0.0659830371690202,0.06635188387852177,0.06672558909994751,0.0665534859698477,0.06691931611607341,0.06725805660748538,0.06727721614362674,0.06773641427699423,0.06800821518974424,0.06823115256012531,0.06864062396833137,0.06918524026634602,0.06928854065620382,0.06923705629486475,0.06949974219782656,0.06947071495314239,0.06987199057626614,0.07056028847494497,0.07054720288873109,0.07036650035719105,0.07049846275192362,0.07081195129384979,0.07162122954988841,0.07206789556458403,0.07235688712918516,0.07277973860863944,0.07343616230659508,0.0737790999334749,0.07374504531224595,0.07416038963886808,0.07509841236694767,0.07523768559276965,0.07497307038808307,0.07541641460834579,0.0760752625947819,0.07660389355993737,0.07718617041029106,0.07867722800693856,0.07939915015265624,0.07943884616113374,0.07964327674146773,0.07950924523198767,0.079956148209319,0.08097076000350875,0.08135034593241051,0.0819434617342938,0.08298038273224337,0.08352053893704556,0.08352202277628382,0.0836655563493769,0.0836728232960185,0.08395152881681624,0.08423912245675952,0.08451551964664938,0.08499460009574283,0.08549515061684641,0.0856418837960284,0.08632851415274145,0.08758169601531063,0.0878851094218978,0.08813788310591843,0.08779704479958877,0.08833379428269185,0.08933414504700071,0.08960088981267923,0.08981164975950884,0.09028485067876132,0.09007918497180106,0.09029236353013251,0.09122211485303931,0.09224182422579844,0.09247507499467997,0.09281710670548673,0.09348885343733637,0.09452926248655286,0.0951507847573623,0.09589734419029528,0.09642841790864973,0.09683092801595305,0.096894747893153,0.09630305932440675,0.09638438743395193,0.09674732368095204,0.09683808465639278,0.0971347336547389,0.09734173929824105,0.09790353070649768,0.09815772921618635,0.09864768676409179,0.09991758937302553,0.10043678011041152,0.10012456900365165,0.10057638008321496,0.10154209145013295,0.10191691714824354,0.1021863932351672,0.10266088151448298,0.10278955089349252,0.10299917670486233,0.10354079598824276,0.10401574354221632,0.10453367583438918,0.10494095383078754,0.10537274584783761,0.10587480748118842,0.10649637964412668,0.10722601298377071,0.10761149022945471,0.10796897519381768,0.10838471967034895,0.108461410794715,0.10864135328759505,0.10895152592658726,0.10942809443111316,0.11005055579266233,0.11037131070356866,0.11085715300847843,0.11185236797619008,0.11198633518023993,0.11120084813571114,0.11160866803629792,0.11247783043047099,0.11279591425474582,0.11346537583002611,0.11402800782805456,0.11381983629424489,0.11410010814705582,0.11540241347702566,0.11588649749861958,0.11535659123651815,0.11568091740127448,0.11651226065458738,0.11680011561720283,0.1171738461637054,0.11813012481007204,0.11851260697854597,0.11795349397657776,0.11841054612688297,0.11984248154391111,0.12009257609514556,0.1197723239459398,0.12003259039781526,0.11988080071439523,0.11998335259168237,0.12104147607127763,0.12146669389286775,0.12108702837919741,0.12108192978507665,0.12206294064515731,0.12269814337830652,0.12299462011863355,0.12329068649483513,0.12398873040628137,0.12441933985215216,0.12482754796492922,0.12609188994553155,0.1265302625119845,0.12556696111551405,0.1258996972861064,0.1272331899121646,0.12774026982229442,0.12819475121575394,0.12874339364027515,0.12884198661970914,0.1290428616871802,0.12910769733400612,0.13004832985018605,0.13066292311641955,0.13133673872060034,0.1314856616951892,0.13156330031017,0.1316211582608844,0.13092304228575283,0.13102760136037225,0.13206032532101036,0.13217852723417686,0.1313895809102866,0.13185637412260762,0.13317719074657688,0.13353017458401592,0.1340571923752699,0.13470463064401783,0.13471784301282871,0.134575478776681,0.13470584150657583,0.1347679992667538,0.13520721731423926,0.13529070558606274,0.13546159777060313,0.13654466360134315,0.136787326356354,0.135968955382914,0.13584213520857089,0.13595087527565403,0.13614195580319122,0.13642607259435027,0.13681389178409972,0.1374843651111966,0.13793737798733463,0.13854401879643907,0.13881828177524816,0.13879640609112376,0.1388111788395237,0.1385202324004178,0.13842874680342526,0.13819198577410788,0.1377314163527737,0.1380010795004426,0.13863627638537981,0.13887463390698393,0.13957666948302505,0.1398331564716766,0.1392685707593074,0.1395215005181924,0.14070385896802623,0.14069703945521786,0.13987451125331185,0.13986817071212554,0.13967831090933353,0.13959821320873633,0.14029055326271986,0.1407494185351606,0.1408094536887848,0.14082937310453125,0.14094879952177752,0.14134898655320227,0.14120809180243574,0.1404455733681868,0.14052354129950234,0.14103671866618023,0.14081953983771509,0.1403389916976088,0.1405177337931669,0.1406155464509729,0.14061962286289495,0.1413341689420906,0.14165240256366865,0.14119910637769592,0.14116859708815374,0.1417302487879654,0.14191262129505913,0.1416405158382643,0.14171727778006224,0.14204296985579998,0.14208508958891447,0.14231921251038263,0.1422903502712121,0.1418339719565305,0.14139248808190005,0.14143370276123013,0.1413066785577733,0.14100106853343947,0.1407222038780606,0.14061136232366456,0.14014396654133246,0.1402264439730993,0.14116418045199566,0.14121994472859464,0.14060945741413147,0.14070979265902225,0.14112133242042954,0.1410997485554991,0.14113080068841602,0.1414739054198206,0.14196882279277628,0.14156370513629066,0.14112137662364133,0.14063262629244655,0.13859059814042346,0.13783116613362628,0.13849548919006224,0.1383063104364006,0.1375607547309549,0.13793968092849176,0.13758684279800332,0.13705292240114242,0.13722111396196582,0.13713087400372323,0.13727888417479742,0.1377767013793476,0.13745901235324523,0.13658427117880872,0.13668612376909675,0.13707633553238843,0.13648682791360578,0.13632460272054048,0.1356098969185397,0.13316602964391488,0.13211186928461555,0.13204919558725617,0.13150649916322574,0.1306564741993916,0.1304150005825081,0.13119567304117327,0.1306527131900727,0.12925281180050746,0.12877049135103003,0.12774428843292615,0.12720341590593987,0.12836723116032417,0.12831801393878767,0.1272406082166142,0.12639329069651237,0.12658145322805753,0.1261638167438753,0.12541350325843237,0.12592721570123072,0.12577464031670052,0.12535704708935042,0.12673558599773457,0.12677451977027654,0.12624389330006427,0.1247563130589641,0.1242944212687067,0.12399382958081806,0.12270894860045063,0.12078101334244258,0.12023076730804358,0.11943946756570707,0.11875624477958516,0.11958197540016018,0.1198606515316571,0.11915079803427849,0.11880482722162479,0.11932498340886472,0.11962060372915428,0.11938638665477673,0.11933443441234261,0.11985077441518346,0.11955901929507463,0.1186360600727564,0.11811239404220354,0.11727408473738063,0.11689669395760338,0.11740658130728333,0.11670061749420842,0.1146252514221898,0.11421854786848072,0.11463783464318632,0.11415188955000727,0.11349411876090922,0.11392973055795959,0.11402936547598287,0.1133232474020071,0.11289062209696228,0.11317989145647914,0.11237666992984453,0.11128362992636757,0.11178293110776677,0.11255910035504413,0.11242083024253055,0.11172717335918138,0.11100790343213938,0.1100086362167454,0.10976664951718378,0.11007672731513357,0.11011405913780886,0.11078779418792262,0.11049133385201088,0.10927302790541601,0.10906812669909001,0.10850383618944114,0.10866161225773456,0.11044113912180221,0.1105961166303447,0.11016536943295993,0.10996697498826732,0.10897143615204724,0.10819888098129449,0.10728633311930094,0.10768373587701557,0.10931971901795182,0.10902474833730653,0.10897633270284332,0.10836766158866791,0.10473061561977969,0.10416633075006881,0.10652804649714666,0.106388087142973,0.10587461813562982,0.10568035320205231,0.10369846697365022,0.1034826069128485,0.10617358271878892,0.10574879345725204,0.10316002266211093,0.1028610870037766,0.10256314739102125,0.10145684174407653,0.10115796981444798,0.10079961413339535,0.09866738190258752,0.09840650830024168,0.09766668828106596,0.09721062274383786,0.09601329273400074,0.09491623752277811,0.097292881826507,0.09896682112468749,0.09807379445496853,0.09773671276075664,0.09660303619670524,0.09642978584050493,0.09707744178510036,0.09601901327121211,0.09739962323073277,0.09786071077415474,0.09445918918341058,0.09468607961111587,0.09771179911656379,0.09659167271941319,0.09584649919005139,0.09745784774716909,0.09293841867570012,0.0889442587266007,0.09239977420693163,0.0935119272335074,0.09108296484251986,0.09095809875775203,0.09122074880879351,0.09157071930224223,0.09201566529320787,0.09123785374566173,0.09193644820510175,0.09177349558674461,0.0908746205180777,0.0914068198878076,0.09099718962946458,0.08945948364111589,0.08805506582186168,0.08916552732962656,0.09031643112119395,0.0889931038888114,0.08760661592569932,0.08762426645163808,0.09019297066858813,0.09009763171431721,0.08712829607242072,0.08802275285624174,0.0867820763748889,0.08442208815276965,0.08467259899073383,0.08268210668165539,0.08204982847299692,0.08088399352706044,0.07905155607506259,0.08100584761558656,0.08175746119057674,0.08088284292163815,0.08294426800801219,0.08668263010978218,0.08578403841625618,0.08056025985319182,0.07855860020611383,0.079924315284444,0.08127735147249873,0.08256286796526784,0.08075098140242255,0.07569583324647833,0.07516448936655057,0.07867723013764417,0.078847692258635,0.0782148407037776,0.07941761774001013,0.07936436638830373,0.07988361632883634,0.0818108353147326,0.08180682582916059,0.08068651586413104,0.08068816640767734,0.08256204351464314,0.08202017192856703,0.07940905952822233,0.07681745719368228,0.07188543158343288,0.0712533396700302,0.07107342648112121,0.06714928550047877,0.06872827512685942,0.07206271225826842,0.07190599244552474,0.07402378881659297,0.07591916813129752,0.07104241971663361,0.06563421067155918,0.06537573557152955,0.06990941487010616,0.07443054856718494,0.07302354785847455,0.07239224807326375,0.07324852121993461,0.07173825429917535,0.07120570855689466,0.0692057986539846,0.0689519288599334,0.07072515598132784,0.0717519813594365,0.072051679840778,0.06846476893714588,0.0671860838261795,0.06908697740666946,0.072109740637401,0.07041012477911512,0.06370056966158075,0.06490027151634253,0.07155009842845379,0.07136279159878973,0.07213439636169193,0.07107541207011997,0.06083186405521783,0.06008932478850633,0.06669554066267468,0.06681338768075883,0.06797432369401916,0.0708347450065889,0.07243834168977616,0.0707593763745051,0.06755946288222918,0.06812334524796818,0.06725123085984691,0.07369482707786458,0.06986767164409081,0.05850797322339335,0.05784871290250164,0.058670994440234776,0.06312758452003411,0.0661268632886031,0.06066759204299088,0.05257640823031736,0.0505483488072475,0.06410786779747037,0.0770952140550391,0.07803407378710668,0.07705860421034341,0.06822131254387366,0.06032634598675422,0.07068533911014978,0.07353916192646838,0.061843205134650435
33_5_PETVI_1_T_1_00000,0.09470807644588877,0.22400864844714774,0.11470427100867922,0.06784615929018042,0.15600005087858068,0.11253935788702449,0.09869774911995989,0.12323247823873554,0.13884125974380193,0.15045115884692944,0.1522213111650262,0.14230300057191658,0.1359538870501742,0.13668651335310908,0.13938052427408926,0.11993101287898073,0.12935860379736294,0.14051137972254574,0.08097575943356655,0.0889286953257503,0.12263536701758226,0.11006237979147908,0.10441503251454867,0.10802595570200851,0.11690363192573862,0.1239815550806196,0.12497099465132429,0.11666636756179674,0.09627350782195364,0.10382861975651667,0.11728985458906041,0.10155639040217584,0.10267127251715895,0.10854740666643035,0.10727333853353224,0.10999247336939333,0.10687950701479475,0.10053666237807855,0.1103212972074606,0.11315229900893231,0.1076619879015402,0.10161686470559644,0.09836774081641639,0.1005247433508953,0.10670421895652274,0.10188667638254519,0.09234235750467923,0.08579741456740364,0.09283612896499734,0.09713758508812126,0.0965346574760115,0.09678623441437298,0.10544748802350727,0.11213328277091655,0.10623279089240548,0.10618024079294802,0.10444200029281567,0.09776254683254894,0.09703611999565354,0.09913124299513565,0.10141711845465376,0.10122133406631398,0.10221899057254961,0.10322478587605861,0.10209468502265258,0.10559234251478133,0.10866251630633325,0.10643558454529663,0.09762138465226755,0.0979869573506716,0.10766574090522911,0.10188881258994238,0.09691418136053997,0.09791974553696878,0.1053708737472534,0.10536336737437955,0.10190396346037528,0.10214341752902317,0.10466540437121738,0.10497777948499466,0.1019882745275299,0.10320848674399809,0.1040992930743637,0.10340581984268454,0.10272707643399312,0.10423236851440562,0.10643253111424189,0.10640796591248346,0.10464277049202438,0.10460692996782357,0.10809811094184489,0.10826433984276865,0.10912495781143325,0.11176271892137071,0.11100784727849684,0.11121499757804756,0.11244465849780333,0.11196008839976802,0.10999928968145939,0.10938968588498732,0.11255182023008423,0.11156025354301306,0.11038908918152433,0.11224292210533668,0.1141554072670515,0.11485254719884995,0.11396716247982408,0.11193689896283826,0.11187642516893272,0.11275957072804994,0.1115731563961729,0.11404825784368727,0.11660221364062413,0.11505037846264453,0.1134191840305827,0.112344132185578,0.1120357949198014,0.11256689991712136,0.11333170410782378,0.1138448668279151,0.11357244946539992,0.11515441931056813,0.11701673083180765,0.11630834817226607,0.1158583605379585,0.11567001450525942,0.11544692794287968,0.11582604043084452,0.11458037700834164,0.11229967562585215,0.11528129250700546,0.11711597324860509,0.11640808603778066,0.11475603294069733,0.11555616441048074,0.1165524815601349,0.11458719511653678,0.11422072120460476,0.11459419735418482,0.11466649072600663,0.1147563188864099,0.11537476878489429,0.1163423637775367,0.11640295953967832,0.1168848238356753,0.1175440796937925,0.11740382366699934,0.11741923052426681,0.11719268185823159,0.11650235810768567,0.11800183102648701,0.11930375056995966,0.11907763006664904,0.11908247539711748,0.12068894569171744,0.12305830134546916,0.12279475726991787,0.12193789045284266,0.1220771369470928,0.12452954616423968,0.12636306763716595,0.1275833989287176,0.12886967192637921,0.13136425956915326,0.1329724471398856,0.13319521382768695,0.1349600235675843,0.13664029907026767,0.1381918953798581,0.14074746584148537,0.14310436929882692,0.14525784913255677,0.14752545061168734,0.14945235833193057,0.15110377095627342,0.15264479805742237,0.15414490049474835,0.1565514484663067,0.15953455193222654,0.1603474669145982,0.1618853130522977,0.16423154408475285,0.16573639239065802,0.16694758094189385,0.16806265815475682,0.16915963898287445,0.16976663335675948,0.17044674347995153,0.17159511629538796,0.1728504934646303,0.17372934230960357,0.1742200051131565,0.17502604496292587,0.17527851754060184,0.1752077202148061,0.17561698754357663,0.17619987288994574,0.17671920353055826,0.17697031086315965,0.1769181922476692,0.17708649978665683,0.17766891657213857,0.17795783247895758,0.17797760716652208,0.1777372224735911,0.17717997079889292,0.1771466134201147,0.17722516589928164,0.17645741319302255,0.17603765981213934,0.17556833184003423,0.174526396844098,0.17346225792824377,0.17248436107879345,0.17161244744198426,0.17081906863615026,0.16977080071869036,0.16848217803034093,0.1673121828072469,0.16612942150272225,0.16489832970383766,0.16358854319562963,0.16194888266854454,0.16034991119074543,0.1591295031627455,0.15804160922275853,0.15675256321404923,0.15527206739890345,0.1542679471739561,0.15336125188060568,0.15249647174341532,0.1518258386156531,0.15068744991254265,0.14967001142266292,0.14958202124994446,0.14919391778756355,0.1483204155299006,0.14708611469955385,0.1460106182268945,0.1454185139808772,0.14525470444705882,0.14490703458406914,0.14447596445376862,0.1439319099479078,0.14322017535448947,0.14261498274390388,0.14227814292822483,0.14225455429960263,0.14209830573369434,0.14201423900233054,0.1420812322421568,0.14183799279307135,0.1415380025846878,0.14124437358284472,0.14081598172232596,0.13997446437844738,0.13897632899266785,0.13836067215639952,0.13813602095425107,0.13782065509578237,0.13705333426194752,0.13680677565861923,0.1365132244472235,0.13588871526186616,0.13559152663331953,0.1352240293418972,0.13459195477518865,0.1336387582909506,0.13305114428234735,0.13261684632033244,0.13182644272100902,0.1310317916676094,0.13039329621317525,0.12994736391503625,0.1293472883383438,0.12909941936144145,0.12923346332663627,0.12889419819356948,0.12860081043282393,0.1284164693353159,0.12815570090925688,0.12778132661947317,0.12738466592610517,0.12710768660589844,0.127120690696523,0.12689501671192452,0.12622110766878641,0.12589317379538317,0.1258157921569967,0.12573530323668825,0.1251446926308222,0.12458020266135857,0.12413577512138303,0.12372585405496163,0.12320667811055552,0.12272368649542792,0.12234035574696589,0.12144881267493145,0.12046595769155971,0.11969065340570514,0.11913986219998277,0.11865004742783249,0.11817436494727762,0.11775337508343359,0.11708978367228147,0.1163152109754137,0.11566831097093613,0.11498050636444522,0.1143257332194931,0.11371542581440272,0.1128977602127693,0.11194379630583975,0.11097015557540559,0.11017593069223058,0.10944391701887843,0.10876617519846381,0.10818618961169263,0.10780455079922206,0.10744406527342373,0.10694587312321074,0.1065372258535953,0.10624704439091975,0.10607988059486219,0.10604230311014562,0.10601574352863567,0.10597100961789256,0.10595025662798596,0.1059964135423875,0.10616276759441713,0.10648834048168827,0.10689171761534037,0.10732328081585166,0.10776764867846583,0.10827013280961191,0.10886244550089164,0.10969935637796212,0.1111583662927685,0.1126251262045875,0.11423142920626919,0.11643291074640014,0.11892404858507083,0.12164409849316633,0.124662960118002,0.1284765255483664,0.13283889760822906,0.13745315623205792,0.14191660708943618,0.14690190005189507,0.15251840357029886,0.15850539432671915,0.1646773259738178,0.1708776463512346,0.1770555337814117,0.183637263245034,0.1904010184092571,0.19709310181404163,0.20346124713899444,0.2100837371001818,0.21691428166198917,0.22323031061468554,0.22966183481598793,0.23627915300111307,0.24290713975894604,0.2493682214402825,0.25567519855273146,0.26186117355586297,0.2680430343196121,0.27407659962217307,0.2799322679023456,0.28581042432619835,0.2915241508482151,0.29702424121481436,0.30235506546734453,0.3076462227568099,0.3126674578438172,0.31730155460465737,0.32210617115491946,0.3265338877474603,0.33045529095120096,0.3345281467814962,0.33829126760284417,0.34177443700057497,0.34525549788431836,0.3485169552349896,0.35145803216793814,0.35406129967936006,0.35667703701739123,0.35912798605937873,0.36128313226237313,0.3631504740744051,0.36509129630259435,0.3670490551282014,0.3686494112999273,0.3701902516966722,0.3716029865883182,0.37278816622641514,0.37407125981708983,0.3753402485335176,0.3764268189406796,0.3770428227437129,0.37780524537005117,0.37874836269221723,0.37941527692898674,0.38019754397594324,0.38089795709012825,0.3812379473908552,0.381681438587131,0.38226114729726757,0.3828178449592079,0.3827511979217872,0.38296466681068503,0.3834651861774469,0.3834413763167349,0.3836042261179512,0.38393466012820376,0.38420647455878915,0.38442729798366687,0.38460188491341907,0.38471438732982643,0.38463431955006816,0.3847906049962857,0.38514749914007684,0.3852315091259278,0.3853133473456182,0.38536189643162577,0.3853037200794225,0.38541278124150724,0.38541961439020855,0.38526334189740513,0.385604835324502,0.3856635989103469,0.3854318397934802,0.3855650234744945,0.38569570598165376,0.38569167668225784,0.3855403301329248,0.3855988829194325,0.3858192187339295,0.38604966663925644,0.3859575279698793,0.38593858084872007,0.3860446515262068,0.3860772057919583,0.3861438857043206,0.3860989711960194,0.38583902670216147,0.3858446974116434,0.38590124675334536,0.385866870320701,0.3858280497756441,0.3858194158833469,0.38584570927783185,0.38588413786773634,0.3858197908443454,0.3857815483194857,0.3859065545937791,0.3861472182308725,0.38620119313160023,0.3860410434492273,0.3861040721470964,0.3860569811427503,0.38592714840876813,0.38589928830511044,0.38599247688591254,0.3861282377160385,0.386192514565505,0.3859940034576824,0.38586590000500515,0.3859188537778536,0.38600926749170744,0.38610006411178655,0.38612745794337766,0.3860599937094571,0.38614737192973614,0.3861686628314146,0.3860110678986461,0.38592336900897845,0.3860164464309899,0.3861836755213514,0.38613864856203,0.38607657968141407,0.38599570744455086,0.38588898868989974,0.3859332886205075,0.3860725535078758,0.3862172676691164,0.3862351657005596,0.3861713867160923,0.3861904584111826,0.3864842922110426,0.3867462403260002,0.38665722692787474,0.3862366484658309,0.3865427289186937,0.38664163671784957,0.38642376561111497,0.38656683322598184,0.38662875449753203,0.38668284471877523,0.3868639456414883,0.3868286933630842,0.3867825354977807,0.38683036454485675,0.38682744228717275,0.3868318661526943,0.3868945153534438,0.38705420342171826,0.38716248151935373,0.38716188339993457,0.3870773193521462,0.387099582677822,0.38731951791427643,0.38758418952825396,0.38750402188393396,0.38738380325896016,0.38741691503253145,0.38764914470465334,0.387510706100835,0.3874057717466166,0.3875457996353338,0.38780340107393213,0.38759599476648293,0.38729697057392026,0.3876110739714727,0.3878862357653715,0.3879962220553133,0.38798047717805845,0.38815740896440526,0.38798123316652305,0.3876542663826355,0.3878531364969089,0.3876634361550262,0.3875211334268421,0.38781831012178886,0.3877290770675366,0.387822782082027,0.38808627322763295,0.38785692670862426,0.3877985765041078,0.3879702539844102,0.388192665550108,0.3880168279770679,0.3878890403227974,0.3880081193840411,0.3881359017253013,0.38798222305457875,0.3877179195786406,0.3876956528550644,0.3879370344341633,0.38802430493527706,0.3877666794592052,0.3874783765110045,0.3875870130142084,0.3879173409899365,0.3879695530765207,0.38791515372788454,0.38787947308151244,0.3879135913768126,0.3878928829732494,0.38769076485139886,0.3875335447836866,0.38784843969009963,0.3877702355872061,0.3875114159426223,0.38739677277407203,0.3873737766773783,0.3875055879122356,0.3876928023284413,0.387703516395524,0.38780166364918633,0.3878512073423476,0.38771176898302995,0.38754148958080376,0.38755104110690136,0.3876575987233103,0.38748573418762,0.38743282517520894,0.38738460393289986,0.38719009788136255,0.3871190302475538,0.3869920423646655,0.38682849166104527,0.3868785957786493,0.38661204006630007,0.38660175131134333,0.3872574622512097,0.3868148243612444,0.3865671952983785,0.38675320002932206,0.38628394069905053,0.38604195269652625,0.38627354756772714,0.386796694054957,0.38635382947892116,0.38597827495149034,0.38594420216583514,0.38557415444876214,0.3853616543321869,0.38510949815950735,0.3846663652534207,0.38489951625089075,0.3851552879379285,0.3851066131770211,0.3848304256585152,0.38470445755000937,0.3844559571878781,0.3838841682729045,0.38371777798655526,0.3839402870157518,0.38408567370233687,0.3833239328425311,0.38264100533629014,0.382515366487121,0.3829508611148971,0.3828539722120305,0.38238042378651477,0.38211444126591576,0.3828591355168487,0.3828753525421248,0.3827634433661294,0.3830146368580144,0.38249223318659353,0.3821834764090264,0.3822618220535593,0.3824001318145214,0.38249947626349495,0.38224894799908826,0.38180173559636105,0.38246152995532073,0.3827382878404383,0.3825028846525374,0.38229135574687645,0.3828643644841873,0.38287043628175726,0.38200837157548195,0.38191651822772665,0.3821661989046576,0.3825214896822966,0.38272797350806537,0.3823625607471762,0.38236409072396776,0.38299024173436264,0.3836627529237028,0.3829477121770856,0.38266776693118304,0.38409774421152243,0.3841876200614303,0.38310719465815557,0.38229331327851257,0.3836695943381229,0.3834956526122574,0.3794640291704149,0.37975655252212187,0.3801111116632694,0.38050175297568223,0.3809433614107345,0.38084359176487176,0.3807815053964221,0.3804603843141227,0.3801755917463693,0.3804657775593437,0.38096582059283446,0.3817193883392934,0.3834086481064337,0.3844986616397419,0.3846447551221872,0.3847976002597881,0.3843244188733614,0.382656958652963,0.3808621968869521,0.380591148864711,0.3811060851192193,0.3814389960213942,0.38244433297485075,0.38292058783001204,0.38269383813999175,0.3831957818362585,0.3834486600986292,0.3837142827711242,0.3839561584463399,0.38430760473433034,0.384759849022036,0.3849482905802387,0.3850443921690721,0.38552027032631603,0.38541699761686554,0.3848730043846489,0.3849261039278044,0.3851330315983735,0.38458487303101496,0.3842227323236565,0.3846472173630561,0.38486761569507194,0.3847757314462379,0.3851525102819752,0.385330013358336,0.3852743835731138,0.38455588649808636,0.38503642053886905,0.3854814500688066,0.38508725692601586,0.3854211671926268,0.3854091915326932,0.3854337860566452,0.386077835595661,0.3859549732730666,0.38581585438164423,0.3859743595099793,0.38571645343087435,0.3855748184633961,0.386115840119796,0.386383702437996,0.3865162947497604,0.3864735794202063,0.386852247146623,0.38652345388177567,0.3860021371343719,0.38634509615474666,0.38649439975249683,0.386709363084531,0.38713334438736186,0.3868001685397082,0.38654315977682746,0.38662232874352653,0.3866366391471247,0.3871230122135159,0.38734095970471627,0.3877045355881314,0.3873660923308526,0.38705316006801027,0.3869423397947874,0.3866119359806488,0.3868068037108862,0.38715806005967557,0.38672155336313857,0.3866203997314386,0.38699997962194843,0.38725555259170974,0.3877136370569741,0.3878597776333487,0.3872323340906725,0.3871995626316959,0.3875377534967884,0.38758175915586923,0.38770560953985506,0.3878067649917516,0.3879422722059858,0.38740686127072405,0.3872244245471418,0.387797595617642,0.38778664265491786,0.38748526076150935,0.3878067372793158,0.3878470810094995,0.38764455941147125,0.38807250912301383,0.3881671837838429,0.387939211302021,0.38784596593260523,0.3879670531424313,0.3875617800714916,0.38719355595578964,0.3870531886543298,0.38711564658438175,0.38753651039498743,0.3877914463162057,0.3877337896827981,0.387414205379363,0.38698144812353513,0.38647570377837154,0.38596564924774274,0.3857832454010605,0.38605251092201825,0.38579175177108155,0.38537361790158997,0.38516893313510037,0.38491817228282976,0.3843456645468262,0.38412060895475914,0.3843741354305326,0.38428298829237295,0.3839209952024746,0.38340498726433997,0.382434430316473,0.38183508190401966,0.38155218768218163,0.38113396549533196,0.3811308812453556,0.3806207297251065,0.3793363129785383,0.37866987674739927,0.37839929177795756,0.37767794869315485,0.37675106967354643,0.3764457413503301,0.3758306516517985,0.37447542367408393,0.3740577228609612,0.3740421021560429,0.3734105867912295,0.3730209418186369,0.3724323070346004,0.3713244385110483,0.370705219304847,0.3704890880329631,0.37004838573884663,0.36965175481413526,0.3693816891894739,0.36922288523506536,0.36875545217645767,0.3681435539085758,0.36784591985537507,0.36748416857117067,0.3669851749626354,0.3670959575028909,0.3673262573552203,0.36701954236386364,0.3669665306339822,0.3670521511545489,0.36680784293369845,0.36664470271021626,0.36648593775848726,0.3663832978551477,0.3662562598539912,0.36622834303312896,0.36634809928942547,0.3662602271318019,0.366124124163176,0.3659740104930399,0.36567632962715557,0.36552057229628315,0.365605809074139,0.3652587890948831,0.36493403043624745,0.3650691383706981,0.3651665316354022,0.36517133513485045,0.3650563262420494,0.3647760079887505,0.3647233800347733,0.3646740501436554,0.36461425068938974,0.3647642446636942,0.3646783486028766,0.36422524955666913,0.36416161339289643,0.36437846209568303,0.36440712624169685,0.3645090907044987,0.36451868619505506,0.3645033879570536,0.36452390628089365,0.3647412461793911,0.36484354062628765,0.3648048963139914,0.3648642416280501,0.36487344766693086,0.3649119687191136,0.3649393488894352,0.36490779542470114,0.3649346530522958,0.3649463045211385,0.3650862917695755,0.36528832544224055,0.36549472348305423,0.3659256907346999,0.366136897046174,0.3662438975252347,0.3663702334272172,0.3664373459581563,0.3662650578226167,0.36673641808176916,0.367200227703476,0.36717001218749773,0.36742502718679343,0.3677760845392104,0.36773337287132024,0.3678354356572064,0.3683826065739868,0.3685127812966517,0.3680048766359394,0.368126894291182,0.36872800214893575,0.368849502227727,0.368813808026569,0.36906769239444415,0.3693076971231057,0.36938115745554906,0.36951119564727064,0.36989480299133976,0.36992950934566216,0.36970241726126296,0.369827745272998,0.37009438560833263,0.3700581981324447,0.3700627541999346,0.3701339885884277,0.3701886070042157,0.37028590624272506,0.3705273435206997,0.37062717369903186,0.37059897834959865,0.37071387193888966,0.3709165018836685,0.37101575351874233,0.3711339157951374,0.37127312262144413,0.37131933316643917,0.3713620189448231,0.3715148856702416,0.3715800762932487,0.37154641179499315,0.37143438641159837,0.3716817564035283,0.3719900424563995,0.37169473048201573,0.3714234431686684,0.371556840198749,0.37171976641622206,0.3716052321124843,0.37176414914127726,0.3719209349071549,0.37162612305213133,0.3715120267978662,0.37189458223631433,0.3720165700105245,0.3717098721119081,0.3716689864768119,0.3719496360451915,0.3719909369264927,0.37188728996723286,0.3718495011526207,0.37184171870341837,0.3716733302914445,0.37165307431140265,0.3717050289309284,0.37171666932691055,0.3716584281916531,0.37150809208072294,0.37116109498974154,0.37107027981187607,0.3710442825296543,0.37099689569404354,0.37113865426808396,0.37105581498884405,0.370673804699998,0.37065351484224385,0.37091031865092566,0.370844336769465,0.3707620543144653,0.37069521189131727,0.3704011192924864,0.37016684475037664,0.3700333742204111,0.3699431957833278,0.3699358119509933,0.3696826939839335,0.3691974468669169,0.3690291495698623,0.36893229326319993,0.3685918279305518,0.3682624880446062,0.36812907551896784,0.36790145691920734,0.36743221298844164,0.36705699934664576,0.3668714834996798,0.36659083043863916,0.3661536121809653,0.3657291559595203,0.36545111361717353,0.3649989159834318,0.3642568087212203,0.3637706598266429,0.36351250956679676,0.36300992604580634,0.36252297950496487,0.3618968997201726,0.3609325280501591,0.36020025198562594,0.3596525424462672,0.35894135834440727,0.358148398968827,0.35746252990138994,0.35697124501868316,0.35624346149705827,0.35533790053871533,0.3543442961078269,0.3536312278494113,0.35275142092257095,0.35199752851341537,0.35173084633335794,0.35096372732954034,0.3497706348077294,0.3488394425526832,0.3479174949330952,0.3470705310640986,0.3462894491435099,0.3454906021904535,0.34477149979343663,0.34396088035876443,0.3429689783386588,0.3422357935762604,0.3416848720509043,0.3409918625205337,0.34033109428299524,0.33973452845156277,0.3391684151442193,0.3384423779425338,0.3376431748454703,0.3369959571734083,0.3362311480280997,0.33526889815310984,0.3344533942381086,0.3338004319442257,0.33294040918720713,0.33196411098071665,0.33103169652254105,0.3300888491809388,0.3290849926370975,0.32813725941821403,0.32697838508514987,0.32567727288818943,0.32436331551526276,0.3229742193976186,0.3214768298582211,0.3199264991784597,0.31829214241846976,0.31657184193140336,0.31469044768035814,0.3127744706816508,0.31065797287056696,0.30825475117027856,0.3058834587878258,0.303571749690288,0.3009652746164711,0.2981688975795247,0.29533653523138353,0.2922522516605524,0.28915630259789427,0.2860328013135014,0.28292623940617334,0.27968233644736057,0.27628720538126167,0.27297297915779517,0.26964343475929825,0.26623354268368016,0.2627300425761781,0.2593792905253128,0.25596476105557525,0.25272097289504936,0.24966774465396055,0.2465479948956396,0.24333167546349432,0.2404140529303092,0.23767748636911848,0.23491514999425597,0.23224670045122925,0.22973383098587957,0.2272100778049904,0.22487035360421298,0.222768263213433,0.22073480972920467,0.21879575380498006,0.21692155285504816,0.21510487768006567,0.21348098816478164,0.21206006522336088,0.21057731529668333,0.20913936888030893,0.2078595840078308,0.20649245793718637,0.2053580955370596,0.204510542962511,0.20380753847206942,0.2029471005887164,0.20207057971340836,0.2013870350087061,0.20073504786696153,0.20007298436678542,0.1995152702056764,0.1990740692390303,0.19864645068926012,0.19819413388261584,0.19790622699703592,0.1975781158405817,0.1970530634236143,0.19678264332857237,0.19676856920365426,0.19663808224306228,0.19653682083943633,0.19639738828782444,0.19618317812730932,0.19610239008719446,0.19605692343874898,0.19604473074162312,0.1962209601477075,0.1962204722188431,0.19602828899811284,0.19604630889675953,0.19615763869926828,0.19618396232960245,0.19623924296548148,0.1963788879246019,0.19648649830374318,0.1965997496738491,0.19685944769616867,0.19707113984815708,0.19719145006272729,0.1973378211165363,0.19747091024793714,0.1976884585637071,0.19782053423470286,0.1981932641792841,0.198555839155419,0.1990494249997461,0.19946858765563,0.199894504317975,0.2003573592853655,0.2008266915834551,0.2013286948014972,0.2018454032335535,0.20244807497551584,0.20314486571967103,0.20372609142692402,0.204328927541554,0.20491274035227605,0.20535103030359947,0.20597553961818232,0.20672497731533004,0.20743764689785543,0.20817880889883095,0.20896001027939232,0.2098405841033781,0.2105631942126317,0.21118000507877563,0.21194453808043714,0.2126900074956714,0.2134399001653458,0.21432252189185438,0.2151542862465901,0.21593910936763766,0.21667249471323613,0.21732360096103281,0.21814633313625342,0.21906787919421067,0.21984320327683993,0.2206108927170993,0.22149007745895688,0.22237619410186485,0.22312850231254536,0.2238735956816774,0.22473749563555595,0.22554273988172618,0.22629356365152653,0.22712065487267954,0.22803182201226532,0.22897318486022872,0.2297433717980409,0.23049245452115721,0.2313298864944973,0.2319895523506693,0.23271754060564132,0.2337495776944154,0.23459619503395826,0.23534445234415208,0.2359305447314349,0.23662180473479563,0.2372509709155758,0.23799143825868,0.23881941400365678,0.23955220711200156,0.24028160843001495,0.24102332385146794,0.24174304086153592,0.24242954838760455,0.24314091441761468,0.2438002402435545,0.24436600044701232,0.2450124468087221,0.24569275349041436,0.2463512295981571,0.24705082493178174,0.24765382187243598,0.2481850350697216,0.24877404279551701,0.24930475632307347,0.24992705117770977,0.2506616163180637,0.25129515019821363,0.25193178361693475,0.2525105163057006,0.2529808083091293,0.2535652841217546,0.25417108658857057,0.25479260100667056,0.25555193905146956,0.2561131879887355,0.2564914858963926,0.25707429979002744,0.25769872497509894,0.2582526698357548,0.2589204505978592,0.25950543328640435,0.25997152591354633,0.26042659411057806,0.260876060142262,0.2613524949529265,0.26170772717649415,0.26221000416274814,0.26295095392269363,0.26345594552000073,0.2638135222722874,0.2643071255002998,0.2648419789236488,0.26522577335025527,0.2655067753312931,0.26600068682088407,0.26658423194080544,0.26695334445543345,0.26725200751640954,0.26781008596123496,0.2684386137218325,0.268817938134145,0.2692405734026443,0.269806348868171,0.27021427645451174,0.2705591183018909,0.2711693052610547,0.27165497098604985,0.27170323475414027,0.27205128970596193,0.27277498126054545,0.2732665060069856,0.27358979540665646,0.27407864096176887,0.27469672883362356,0.2751253429197759,0.2754952676813146,0.2759568370794688,0.2762773620035301,0.2766631214767571,0.2772658129049961,0.27776677179227605,0.2780866770360952,0.2785529057328057,0.27920632806965107,0.2796855849957215,0.2801150660023031,0.28056074663731745,0.28084997839014425,0.2812381249917046,0.2817259529275377,0.2821988407701613,0.28273448149464697,0.2831881406679201,0.28353950567203784,0.28401412133422704,0.2846196577752207,0.2850271582349234,0.2852761574034202,0.28572747971388085,0.28624161788575153,0.28660453466514063,0.28709611022993775,0.28751004713676687,0.2875480596862715,0.28784447815111913,0.2884108918248514,0.28884711874741126,0.2893394688313835,0.2897622413099844,0.29002288811436,0.2903830634529911,0.2907691732731662,0.2911804355423097,0.29172676227213523,0.29215096459062356,0.29247048112888985,0.29285514677397045,0.293270190202103,0.29357188511975824,0.2938485757475908,0.29413530147731054,0.2942598164480831,0.2944817652712255,0.2948416343017635,0.2951364119208325,0.2953659331646177,0.2956889896698181,0.29615288449029303,0.2964236262328499,0.2966505572150015,0.2968586857957704,0.2968439953030688,0.29694244127071606,0.29718166984892225,0.29730937769716276,0.2973489552096738,0.2974865629385889,0.29769818207824134,0.2977765703462911,0.29779010841561476,0.29788420529435167,0.29793164004098915,0.2979528007254711,0.29802520442176916,0.29813289152827477,0.2982275874247525,0.29828327693752943,0.29841265381402865,0.298462664419674,0.2983541700205398,0.2983300963288088,0.2984174446084546,0.298384849699579,0.2982146980442544,0.29817762738336684,0.29812644954439904,0.2981266741878216,0.2983690168840018,0.29840240850679994,0.29820403160873427,0.29820512994962795,0.29833734628265723,0.29826441236586165,0.29812251432852543,0.298099937702407,0.2980430247513492,0.2978830629315663,0.29774909670476307,0.29770437011006967,0.2975587567408837,0.29742609130463576,0.29753865401901075,0.2973847326825548,0.29687628745685274,0.2967139728815714,0.29675250741003395,0.2965743074433659,0.2964880757424331,0.2962255153480049,0.2956259510944006,0.2953084696602778,0.2951275603701967,0.294815441002468,0.2945468474920772,0.29425077522871257,0.29380581676416073,0.2935659686054522,0.2934841380644394,0.29321113299720375,0.2929915345828723,0.292683989454931,0.29211596561703784,0.29187119774109,0.29181117874795465,0.2915939852488207,0.29148598638376494,0.2912468752820362,0.2907717947798131,0.2905308185118114,0.29046310159791616,0.2902408708096895,0.2900031736040252,0.28972975181922916,0.2893735232573635,0.28895345390013555,0.28868170724067116,0.28840010910535085,0.28790712525685447,0.2874535369753805,0.2871909976624118,0.28682353060764554,0.286535625886973,0.28665887888115327,0.28656781377818297,0.2860584493224114,0.2857813117225336,0.28544393892124903,0.2849838621391381,0.2848267252446195,0.284604041646742,0.2841003304706897,0.28369964719313007,0.2837092625897367,0.2838161643053759,0.2836631430196982,0.2833271589204726,0.2830590930739022,0.28271575993605685,0.282415495473092,0.28217330921735173,0.28183641754663036,0.2814883607744287,0.28126483751421794,0.28101668401203955,0.2806256668503362,0.2802370964026439,0.2798993245410393,0.2796218893091334,0.27933561909449584,0.27910949541045826,0.27907208059016975,0.2786708422468438,0.2779883341107341,0.27772052363264454,0.2774884332523587,0.2771758414970311,0.2771265864837845,0.2768269479071248,0.27619762804553405,0.2759308724997089,0.2758697245708866,0.2754416261993563,0.27520043021382445,0.2746963693517747,0.27437668795854775,0.274418742319995,0.2741528306063404,0.27361017404021015,0.2733081689452821,0.27326217940502473,0.273174590634212,0.27321852499484106,0.2732975929952339,0.2727906131679622,0.2721693815870536,0.27226430066709056,0.27248176744110497,0.27230046238763156,0.2720668187267247,0.27179757979963687,0.2715984103807494,0.2716537365077371,0.2719009015544268,0.2718454479406366,0.271683184791723,0.271581245647452,0.2715922844459271,0.27144385166864005,0.27137088265876647,0.2714949474877715,0.2715488688425037,0.2715766027621676,0.2716365074792429,0.27169611761715595,0.27167530559719005,0.271597534743321,0.2716779910735643,0.27180730314758994,0.2584904317382032,0.2574584671712687,0.25735906566710604,0.25758410990585995,0.25779612507489713,0.2582376598492701,0.25916713804529956,0.25978735382485857,0.2605075250203451,0.2605514368552012,0.26025566858319715,0.2601995674341445,0.25987977735792417,0.25910105361274977,0.25946141884716506,0.2599124545761813,0.25908033349938675,0.25858176499985064,0.2585478072196604,0.2582456928263016,0.2585649850535563,0.25981862759219737,0.26097047330787754,0.26121336023306385,0.26091081762658147,0.2605843847203148,0.2604019634261961,0.2600832034752278,0.2599842868795384,0.25986580445351215,0.25925579287136213,0.2590582651023933,0.25931652050233817,0.25940662971868333,0.25941492299625224,0.25982159884194383,0.26001322829556117,0.2596152978460446,0.259385008893072,0.25913010488734217,0.2587674337728323,0.2582260844179498,0.2578712870349259,0.2576389079799997,0.25659783833918826,0.25632088912125023,0.256356291517697,0.25546456231536374,0.25470844071428417,0.25398336848757463,0.2527968664497876,0.2518825782618448,0.2519497681834397,0.25145501865184117,0.25019953612814694,0.24882733599848442,0.2473590841151601,0.24592068574953352,0.2447782064719043,0.2436732250926795,0.24221669767826146,0.24026237381459764,0.2384291622118677,0.23722728257479475,0.23567776655263095,0.23340919781233163,0.2311193739558921,0.2285224355564917,0.22562900231860103,0.22339786372097858,0.22058064731473975,0.21761507824079876,0.21401646031340568,0.21077679407352592,0.2073635351965105,0.20428498257992928,0.20125095144630434,0.19756756421005303,0.1934916790891402,0.18948984188650336,0.18604873496852214,0.18251889006079078,0.17916876830356196,0.17573427785882342,0.17233769808945767,0.16847995535330473,0.16438730079924335,0.16077986190370575,0.15711527323940397,0.15336671341746028,0.15032954093601136,0.1474532872130827,0.14439404490472582,0.14133706536841245,0.13860492220462467,0.13567044305149253,0.13251512149417005,0.12990404367428854,0.12764198466922888,0.1253382087060404,0.12327042638528389,0.12153758442983549,0.12016409084513002,0.1186416258087006,0.11714806586618008,0.11647458798480119,0.11519653739404202,0.11347312878382716,0.11273997212654056,0.11227444430028206,0.11144156004633353,0.11079823722026212,0.11016462274779848,0.10878846317563912,0.10823624259694875,0.10797771468078919,0.10891886166751848,0.10880990403179285,0.10809102131184299,0.10807288871403534,0.10765883716124088,0.10712311977944004,0.10770122778416216,0.10773815423552568,0.10682639875975088,0.10666988078994152,0.10713874163298853,0.10733948745716149,0.10710279154581004,0.10695920770786072,0.1064219703196846,0.10628285410214036,0.1066005628574018,0.10707514478609881,0.10730685200654592,0.10761679413286315,0.10777880577966156,0.10740950203565601,0.10768004662083709,0.10849871061566586,0.10892918452852975,0.10890919555565488,0.10934242064386228,0.1097868856990593,0.10980589972834828,0.10989076199303911,0.11007268001516773,0.11047860591189798,0.11068978705105204,0.11121031950818838,0.11258922227519928,0.11317744865666438,0.11309407939672018,0.11331345042316104,0.11429741315308453,0.11500793755405438,0.11556764170536492,0.11623499402460892,0.11682171802306164,0.11695992128173131,0.11723339573935974,0.11754423146501132,0.11810111957681009,0.11869534854360164,0.11908947734863608,0.1194143807221274,0.11990379545535472,0.1204100246538033,0.12082619244144759,0.12124177576866829,0.12219003111289968,0.12285882367454098,0.12294352274169627,0.12327993614912171,0.12389525860217122,0.12466615931670152,0.12546602046286412,0.12623450952512505,0.12734503889293045,0.1280350733246921,0.1281336750723837,0.12859654624803235,0.12919840454030512,0.12994377838303414,0.13064248650288487,0.13147585581250262,0.13223857475848344,0.13314171433868233,0.13378273183189776,0.13429830477941304,0.13481601607552704,0.1349982209768563,0.13518025313563267,0.1359963257635174,0.13686837021595905,0.1374965654641816,0.13822356779926315,0.13898757250894536,0.13964467340313225,0.1402008019099298,0.1407790779572459,0.14144532634345952,0.14196743028833209,0.14240191856885653,0.14309542952093854,0.1439413447882306,0.1443543789277603,0.14473669052939211,0.14552050715153142,0.14691761894815417,0.14740604404792215,0.14756819764870183,0.14805188713536993,0.1480722219087275,0.14830705256025017,0.14903995300231287,0.14958774933867078,0.1496384693124157,0.15018701273160573,0.15125469539670108,0.15183170373022162,0.15233361068512255,0.15275070670751348,0.15310317071678003,0.15322291985392805,0.1534170032442213,0.15336020791093272,0.15377299149479667,0.15476561918949036,0.15511069419838946,0.15534706551456628,0.1556182844104367,0.1557433445618693,0.15569235366006764,0.15583224514073118,0.1562787444811832,0.15683732534766123,0.15754622770783155,0.1577529828518741,0.15792173255949352,0.1583756282408623,0.15867686219420732,0.15869328013797646,0.15892912842752038,0.15908047833860775,0.1585462209336832,0.15820876089577143,0.1587860436771438,0.15960584535858954,0.15982177033906408,0.15979324082797797,0.15995983378546622,0.15983192839729826,0.15988745095314058,0.1602466433902254,0.16052333467956362,0.16063850449352995,0.16086721831396655,0.16132923301162427,0.16161876735881822,0.1618114019796917,0.16207341926771476,0.16213865776437716,0.16183120399983184,0.16215110183852996,0.16301773999783306,0.1629369322261859,0.16237759833061607,0.16266139798944979,0.16299415134947468,0.16289557984660075,0.16296126990345644,0.1634763619279016,0.1639125024861061,0.1639785195118349,0.1643790000573096,0.1650095308464619,0.1654069195831354,0.16503640338256947,0.16501392968324272,0.16535995030228584,0.1658208098912091,0.16622013471798247,0.1662140203376096,0.16630847364760412,0.16663265704681163,0.1663033373203434,0.16649285788080623,0.16796134791595393,0.16840992895454723,0.16796492571562238,0.16800722127963175,0.16782194956662821,0.16784529118390173,0.16814295751523917,0.16918547066578463,0.16907755621261764,0.16812210315913031,0.16848052100886182,0.16942770653760372,0.16937358529470892,0.16965811997896835,0.16971768020672326,0.16803884060007582,0.16779481140928917,0.16916542152252592,0.1697068166955296,0.17006065552946692,0.17067969297049154,0.17023797841753854,0.17040331353755664,0.17080033812440132,0.17144728416056831,0.17171392077374803,0.17213854112497715,0.17264909360608777,0.17304455276750136,0.1732367259857937,0.17352595134815352,0.1738968252961897,0.1736746613810318,0.17400925051239471,0.17544978610745174,0.17595732290718277,0.17562852344645705,0.17598246519103952,0.17673998986539757,0.1767253822659359,0.1769614975024667,0.17769957362077704,0.17800616324942423,0.1775832137974463,0.17787969557346806,0.17897821983926743,0.1790392346413807,0.17831827953140578,0.1785856492919219,0.17916475940030213,0.17909632961705263,0.17922438967446713,0.17949305149018113,0.17903535459758574,0.17893911973392496,0.17973739213800483,0.18006863050944205,0.1801394532581609,0.18041140288044946,0.18040389839585855,0.18022847900736824,0.18053514222458408,0.18089250742824992,0.18118226057130213,0.18200253337942085,0.1822995978407242,0.18194385069130461,0.18208309109349377,0.18236032301400856,0.18274268212396014,0.1835754890619791,0.18390833820722596,0.18368774753567388,0.18407270000112688,0.1848795719913378,0.1851823784046257,0.1857305214661579,0.18591482226762693,0.18614243151920518,0.18588391715071675,0.18577362881810233,0.18589151157051365,0.1858592683246711,0.1853869047266796,0.18531089614897905,0.1855420783173929,0.18570382022709161,0.18601692420457985,0.18605353079191814,0.1857459119995388,0.18593288064383773,0.18629526616264164,0.18660313033677817,0.18749380140063826,0.18781151194100965,0.1872256875640286,0.1873628861221427,0.1878299550452897,0.1886324258095084,0.18811474720166454,0.1869855081563019,0.1872297464949054,0.18718662757156357,0.18709252934590329,0.18822845776290675,0.1887982625744709,0.18814859558440236,0.18822232629748079,0.18964060623425197,0.18996251460272937,0.18936269246545387,0.18917142332446876,0.18845149371824996,0.1886367117137483,0.18973760909050974,0.19014132843959095,0.19081636422790657,0.19141762275662205,0.19138248496108234,0.19140489475979083,0.19178866696727984,0.19202435831248416,0.19150970768764877,0.19136215121811073,0.19160724473598673,0.1924000381272539,0.19244007201521615,0.19238485458629975,0.19240645136624768,0.19211651822288126,0.19174482336073334,0.19155659698660465,0.19133975272894188,0.19031508510966685,0.19026787345827886,0.1915329234227404,0.19153519245260225,0.19098981904258142,0.19092229843787153,0.19049012912109234,0.19012545468823822,0.19030461507188592,0.19027022903275845,0.18982026659034565,0.18933844659466995,0.188664453189865,0.188551948368938,0.18830222879134811,0.1886975102746562,0.18951019141807157,0.18978099807342932,0.1891009551266915,0.1871216635176814,0.18638293785127763,0.18576709777316175,0.18471644940587148,0.18370234382613754,0.18324394269433003,0.1826110781302652,0.18197120731062905,0.18203102617250091,0.18202171020349536,0.18153868465573206,0.1811204221934496,0.18144905335728673,0.1811470335844037,0.17992726804813874,0.17926945430284455,0.17877426687981202,0.17848285136694744,0.17898592781596614,0.17848016856816226,0.17704338425700425,0.176344469316199,0.17528066094427092,0.17479831975610213,0.1750484988952544,0.17422031881779604,0.17315040437156806,0.17254416403258202,0.171887022077613,0.17126679824225982,0.17087849001072425,0.1706769113574482,0.1705666066883429,0.1708319739607628,0.17073287894556688,0.17096458060885844,0.17005057688514294,0.1677260284013865,0.16713163790891936,0.1667776765786413,0.16634449434427628,0.16710976587634002,0.16721330223998637,0.16659288785446225,0.16637547559973012,0.16643101191408516,0.16628892518906896,0.1662179552272045,0.1657233302628485,0.1648110829561308,0.16439862986638565,0.1640262382070201,0.16344114222224398,0.16220454504756307,0.16242118280635687,0.1641170961480951,0.1645708107774143,0.1661135827843802,0.16628754311328003,0.16479446164025371,0.16245675810671478,0.16130349906550837,0.1609402714630888,0.16106529635501923,0.1599610536216846,0.15838700168255776,0.15874373851456655,0.15883272446231306,0.15753508999373755,0.15667102261948526,0.15631853446895577,0.15668349041228188,0.15702724615445143,0.1570220790387471,0.15722735236235935,0.1573142908179899,0.15680098389275215,0.15703072693066775,0.15836850895508767,0.158055264249831,0.15638365308986335,0.15599672556534938,0.1559713668957926,0.15545936032894647,0.15488875804665037,0.15502857897958525,0.15507856049727192,0.1551978134942131,0.15657264974921595,0.15705949912988648,0.15693452712050265,0.1562206824706236,0.15398794264435084,0.1543536420437307,0.1569173143184384,0.15634573501334104,0.15487396837039485,0.15491183440053624,0.15305263544144282,0.15245484479687776,0.1554675146605338,0.15634329786811496,0.1552599047953561,0.15466654922617454,0.15423210444529264,0.15328066991849534,0.15074359490368616,0.15044268237681976,0.15247352457830454,0.15228647541336138,0.15152247389610232,0.15170843876734652,0.15165823742953444,0.15032195610023727,0.14930353811353506,0.14971280965063238,0.15052368533807423,0.15031976955456586,0.15031215693406078,0.15139043624651852,0.15186839703969984,0.15081908199778574,0.15097555443874308,0.15297135838622655,0.15220646598885076,0.1503627600747905,0.151498463004293,0.15143385282876418,0.14840498141739922,0.14711713610986735,0.14783003433667505,0.1471699259789916,0.14583594828305022,0.1460182997977633,0.14630623182751773,0.14462630098961743,0.14501217224355192,0.1477377094809276,0.14660311354092026,0.14439396016484873,0.14519969445210967,0.14530035614615947,0.14389228947465124,0.1429406271596382,0.14218451532414064,0.14180230843994476,0.1424585197971851,0.1443178062723433,0.14403555520344546,0.14226388218856845,0.14356231321511562,0.14350819449915805,0.14190996886313792,0.14254721751293456,0.14116662386984885,0.1384767006157658,0.14013266202291902,0.14274565064490644,0.14201462299866,0.14186708436874934,0.14160914245773001,0.13971959226410727,0.13869066549130868,0.13879380281479886,0.13777146433402795,0.13411404932364399,0.13476056847983925,0.13842589711440612,0.13871590559601252,0.1392568545465206,0.13741712099573875,0.13409919700294873,0.13599693158242357,0.1364190394659138,0.1331447467071523,0.13311151387350006,0.13342510234421284,0.13348593499840744,0.13530870323824368,0.13316944093459313,0.12848625296580482,0.12700572349608955,0.12624951978578713,0.12648673119245002,0.1283156457487373,0.12812000748558544,0.129655086989193,0.13074693299948661,0.12708709353014197,0.12613211333430585,0.12768564429130774,0.1262353865375131,0.12561802298806798,0.1273938370074113,0.1255841591032874,0.12390547251334051,0.12756317591834548,0.12755227890958767,0.1272323078030532,0.1316399399342069,0.12969614565847185,0.12514117667301794,0.12442038588146347,0.12388322102442849,0.12495881444042999,0.12636943172859705,0.12474029150494541,0.12267866305623966,0.11873479003272976,0.11707853461916398,0.12021528696639752,0.11831591407050977,0.11904459373056282,0.12440625541149687,0.12252583118011928,0.11701620354440424,0.11546634448130916,0.11508382082272556,0.11472775677256611,0.11844385874142868,0.12043204995335753,0.11866439454981861,0.11469480957090467,0.11073220114358302,0.11063362411243949,0.11108205947633655,0.11927972546650834,0.11971040610494756,0.1119686726557413,0.1093491753164989,0.105856590876934,0.10503918714058136,0.1098609413427154,0.11170429290735483,0.11094275929321974,0.11041053513237797,0.1096512240428757,0.10817123985350587,0.1080674451935821,0.10474704690566596,0.10624278284233994,0.11557046105960592,0.11502538268559731,0.11226422907902063,0.11067299289740083,0.10988426803942965,0.11465095111316295,0.11657206659333358,0.11380484380702402,0.10666380311822171,0.1012273676329041,0.10237107537728286,0.1046678159366623,0.10683205221049831,0.10036935727663569,0.09855377827659408,0.10396666768681558,0.10120665417941788,0.10253299076877236,0.1044421706426079
33_5_PETVI_1_T_2_00000,0.19911022830586483,0.12041929608119575,0.13716919211771472,0.15015681214131016,0.13606585115182335,0.193190842493918,0.16733617718927937,0.11514047024363203,0.17391301226862324,0.16860179064953484,0.1488763966581885,0.17224653562575412,0.1630265030282678,0.1639662628207378,0.18771201821319675,0.19013520664946434,0.1789113874900568,0.16346013999494632,0.15350022360726143,0.1561375379078601,0.16010777672281143,0.1539119718267264,0.16240115686678305,0.15879704506944145,0.13671943185066104,0.14459710440268805,0.15821707719596226,0.16640165737299908,0.16624442905457448,0.16176927441519393,0.15052667598234154,0.13181800657269327,0.12930506091147148,0.13641795369736306,0.14291632245080305,0.13708817307149793,0.14769755790975123,0.17016869387817526,0.15710496912290015,0.1501573550309487,0.15211606979590656,0.1503354634898801,0.1328713028222133,0.12610984829678082,0.1462080121993328,0.1410731660458374,0.13152098243305627,0.13191447795864697,0.14613459411570112,0.14607386014582913,0.13321069307536496,0.12706616934778503,0.13686900509876307,0.14706322688022797,0.14037431961626592,0.1299957251199637,0.12964416296123338,0.14115849158165886,0.14167025691421145,0.13929489061532413,0.1383554852947246,0.14079403184590872,0.13978588933496908,0.13691316479091334,0.13629856821284547,0.13379640235733942,0.1378109220824543,0.15017550482842212,0.14349340494362178,0.140083149930973,0.14631877210289093,0.1429659490332784,0.1399636083322766,0.1402051147088397,0.14374187575697717,0.14511167786807186,0.14583796418914366,0.14799875445924968,0.14541760733421855,0.14446926423842857,0.1479333613789856,0.1479906462575958,0.1476812256122816,0.14756148296587795,0.14568772632151059,0.14593615875282825,0.14762984273554552,0.14835823207264948,0.14813739875158458,0.14822395972382213,0.14920314536067367,0.14748583798551942,0.14817081247096545,0.15165193016469278,0.14845070080273148,0.14888461299526928,0.15266390859149714,0.15237760858919813,0.1519423126693644,0.15272100435283775,0.15492151703068988,0.15452167469198136,0.1532165403527432,0.15291751697598574,0.15440675478250243,0.15476470731234343,0.15344655157138676,0.15283307105071745,0.1541402399569369,0.1560960739064544,0.15603800370721146,0.15628005205667217,0.1566354201693424,0.15649452101806802,0.15568904213503756,0.15588063159716464,0.1574336503249742,0.15757386576880794,0.1576546482109618,0.15789849370374212,0.15757257941733463,0.15705113006528124,0.1567994147581806,0.1573199023143453,0.15898658239190527,0.15941852858582212,0.15728525957327272,0.1568100446409229,0.15643862610826056,0.15555228769059118,0.15528737283042007,0.15694278040383491,0.1590880906738467,0.15821232123775866,0.1580493202258716,0.15856784515042885,0.1587280237029089,0.15844378616566823,0.15720991572872664,0.15544681372403035,0.15657740660612135,0.1579151483006598,0.15833026066679756,0.15858731475735166,0.15921007444995536,0.15956705660504183,0.15848142313239233,0.1594294642691562,0.16088600871374656,0.16079755948806054,0.16109922458477727,0.16241552963465272,0.16435778205614565,0.16418256106294327,0.16497337122538044,0.1668967544506861,0.16704766713555952,0.16792600509110078,0.16962874949664591,0.17135003676669505,0.17291734136609826,0.17479120729749792,0.17721556796977692,0.1788429082404931,0.18027318734623904,0.18218890047911832,0.18557331039013925,0.18788381563088488,0.18927961439026347,0.19210559828655224,0.19521206692840226,0.1984555787107647,0.20184882884486222,0.2042944543681533,0.20719128368070336,0.21130102565331454,0.21376171025904445,0.21586326342147236,0.21830607412740055,0.2207639831675517,0.22294568827198277,0.22490991033248056,0.2269558088228684,0.2283983105933151,0.2294539439706067,0.2305784012356734,0.23192169869092283,0.23304018192118023,0.2337478434251233,0.23490657880816831,0.23562983676777427,0.23578344574600466,0.23625409594642283,0.2370461380506562,0.2378492995738112,0.23811790672798094,0.23856920116841762,0.23904704479582137,0.2392908729517792,0.2398314786889664,0.24014826073416537,0.23998981147194598,0.24003382198640333,0.23991398925235785,0.2396283167232357,0.23963741568469812,0.23921094918017122,0.23843003238247207,0.23771602427023522,0.23650376380144728,0.23508260852270302,0.2338189881787951,0.2325467009446849,0.23127792582149687,0.23000579849828925,0.22869519727390164,0.2272982042277043,0.22566726836239798,0.22351288483334952,0.22147895965150788,0.21969071603648463,0.21803448718015328,0.21611812686396803,0.21419880700875826,0.21247800908703715,0.21028469180227502,0.20838503926204277,0.20707635435395164,0.20566683082552173,0.2045247736803596,0.2034839269893669,0.2019667032513817,0.2005958470073072,0.19964202786165894,0.19916614864669416,0.198493690717265,0.1973470869740463,0.1958057234088181,0.1948490443540398,0.19416970333850875,0.19360822294924981,0.1933229792973417,0.19279125978494552,0.1920381079236413,0.19141620163409123,0.1906625166111943,0.1899942789902776,0.18971191366666612,0.18988867656928643,0.19005120630162098,0.18986471503388497,0.18944860086837106,0.18901780680355015,0.18858015706049136,0.18789864105286844,0.186741039907327,0.18547388961652372,0.18473741139134936,0.1836456955520461,0.1823017214031881,0.18104270798564595,0.1801688494786288,0.17994123276307983,0.18032520619810036,0.1807243316457215,0.18045868484290942,0.17983827459674498,0.18029224346551018,0.1796051307866963,0.1779678608615121,0.1764626714011141,0.17505389171029578,0.17394449342065355,0.17323035863648237,0.17257972447548106,0.1724528409371563,0.17277491796850916,0.17250907851680894,0.17184417379581723,0.17107885801095007,0.17068853628691946,0.17071588151399722,0.17064772631907255,0.1699960445283703,0.16988408894212242,0.16978600674881042,0.16933817005626003,0.16908694690908765,0.1689186008437797,0.16863011817984538,0.16783589594333848,0.16735777465229568,0.1668958079303271,0.16573474868713148,0.16485921798672828,0.16424911762462924,0.1636636605250735,0.16279964994475313,0.16176024424685193,0.16080401524044308,0.16060926278191853,0.15993932671653294,0.15882929806568938,0.15830471870289647,0.157693946533544,0.15704555477960783,0.15655815508202023,0.15593274474000024,0.15511165975428437,0.1540970537931854,0.15290863107341446,0.15197485184444376,0.15129684942679553,0.15023960780708825,0.1494567458971532,0.14901781119552351,0.14870135519782982,0.14796776135510384,0.14719821442591827,0.14682904533691543,0.14640544037418496,0.1460658594289285,0.14592817711637637,0.1460514503946309,0.1460339824072488,0.14592871928202236,0.14617492826568967,0.14626857834199025,0.1463611786491065,0.14674620256668797,0.14699960489762917,0.14730628364703477,0.147854731555243,0.1486379491820267,0.14936392401892057,0.1501207294344312,0.15152826067901312,0.15312794382693345,0.15498657595852913,0.15739417217723958,0.16042879367362797,0.1640314362625563,0.16808093971423615,0.17238257664274753,0.17740262544125054,0.1832843980944214,0.18954439048237132,0.1963947996673988,0.2037613797715851,0.2113911983143961,0.21926694229824406,0.22736777987758677,0.23569884921111633,0.24432767543729078,0.25302514059597636,0.2616545604475117,0.2703514232507844,0.27903678593946485,0.2877739313318684,0.2967705043282928,0.30548666898260546,0.3141806506604115,0.3232740743361456,0.33199067120288517,0.3406427036105449,0.3494460981952881,0.35788939781186035,0.36640803469682154,0.3750079313643507,0.3831502707400168,0.3910861362112702,0.39891719932851455,0.40672814363485904,0.41433636760841697,0.4216117585673915,0.42854676036297107,0.4353603834425331,0.4419531270698548,0.44817376899722355,0.45363406012623925,0.45923195254669125,0.46477442595617263,0.46941408257682,0.4741843035330067,0.4788235490672728,0.4828534753159795,0.4864788505823516,0.48989174107737143,0.4932360784071216,0.4966896443821587,0.49956096058012917,0.5018136369448303,0.5038995516558964,0.5061397718341178,0.5083543195902082,0.5102591444561166,0.5120255353707492,0.5137864977887387,0.5155374877019997,0.5169853566806155,0.517977250724988,0.5187125601490387,0.5197197016449937,0.5207490217359575,0.5216619596915765,0.5223569415659984,0.5228844561929062,0.5235464326746234,0.5243802537898598,0.5247174123860515,0.5248155917961349,0.5248914226452037,0.5251632883387884,0.5254905361462542,0.5258887624084242,0.5263917652680659,0.5268656746064992,0.5271704477102658,0.5272839504278567,0.5274715664440366,0.5275593304565758,0.5275847784592603,0.5277780727751232,0.5280933839296361,0.52829734893783,0.528188172114648,0.5283584756376324,0.528445274947177,0.5282870577795991,0.5284988915572757,0.5285943404169123,0.5285928455124884,0.528943922113166,0.5292670780974702,0.5294876943967949,0.5295947598176738,0.5294009895394278,0.5291116763029763,0.5289162153684166,0.5288837843374028,0.5291257738644627,0.5294877154329064,0.5295940964684318,0.5295269843629062,0.5293662146693413,0.5292272356724816,0.5293307229599621,0.5294507067001275,0.5294838702870526,0.5296439759122659,0.5297348977459319,0.5297242149763304,0.5296686340609821,0.5293905277195992,0.529240071358891,0.5295018320684236,0.5296311365801262,0.5299802121824723,0.5304212487755924,0.5299086887897257,0.5295895873851975,0.5295890529615818,0.5295767913704184,0.5296186025929305,0.5295849817755957,0.5294439187388867,0.5296098100973462,0.5295527137236027,0.529309731065892,0.5296029907818444,0.5298545182268933,0.52988851880577,0.5297020213280632,0.5295307605963804,0.529603089973835,0.5299410854600186,0.5300990877369213,0.5302630799259633,0.5303232899875109,0.5299698034460989,0.5298138710188263,0.5299003887854276,0.5301000318101278,0.530251891500987,0.5302606049074742,0.5301780760568136,0.5302958481569954,0.5304949952042867,0.5305560572905291,0.5302841230872908,0.5306440877959825,0.5309738266062564,0.5307571000084607,0.5306756260301125,0.5307819383222848,0.5309019898871523,0.5306243019378996,0.5308718872372312,0.5313013940067873,0.531291132721236,0.5309085884314988,0.5308758296274795,0.5313418787510998,0.5313432372853726,0.5311497570481984,0.5310436342696341,0.5313210238346778,0.531515107009925,0.5316267434092398,0.5316974090066855,0.531583958125995,0.5318426513362877,0.5321963186614976,0.5315828592517089,0.5315641079448762,0.5318793340547283,0.5319229905996565,0.5321741975128397,0.5320564868951971,0.5315886979770552,0.5318615499433781,0.5320420767337944,0.5319900058513911,0.5318889119689572,0.5323273641336641,0.5325583879043232,0.5322461846446893,0.5325172725417039,0.5326555768050185,0.5324786116854632,0.5321586887882335,0.5320035145007994,0.5319569104852422,0.5319007362764892,0.5317426445420865,0.5322299374534113,0.5331063208254202,0.5330112424067223,0.532727505307885,0.5325737518443984,0.5326321160519849,0.5322907779231868,0.5322152994773187,0.5325796832207961,0.5327168005092623,0.5323989142293396,0.5319785771310926,0.5320438647511344,0.5326956454290874,0.5329107616779368,0.532326883722637,0.5321803557916712,0.5321455308031684,0.5321823745839611,0.5323387731624767,0.5325859260580151,0.5326942620544991,0.5325489898123893,0.5323664399142424,0.5323103280395698,0.5325216587203471,0.5330584014790659,0.5329822653205176,0.5327362249973212,0.532735468611284,0.5323273045145913,0.5319635415562438,0.5318821068256052,0.5321187499975111,0.5322343881081765,0.5321302200571553,0.5318933210789133,0.531899964351669,0.5322317674232135,0.5325515246427199,0.5321188213545532,0.5320383254109472,0.5319672638672084,0.5315167246852986,0.5318132961002293,0.5318063391072363,0.531269480250338,0.5309491083732796,0.5306288026766677,0.5305731169769726,0.5308781342921872,0.5303496106363171,0.5301888788557416,0.5305813449632893,0.5304562770468206,0.530105707954466,0.5299109581971375,0.53009869881801,0.5300262151809646,0.5294737150748046,0.5288626949239691,0.529311373389704,0.52908097524805,0.5286474160919122,0.528713652157269,0.5281486550964086,0.5278022683554527,0.5276650485896546,0.5267887664840112,0.5270480860241051,0.5273303838511261,0.5263969315318883,0.5256343281954563,0.5249048538166209,0.5243530627784115,0.5243742104230225,0.5245064990969543,0.5243601748497146,0.5238946508500486,0.5241751000321269,0.5242797147596686,0.5241928193010825,0.5245346476178152,0.5239716316156493,0.5234607389446794,0.5236649263263949,0.5231932497585965,0.5229407311083417,0.5230261909631471,0.5231119283891384,0.5231202123670082,0.5230924835285623,0.5233197879049315,0.5248342312558907,0.524768054270925,0.523745140094556,0.5237435126546229,0.5236837662768218,0.5239725427938181,0.5244773826238769,0.5240260437644395,0.5235996364998706,0.5235846320171779,0.5241225013458667,0.5252599796948196,0.5255405222067026,0.5252018102491264,0.5262698772882516,0.5257762873442577,0.5252226343890138,0.5259674371774786,0.5251660298884063,0.5259989670885736,0.527423422062899,0.5259823586187474,0.5260205325916796,0.5110550048975154,0.5107829186959143,0.5101596716343975,0.5101989082322894,0.5103048739364243,0.5103641002212875,0.5113860613968512,0.5124313220839192,0.5128670739323136,0.5129368709902487,0.5128080011581903,0.5128010684695516,0.513394952295643,0.5144803963516293,0.5149235752405371,0.514809262659247,0.5148339402891241,0.5144650010884623,0.5139711345016322,0.5141826677224616,0.5150704093595943,0.5150984730002368,0.5152883819460171,0.5156766327487914,0.515045100729043,0.5155884271565425,0.5165718614515802,0.5168210730990425,0.5175840265258995,0.5179533130268427,0.5175065600032033,0.5176454397718161,0.5181579844486929,0.5184577321972967,0.518043390683002,0.5178310751339869,0.5175595484740788,0.5172131650309337,0.5177304958154353,0.5181279232237455,0.5182897256947655,0.5188617286912204,0.519097258324686,0.5198170752138911,0.5205167058652662,0.5206955184878013,0.5202961758058935,0.5205849516952339,0.5207258318415161,0.5205358036318815,0.520901909258777,0.5207122414796002,0.5199148512437972,0.5197743955661647,0.5200092927707916,0.5201516299389344,0.5210549952764987,0.5221165580858635,0.5221946082769957,0.5218368483629174,0.5217541612489295,0.5213920310979722,0.5209036983408732,0.5214245666342012,0.5224450521336079,0.5224185014015416,0.5223004633307582,0.5218194266732253,0.5210089702084736,0.521548718701591,0.5218712085106613,0.5220649071309335,0.5227591861034252,0.5225259338418262,0.5229614465798351,0.5229631442449748,0.5228591085716131,0.5218420083321531,0.5220659566341022,0.5219306510489706,0.521909973441743,0.5230436159075225,0.5230661146222656,0.5223838921011068,0.5218271536382911,0.5214984400899035,0.5217138393252473,0.5220185066528554,0.522421686311143,0.5224003720770152,0.5223032482761923,0.5217312092952405,0.5216292164728423,0.5215949542418021,0.5218636607351564,0.5221462274438324,0.5223669484968364,0.5221686715263988,0.5217661268449102,0.521767102454881,0.5214573949291661,0.5215572437366395,0.5219051334124397,0.5212212559220786,0.5211691473547108,0.5211927430248643,0.521107922659871,0.5208619538521322,0.5208076907926555,0.5208737585079283,0.5205638530332989,0.5207560865078543,0.5210863741059839,0.5207970168766946,0.5203305870691114,0.520161253242046,0.5201468096165827,0.5202235885727751,0.5203442695721977,0.5197551159976059,0.5193678514566222,0.5189491207464447,0.5187395418303077,0.5185928274996494,0.518396246971353,0.5185812738819449,0.5178099212556175,0.5166729988658628,0.516539263892979,0.5163551004241026,0.5155945672015199,0.5153138955406209,0.5148276756647133,0.5138200168982511,0.5135145414765809,0.5131706594642976,0.5121154128833918,0.5112431999793282,0.5102402364123512,0.5092513188836022,0.5084195466887297,0.5074531673170648,0.5063224717484477,0.5051981716319215,0.5045373064894862,0.503447714898149,0.5025089678760059,0.5018281528369714,0.5007209625954131,0.49957031635948485,0.49867666132182614,0.49790366289465904,0.49720772435495475,0.4965435465064254,0.49583736875743534,0.4950086201120484,0.49443731604744257,0.49396556756627236,0.49355689797222396,0.49349316412285427,0.49314213368853266,0.49259187427666024,0.49205922084532916,0.4919139603023226,0.4917831438595104,0.4916703385109819,0.49154939571534034,0.4914621548719074,0.4912455817922766,0.4908286767636466,0.4908925878667764,0.49076735164570173,0.49019105273460734,0.49010940421059174,0.4905839305101151,0.490592697576577,0.4905948703275352,0.4905680754503242,0.49050525264312267,0.48998955053080373,0.4896160358181422,0.4895597239499477,0.48920701282391044,0.48883739946118565,0.48910623065220843,0.4893272881201609,0.4891367162708449,0.48910887895939936,0.48915522789472654,0.4889537302710927,0.4888552249144929,0.4891040568980472,0.4891250051499746,0.48878951269021403,0.4886999530136837,0.4888739881824409,0.48893105257206054,0.48903559232406757,0.4888281390840546,0.488976348250739,0.48929624362369534,0.48934168352571017,0.48955680862035567,0.48976529988909107,0.48960103923283427,0.4896655344934018,0.49014260919931163,0.4903011747132723,0.4902203104506223,0.4904075276418402,0.49072536634595254,0.49091184593177495,0.4911808866583114,0.49143080087662233,0.4915284111322938,0.4916460496955538,0.4918981034134103,0.4921159818990157,0.49226750613760495,0.4922966275704204,0.4927077935305078,0.493117399647451,0.49356131796010044,0.49405650168161147,0.49432081136364425,0.49442922952140606,0.49458101125460613,0.49458781046325556,0.49487889737607493,0.4953460140186138,0.4956051528613706,0.4959321345160894,0.49621970586045794,0.49625747995388647,0.4965294539911626,0.4971344869185967,0.4973980198543471,0.4974500598966924,0.4976921306819024,0.497791189245163,0.4977635700702295,0.4981697674398685,0.49871835221560296,0.49878284994225897,0.4988446198225111,0.49902760974406574,0.49896569112546835,0.49910320162970817,0.4996752496129632,0.4998952190233405,0.499814717783654,0.49990071926910945,0.49988468076275805,0.5001130378815675,0.5008132462007687,0.5009926867086013,0.5007317287850532,0.500909115014113,0.5012224696696173,0.5012438379970667,0.5013616073808672,0.5015847894878814,0.5017554740269017,0.5016985796495349,0.5014378283846787,0.5015621383304457,0.5016970522244308,0.5015145866542656,0.5014575997391033,0.5018942091558394,0.5020364259555928,0.5016946974554565,0.5017561782989828,0.5023374075776067,0.5023327254524895,0.5018530805934281,0.5018950925229301,0.5021053641002683,0.5020321546711127,0.5021541056623193,0.5021849731292506,0.5019150432189402,0.5015490792002584,0.5015374357601776,0.5015136345006814,0.5012661940510241,0.5010775530595761,0.5009786004298594,0.5009835286085087,0.5008644254694788,0.5007861896906889,0.5006207932231098,0.5003879931896494,0.5000410830306544,0.49943206280294794,0.49923694130447094,0.49929874466358076,0.49905223522602504,0.49894502105478666,0.4987178377028468,0.49809347709947116,0.49763517673262203,0.49739134766622994,0.49705573742225817,0.49660563033307903,0.496159451931558,0.4957782367819273,0.49530809265218795,0.49461791860064075,0.4941794033948196,0.49364321206717676,0.4930412807423287,0.49250624784641345,0.49210918220516403,0.4914970724261271,0.4907528819710301,0.4901311819259411,0.4894696679090864,0.4888379387379652,0.4884617760209591,0.4876682378881436,0.4864766530736469,0.4856488759404501,0.4848475969380393,0.48396845358576535,0.48347497040062504,0.48256449768295206,0.48105831313943226,0.4799640831664673,0.4791368548033277,0.4780114528579293,0.4767195983167578,0.47575399596193824,0.47456770865216014,0.47331131473725957,0.4720795448890849,0.47096708098468826,0.4697914532091289,0.4685153009568365,0.4672554699138162,0.4660122997686437,0.4648883617674074,0.46372852737878945,0.4626451460390586,0.4618293314920894,0.4607236490310892,0.45935862774039077,0.45826994478609184,0.4572707025503609,0.4561670618484395,0.45516196253964897,0.4541098091519515,0.45283196040341855,0.45174686847707146,0.45089368715080147,0.4498962069394825,0.4489115378087058,0.4478614259808739,0.44670304355338336,0.4455583642443565,0.44441002577192545,0.4432503236965343,0.44205183765233186,0.4408992392793345,0.43957344325330594,0.43818280102877716,0.43670551464175494,0.43512054031939507,0.43350250939005036,0.43191538698126114,0.430062992601326,0.4281354649730437,0.42596829401448094,0.42353021677632247,0.4210662176039781,0.41853642387598583,0.4157565077566093,0.4129469893337116,0.4097361333011485,0.40608293884249563,0.40244386859639786,0.398619224190946,0.394648525535568,0.3907112131945581,0.3864627018211374,0.38186903189057797,0.37723002550878765,0.3722820524443421,0.3674483324417382,0.3626144683232643,0.35783712349515095,0.35278482885448975,0.3475741005211878,0.34255398138020976,0.3374118998891195,0.3322987638557579,0.327272806031177,0.32234405710884995,0.31719267887075564,0.31249390749854083,0.30813820866456115,0.30383244952609056,0.2996292331702006,0.29563769848341337,0.291785094229625,0.2881702540700052,0.28481224602357763,0.28153342876589793,0.2783772885196314,0.27544489335730854,0.2726755574812181,0.2700492435751041,0.2676327316570836,0.2653576067281537,0.2632692131036791,0.2612100293277299,0.2592094501495276,0.2574239481705457,0.25577231715261134,0.25419231952032056,0.25281057414394004,0.2515106205753829,0.25037030650352543,0.2491024073137056,0.24796401814863003,0.2469278409443353,0.24597476636152882,0.24502678075204024,0.24420173597654793,0.2435008893216163,0.2429095411097354,0.24243883019191945,0.24190764833348774,0.24145390372299355,0.24105816794248505,0.24063142762645354,0.24027268740034705,0.24004140135464527,0.23981345812460075,0.23957129323429766,0.23936997241947705,0.23925688594152605,0.23913880354174363,0.23900650221847766,0.2389041142822305,0.2388275530961295,0.23880564259946932,0.23881737433645012,0.23883269416515848,0.23893265781414946,0.23898447721399171,0.2389334619412649,0.23901392364943294,0.23916341703270974,0.2393204441349491,0.23958617526908768,0.23981041801670475,0.2399704417150954,0.24020295490993612,0.24039183706164013,0.24072536156324775,0.2411887472088154,0.24169942177841552,0.2421922552587797,0.2427884296565067,0.24329085311523696,0.24367050474014998,0.2443000783622084,0.24504660450797291,0.24573357287069209,0.2465066764746016,0.24729850954457405,0.2480561000624843,0.248856502479325,0.24974219079848414,0.25063731753018564,0.2515268789338348,0.25241248624770857,0.25332039435238307,0.2543092819353142,0.2553363891322455,0.2562981675464572,0.25725435204911945,0.2583476055884345,0.25950853489920944,0.2605315563624193,0.2615460522989625,0.2627077759755833,0.2638221893611359,0.26493108662287346,0.2662633855853149,0.26747096922661445,0.26842292092316244,0.26957266488596815,0.2709373684954745,0.2721525668863282,0.27332930698603225,0.2745098490612432,0.2755330027465413,0.27674222888864675,0.27812025413263036,0.2794147040355067,0.2808011542603639,0.282113177343151,0.28335515999629673,0.2845575908779678,0.2856876867087008,0.2868643960283449,0.2879980275370915,0.2891630366221413,0.2904055517027064,0.29161503890537466,0.292764133586226,0.29397836723864257,0.29522102384155346,0.2965137846084207,0.29768828275211845,0.2988503512992154,0.300036268095252,0.3011666688246774,0.30227333010164886,0.30340027327659047,0.3045619497802911,0.3056565618727927,0.3068055314567271,0.30811121129864394,0.3091985958745974,0.3101289669761705,0.3111873917470045,0.3122195978570876,0.3132792003892108,0.31442125080465155,0.3154861696019407,0.3165107155403052,0.3175296981298082,0.31853512652221605,0.3195276741348353,0.32047866104703915,0.32147299189986717,0.32247354428844915,0.32349293239431953,0.32456917286054077,0.32556219291864785,0.32647646089666754,0.32751523153723683,0.3286312859819518,0.32961239932422814,0.33059298778304114,0.3315904855660108,0.33247130547035797,0.33341209534162847,0.3345579505101812,0.33543034877623573,0.33597389391035165,0.33686335750481694,0.3379596626964967,0.3387546253869241,0.3394595213195988,0.340378855946349,0.3412650993700066,0.3420143693455435,0.3428729581232177,0.34379065843812406,0.34456096722340035,0.34528418780807835,0.34615938439161115,0.34701674731087395,0.34768610876937106,0.348385555998066,0.349233024973156,0.35002792016934386,0.35067967792776283,0.35137686638643106,0.3522207416107506,0.3529231327642021,0.35339671975395637,0.3540819606848065,0.3548711740715988,0.3556082960786026,0.3565581915292978,0.3572530350717532,0.35758258450952013,0.3582220513189224,0.3589654867216013,0.3596441346117878,0.36044992043384416,0.36126492507309416,0.36206808577604327,0.3627574108538881,0.3634448971668762,0.36415860028525515,0.3647849854570992,0.36536809304676804,0.3659493331297846,0.36658900912545955,0.3671134661764441,0.3677517717959493,0.3686359955705505,0.36937167763296547,0.36999258798210677,0.37068623060406636,0.3714427951911553,0.37207433689181635,0.3726545571569298,0.3732704879903863,0.3738039511560861,0.37433608613343256,0.3748372278742172,0.37546172444994863,0.37620602414516996,0.37681443779200197,0.37744571567008317,0.3780875534675817,0.37861678253353714,0.3791380967672455,0.37969299603853796,0.3802710626500167,0.38083356397015106,0.381364490570576,0.3819099918349375,0.38246086143982483,0.38292954225474934,0.38345696797752316,0.3841145557441526,0.384679861543168,0.38520549827326256,0.38570332957017306,0.38605110660434805,0.38655556958683807,0.3872996439662545,0.38778939713211186,0.38807312994412096,0.3885517726948502,0.3890785282840094,0.3894532079010641,0.38988045162385887,0.39033977462736913,0.390585125866086,0.3909175469194771,0.3914111513910647,0.3919071714843584,0.39250602584184063,0.3928862705821837,0.3931626314255239,0.39346831650327263,0.3936437049721858,0.39377626002172483,0.3938349216830325,0.3940666682590474,0.3944220666375595,0.39455765553148425,0.3946129068403383,0.39486663060482335,0.3950399235541002,0.39522036010228156,0.3958166359466275,0.3960242989094709,0.39568710607991076,0.3957729813803167,0.39608013081640975,0.39615351115235603,0.3962058306263657,0.3964106413090751,0.3965947068782786,0.3967072377527994,0.39699478998652327,0.39715698835957297,0.39709488992049347,0.39703506189129,0.39685951936122515,0.39700755130311527,0.39749235231324165,0.39749040946659053,0.3973041882719421,0.3973677916270995,0.3971757207738765,0.3971335802799807,0.3977401528561046,0.3977224459399441,0.39704558685758284,0.39678921092429087,0.39645453870701913,0.39637777601611573,0.39685540695602595,0.3967428453748625,0.3962909900712601,0.3961599525020529,0.39591440345845436,0.39564245442006757,0.3957293676111106,0.395447468782124,0.39458359938731596,0.3943392122954358,0.3945116563151506,0.39422236875927635,0.393965404186466,0.3936750693549054,0.3929706709232495,0.39261523454215946,0.3925672240547588,0.3923676224699798,0.39222592050600724,0.39189030210007353,0.39135674997937014,0.3910881441266625,0.39089440948979365,0.3905698684464447,0.39034007323460423,0.3900535198760715,0.3895642796961487,0.38922290181853203,0.3890073827218576,0.3888215385667622,0.38866977860168117,0.3883693851619898,0.3881067110556138,0.3880049504958707,0.3874625166237965,0.38700519266497024,0.3868233959329548,0.38624387830754886,0.3857028869664756,0.38550351113433223,0.38504355390282075,0.38452942501011117,0.3843343105778411,0.3842272111140787,0.383894100117192,0.38333797858968977,0.38282964582628026,0.3822014080954767,0.3816669146216543,0.3815922150041254,0.3814107640090855,0.3810328168126922,0.38068586710631425,0.38023241378785055,0.37981162422362846,0.379507155241173,0.3790155924635326,0.3782851006591916,0.3778038873314486,0.37740256760903595,0.37690799236556216,0.3765406874071356,0.37615420788330456,0.3757232670372006,0.37516575125353474,0.37445800017901937,0.37396931138033057,0.37352078414029316,0.37301134829497673,0.3726956855991258,0.3722243666630505,0.3716009298622816,0.37089009421052527,0.36999995021141513,0.3694482273762689,0.368921611957804,0.3685011276320471,0.36852552926925325,0.36801989489211906,0.36716405093841686,0.3664632013226488,0.36591385623113004,0.36573875774799414,0.3654889575571295,0.3651009352393108,0.3647576053547331,0.3641477375871133,0.36330542846642827,0.362795514021837,0.3626515454695643,0.3626680105739435,0.3625487722415017,0.36210624903993516,0.3615652889385717,0.36099091727429566,0.3608921145035414,0.36097462657562723,0.3606371814608451,0.3604356846918062,0.3601730816035878,0.35987481405884686,0.35997840470818593,0.35963516861025335,0.359595946054972,0.3597872701410028,0.35980796720388436,0.3600897902332883,0.36004299835705283,0.35942142634115604,0.3593205704489709,0.35954869157004493,0.3596633426191082,0.35979948547682145,0.35999622622253447,0.3602995412000331,0.36030312640635054,0.3604852940944468,0.3258679898532585,0.32605817594187153,0.32632774866431447,0.3272730496328474,0.3274536225666799,0.32707797792082854,0.32642371001046977,0.3265927479794151,0.32719460013896184,0.32729711745522416,0.3278224217117124,0.32810017627807136,0.32793706257846783,0.32744818419780114,0.32781391859895503,0.3281980956136658,0.32827950803911854,0.3282006454506514,0.32813499109937816,0.3277793311107216,0.3277619760207546,0.3276103021886016,0.32822132860881215,0.3288726186178716,0.32853381824217953,0.3281194363131424,0.32800524101626694,0.3279923238925405,0.3284270722527524,0.3282899920039701,0.3275242175742774,0.32743694663880335,0.32750498493363933,0.32752168854962277,0.3271410728978331,0.3270238130764094,0.32660162679953436,0.32604012657737197,0.32562160766881276,0.3259837717400062,0.3255203622667149,0.3244398579148546,0.3235512829077299,0.3227435597148375,0.32248861515289445,0.3223295455875983,0.32101420664200436,0.31969197177428327,0.3189532063296932,0.3179202383510931,0.31676848995488827,0.31586774099903014,0.31506567124357765,0.31321445665122283,0.3111761044264179,0.3098639042279969,0.3078420239825351,0.3059220635640903,0.3047191048990544,0.3023456021889101,0.2998959786214128,0.2971415310585146,0.2948129568774736,0.291712059037522,0.2886299664388097,0.2858847743008941,0.2823935288929226,0.27817335967823387,0.2744418418379211,0.27109751943240123,0.2673289230537071,0.26339653998017415,0.25955315021359143,0.25555440925474543,0.2509920562494507,0.2464633329355912,0.24247583731278596,0.2382570671932624,0.233336268177882,0.2284160486255469,0.22418495770830996,0.21983133837052068,0.21553879818493063,0.21120769346351673,0.20710594549528338,0.2026587560864276,0.198542314021866,0.19523532646877526,0.19187005397900558,0.18803074006678597,0.18423518566874056,0.18046193669252064,0.17707232884191312,0.17392096503741133,0.17176451311592675,0.1690276859453918,0.16594628884849066,0.16383400481167054,0.16118245541783405,0.15862686345899304,0.1575114071059783,0.15606131044514648,0.15457630093587138,0.153191539169754,0.152171243347148,0.15072306303783928,0.14943165871273173,0.14859325308471832,0.14766030315212592,0.14657921518419745,0.14588409952970938,0.1455395453966972,0.14509779116564933,0.14515603623027631,0.14482030245209945,0.14429512493608268,0.14346162489336825,0.14317865608331892,0.14300127694155257,0.1426810542627316,0.14260343271092982,0.1422155532674314,0.14157385851818358,0.14134035222919442,0.14152215063669385,0.14145863633554118,0.14131789166466927,0.14135985839028317,0.14184267335127593,0.142003737969227,0.14174791578197174,0.14150950117063063,0.14128944274869143,0.14123247249294998,0.14128659976532085,0.14203679774928077,0.14223707986028586,0.14178085359709774,0.14198798093794265,0.14255147282278904,0.14294201031501608,0.14321428697523872,0.14359246369319031,0.14342592869756604,0.143267522425921,0.14403078832579286,0.14444496797907028,0.14480679245605665,0.1453950080922146,0.1458375915940665,0.1455223994477083,0.1459578928223326,0.14695349220366805,0.14779416355382813,0.1480181604013009,0.14843917595294526,0.14889136321904323,0.14906202145872666,0.1494442795193152,0.1505070032110129,0.151153491616399,0.15118746978913591,0.15159666280611547,0.1522172085142044,0.15301269157342345,0.15295906822629957,0.153147716175064,0.15386666706875712,0.15426033085945065,0.1547291503724534,0.15585318107452573,0.1565228109196603,0.15651408727493174,0.15689729825855772,0.1576017503744495,0.15826498473161735,0.15895172686318357,0.15940330882278092,0.16022118308631428,0.16140354679390345,0.16240928102051344,0.1632178934724128,0.16390304085002722,0.16432707236410593,0.16494445852336517,0.1655164314085545,0.16604618795790313,0.16661610332055887,0.16731699599380218,0.16788075421612958,0.16876768968304617,0.1694625236286706,0.16966349822591784,0.17003163510079541,0.1705329136870398,0.1711742031239141,0.17243821291379405,0.17324246501517543,0.17387884121172936,0.1744316827378697,0.1746496384486837,0.175237257804373,0.17599868752854372,0.17661815805541747,0.1768850107117938,0.17772463208469663,0.17849242150408667,0.17875862217182337,0.17931087024725353,0.1802258777080903,0.18100029612427285,0.18154373887646613,0.18222857216831548,0.18336513560439816,0.18402027614676691,0.1840003390444221,0.18467267469348717,0.18602264912224356,0.186484823525419,0.18658270484554768,0.18732037922856024,0.18814618267356326,0.18884328506572715,0.18927777135001564,0.1900433160915208,0.19071153976656607,0.19088113651402921,0.19114701605414808,0.19155530093106365,0.19222994413853398,0.19297239143819642,0.19328422277438337,0.1939734855253889,0.1951352111028855,0.1958035325066181,0.19598922829653342,0.19635618611098526,0.19656998694635194,0.19721699662626763,0.19816974963759704,0.1987774914135928,0.19986895841586905,0.20038721828315223,0.19981564784542544,0.19996376784488498,0.2003590216130586,0.20090576787579129,0.20104945101730004,0.20128020929314205,0.20156701392532167,0.20139121674668412,0.20169060627858604,0.20252898980335513,0.2031597458271972,0.2037875837813279,0.20436369134082571,0.20500926576189424,0.20554577995629575,0.20626109507792992,0.20650026453213635,0.20608089774765626,0.20596887848675552,0.20658625777021997,0.20755627151786707,0.20789906110593015,0.2084441633766559,0.20941875548891456,0.21047635322431463,0.21065320664108536,0.21094272387813995,0.21140526050522454,0.21058378950583834,0.2105804433196632,0.21210520275471417,0.2127380354604991,0.21253902460309515,0.2127709324769394,0.21308263320430357,0.21323372506689225,0.2137928126966946,0.21494308458561887,0.2154601441930058,0.21574133298872383,0.21634587778209288,0.2169295269251718,0.21733117648268607,0.2178828341716817,0.21838015369770739,0.21869074192620352,0.2188791667747621,0.21891877987857042,0.21923798465838615,0.21960249595281503,0.21983717875752679,0.22011603243670336,0.22060653299514493,0.22108078830999064,0.22145185307466617,0.22172484891965086,0.22190470438686505,0.22260501054093026,0.22373125598610077,0.22418203909136433,0.22459431734741478,0.22511564449030408,0.22510566210000627,0.22525360328191485,0.2257308734029276,0.2263584030534845,0.22674527072173917,0.22680856476057665,0.22723353177175704,0.22804502057980588,0.2285480244558528,0.2289210891391704,0.2293433654470364,0.22965684067339873,0.23015312101552,0.2309390100518233,0.23136742141827768,0.2313046729635822,0.23190557687463523,0.2330312347121932,0.23360288244185226,0.23419021535703805,0.2349500753361779,0.23581358503283203,0.23573345224104164,0.23596829053276008,0.23654774961475877,0.2369275882783367,0.2367578986615116,0.2370772250293597,0.23800040055593863,0.23833147339364652,0.23826458584508206,0.23844196061713843,0.23847898214430266,0.23869717131059126,0.23908152580620884,0.2395703387524335,0.24026732072365484,0.2407719313569984,0.24122663957451923,0.24181314122162417,0.2427537045768826,0.24283023923561445,0.24286880356013343,0.24276903674237751,0.24279332611969284,0.24214603324488482,0.24241575334383525,0.24350244593960274,0.24399558590970488,0.24487255436048,0.2450026855811424,0.24391517052554998,0.24407559593128877,0.2449648020926487,0.24511799744805413,0.2453458130406298,0.2458667971062754,0.24583015382673928,0.24594381953360822,0.24654893352846569,0.24772116206117878,0.24786262943416032,0.24725599399520817,0.24711613449162323,0.24658343620950218,0.24675203832463824,0.24748280425791128,0.2477904336834388,0.24816089087959226,0.24865626894631868,0.24905659533321814,0.2494486907149167,0.2504892027040728,0.25061913522335544,0.24953060665889537,0.2494916748956531,0.24981822543618012,0.24985740416491148,0.25032928859652914,0.25071261996432764,0.2509132680506409,0.2506727590131721,0.25061143953020715,0.25082114300990765,0.25095928880410234,0.2506377136567572,0.2510390782225347,0.25249091627440984,0.2524808399124257,0.25143717125317067,0.2516566221691893,0.2519344905086684,0.2520859718488666,0.2534166348664555,0.25374851542851795,0.25249751867801934,0.25249105248580295,0.25331003698755017,0.25357499403502437,0.25410832755187207,0.25446579763548705,0.25439928679678214,0.2543088364632839,0.2539246508013326,0.2541301769471791,0.2544721550993613,0.2544828869801635,0.2547820114122932,0.25579854667870217,0.25578858263202775,0.25498801856146486,0.2551615788590812,0.25586541936333984,0.2554064800587544,0.25413229511091345,0.254419130320932,0.25497392617808434,0.2548751315405778,0.2561491189949544,0.2564558994616633,0.2550385135704453,0.25432880642788724,0.2536147971013906,0.2536038374833159,0.2542503301367886,0.2542379655659643,0.2546393451638109,0.254971206660839,0.2546635016313487,0.2543078575431983,0.2541334681051966,0.25371562741381504,0.2530406854254682,0.2523007171884551,0.2517637374627011,0.2516857411670584,0.2512823881474548,0.25074802666621526,0.25004623202979787,0.24900620504950186,0.2487981776602333,0.24883015527028146,0.24858764349323054,0.24946101967444542,0.24895918279564075,0.24655847319749566,0.24595098833343687,0.24640335051697804,0.2454847219343563,0.2441620929358367,0.24389483810265292,0.2436983484166023,0.24275914232815818,0.24220424435146076,0.2419038852198307,0.2406637284178653,0.23962752025136633,0.23913046139265898,0.23960292332144606,0.23839249299015777,0.23668131156349262,0.2364403065642755,0.23588055243567776,0.23511733318563968,0.23471086815089903,0.234586334974632,0.2341852431539659,0.23375648992389672,0.23371331502555784,0.23373629287194014,0.23373000917703585,0.23308472322862295,0.2325639139099079,0.231867877301508,0.22993600317815602,0.22909226543353095,0.22914126809304772,0.22879475638265417,0.22850594297745286,0.22805678643421332,0.22726211566190962,0.22743245446599047,0.22835925430654927,0.22821168601697783,0.22823646526426988,0.22812479126583032,0.22660253466102656,0.2263138399851035,0.22772793231228186,0.22744909932491505,0.22615481831259912,0.22579727235017988,0.22526803139191875,0.22465349671926377,0.22486842021846787,0.22395663670202973,0.22444123266588603,0.22426940623770103,0.22219613924373158,0.2217886486631857,0.2221251203194562,0.22107484523951734,0.21967277845282476,0.21972141164238088,0.21987319531974844,0.21911228872060248,0.219233252229835,0.21981701449989602,0.21949266376732388,0.21864121827451072,0.21822182210762547,0.21893862216163976,0.21968150087534036,0.2202802132411962,0.22005122150524922,0.2207592423181146,0.22029739392735503,0.2172932699602785,0.2164641389007521,0.21658649277322226,0.2166851226704754,0.21786356180299316,0.21799923735946486,0.21800287938411742,0.2176577817718535,0.21631572261849416,0.2155370366717762,0.2144576597926565,0.21438473031005115,0.21570079531271769,0.21575297758543097,0.2149744416652698,0.21514238717205134,0.21530063079098902,0.21581550434977323,0.21876021359404027,0.21883265147103906,0.21602904330012604,0.2148082616941899,0.2127334513492519,0.2116207002085396,0.21277872948525745,0.21244691419091252,0.21060843790474232,0.20973144621774126,0.20993760138906134,0.20885349923425325,0.20635637692765618,0.2054666717438184,0.20616509042089795,0.20680515696520818,0.20872540738994066,0.21001656152065115,0.20948832861894226,0.20839934713715874,0.2067445832880296,0.20612104081544422,0.2065745686833025,0.20553075640703314,0.20509771045595648,0.206397784698344,0.2056546415449987,0.20456325441036805,0.20568407280173276,0.20530239655421617,0.20414193438147735,0.204160836878424,0.20252654376560572,0.2021885663325104,0.2049729781499383,0.20462235501474693,0.20416212694943447,0.2065720889038138,0.2049849934526328,0.20412001536982233,0.20557709680162173,0.20231695225941895,0.20014727528934353,0.20298396379024214,0.20497180459643846,0.20420757154676938,0.20309939607653507,0.20073429871927354,0.19771038206573457,0.19815684085954557,0.19913447296785897,0.19943387519148303,0.20238153343800705,0.2021607168063652,0.19827392846022662,0.19861487472562156,0.1993877410325445,0.19753891838358686,0.19684677691533997,0.19525200475331947,0.19402760162373428,0.19590188929865837,0.19696707667109364,0.1969136605115322,0.19848239025104983,0.19783121394302705,0.19704272074566703,0.19958011928536892,0.1978993602962517,0.1938268734639683,0.19280627355661925,0.19286376282314774,0.1915568610357556,0.19118322777677538,0.1926360915273579,0.19076172309773767,0.18947415310608234,0.18889938204890855,0.18557234266818626,0.18617123614452397,0.18860959736739316,0.18896260135093407,0.19109683968522173,0.19321188131955386,0.19243353878254105,0.1908881250817692,0.18819077611866106,0.18576506449840713,0.18642990141048893,0.18392298173497013,0.18070304383995472,0.18218174094498224,0.1829913784044562,0.18310915593873195,0.18488717751434453,0.1861933603661217,0.1833450067059243,0.18023215270781534,0.1807630652106757,0.1804644498574864,0.17933633371897229,0.17794731562606503,0.1720947221163844,0.1676172578601432,0.17183301388455774,0.17438681246779167,0.1737486000187634,0.17632797300827172,0.17324169636895706,0.16958217042644586,0.17433871182360705,0.17684055348337435,0.1714178559395519,0.16802952300147705,0.17199478969387738,0.17075609041424486,0.16875542711720445,0.1739686065605777,0.17263273590446868,0.16867806166627916,0.17103676988273403,0.17061865324906206,0.1682921696259856,0.17050364370252244,0.16786522705738002,0.1673877978838197,0.17070719815844396,0.16984364192700677,0.16808363163012896,0.16759650122707903,0.16273252796060994,0.1620396601620957,0.16725415619611878,0.16733305315244093,0.16506980079224837,0.16445103253210647,0.16154453262654114,0.1586897210480545,0.157618443052671,0.170515541499173,0.1709896266469745,0.163623582263392,0.16589741927962406,0.1638067304739579,0.15492649325910682,0.15994108311073318,0.16562210337209463,0.15748727105408108,0.15214132376996828,0.16030478982393886,0.1686367742116534,0.16422540297407004,0.15725589963350192,0.15664137426660885,0.1578669502531394,0.15827919296856727,0.16743546855158556,0.17327861795660865,0.16277105280911322,0.16119952261370374
33_6_ANDGE_1_M_1_00000,0.0692137627398916,0.04978448583601455,0.11006090362172695,0.16875939531628714,0.17412029643648336,0.11298350974390839,0.08148294190588878,0.09023891464844863,0.09898239895173548,0.14664948456571436,0.18261277434160536,0.16361144800283597,0.15131442339762854,0.1147168962252155,0.05839525684805118,0.05544214059083379,0.08186208308221705,0.11282232972465453,0.11534586921521392,0.10947392418088062,0.10309363103771918,0.1001948331634539,0.10448919146225102,0.09755563439137918,0.07553370271276885,0.07182061840617447,0.07253723634881722,0.07477261115376894,0.08426817881115592,0.10988950480945125,0.1333430258847839,0.13117543144853613,0.09896122451219176,0.08920660280435426,0.1207342933249384,0.11146130011607065,0.09693869901481027,0.09427414932724527,0.10007406835468591,0.10744279146930864,0.11285626800434195,0.11473234046288627,0.11058449569257853,0.09943065064802707,0.08480273268555363,0.0877567163143727,0.0906693147362345,0.08667282380924714,0.08805870634526371,0.08859124868363946,0.09214835225630097,0.10753179566704789,0.10009732121365965,0.08760028783869567,0.09382566027212891,0.09722180794890176,0.09532240516447173,0.0911972395933553,0.09776171410650752,0.09662433456009031,0.08932736521558153,0.09740328532611699,0.09423030299822148,0.08613518126240387,0.0887532516827159,0.09167997783399096,0.09609463810599088,0.10165123826166551,0.09491416758941999,0.09267237478172707,0.099290909654718,0.1007529465847683,0.09890219674112169,0.09696387405561191,0.09960269660070158,0.09827355188655941,0.09622097359941735,0.09822065107698015,0.10065297053346614,0.1019963550433831,0.10208816266290116,0.10361168917272724,0.10370048327851158,0.10293609305087333,0.10572476029492568,0.10548373075928659,0.10456526136626089,0.10808945469009462,0.10850003816877103,0.10695640566163221,0.10606362314952078,0.10803498769815276,0.10998295579172646,0.11053579980066344,0.11134549746291146,0.11069029745314118,0.1108816687598154,0.1172311353169036,0.11771048067546408,0.11625371115399984,0.11986707103800048,0.11885533284818728,0.11760122316573585,0.11924437979054793,0.11807655133258349,0.11830540821489915,0.12075831860314723,0.12197173317334829,0.12121818298950246,0.11998052009730385,0.1210307581083387,0.1214386374572235,0.1211432844210599,0.12092670927171685,0.12293979718066203,0.1232911982095809,0.12092459228423746,0.12226968435546906,0.12225967778518863,0.12065517938381731,0.12163234560046755,0.12253441333767964,0.12189998888816271,0.11912541287197788,0.11994033724806308,0.12195183828307943,0.12248622669662049,0.1233179388810905,0.12390162048846864,0.12381950375707783,0.1227400169829704,0.12231961717234675,0.12262924623404073,0.12265252649101897,0.12399404771132266,0.12479602754685094,0.12305951662339017,0.12396641042857262,0.12468038487235292,0.12354619273560159,0.1255460428912942,0.12587886923018213,0.12438265747379684,0.127674172937509,0.12988688630731696,0.12995794508729647,0.12910005939443348,0.1310521084787696,0.1337521701453433,0.134512774230633,0.13558639376191073,0.13760684871764858,0.14040776179302533,0.1421412515164133,0.1442835777595604,0.14701661001407187,0.14917752425835723,0.1520431831187819,0.15554149675238413,0.15912375993729844,0.16356444778695886,0.1674901380819669,0.1700850051218489,0.17448928898241794,0.17950242108769243,0.18419403031521506,0.18827660427483814,0.1935572822935901,0.19952701987757884,0.203682982345255,0.20818215508841695,0.21353477654881417,0.2195924096668961,0.22476029964199964,0.22962909820726882,0.23485372060698192,0.24008812159305365,0.2448635528592788,0.24908208111867977,0.2533025097470957,0.25680607030697983,0.25990743636394936,0.26363818481661244,0.2671601508489855,0.2700590220711433,0.27215539829575564,0.27400061865015024,0.27614399348205293,0.27861897060070706,0.27983952725135214,0.28128751342825964,0.28337347195845447,0.28507202791203773,0.28614064875460193,0.2867963515680635,0.2876077354215366,0.28946604617460653,0.2910562576789349,0.2910122143104059,0.2912981773781219,0.2921597645316081,0.29339644706236107,0.2942609523179291,0.29425114233229593,0.293593359642194,0.29344664500735795,0.29312052956336526,0.29240914142458785,0.2912947999592428,0.2902281605361654,0.28906763393534685,0.2875895081244304,0.2858202456340086,0.28413040452154814,0.28252012225397655,0.28008121892315363,0.27749694571424366,0.2750166147298546,0.27258092195710715,0.2695641251131544,0.2663819036032347,0.26380540835250693,0.26101419524627945,0.25802352180495713,0.25506222780633636,0.25261827584315366,0.25029948514723055,0.2477882614373155,0.24478283771187798,0.24242465126018023,0.24071775189457997,0.23877412055202135,0.23665859306215026,0.23466886344443288,0.23313791913932108,0.2316706792278929,0.2301156719686886,0.22846872890911762,0.22716687118324538,0.22556026315876143,0.22362444587976157,0.2223772406023137,0.22129751944477388,0.22008695237957562,0.21850745686694403,0.21722152246001672,0.21627891232777804,0.21560397031943854,0.21547275355791917,0.21567865855820462,0.2159120107084167,0.21573896637437623,0.21496906272005958,0.21360679450022962,0.21189310856890786,0.21001965498324052,0.20827333564692835,0.20693699484305492,0.2056756276461534,0.2046117196316001,0.2038748020042008,0.2032323606839021,0.2020188156947296,0.19996128587550638,0.19756338151728797,0.19595557848430853,0.19487259027118534,0.19261116980650445,0.19068937490919227,0.18922792097206687,0.18791714914800056,0.18721544999707063,0.1869911281471939,0.18697955334193903,0.1867883596121056,0.1865234824721905,0.18614668104747054,0.18531068308363055,0.18425224536396315,0.18317502539868222,0.18228084514102896,0.18115491846895265,0.17981868275471202,0.17847420817064472,0.17761088472240089,0.17666236115514514,0.17537536044628133,0.17471589424029477,0.17383591217754418,0.17247488254808951,0.17102371151179369,0.16910104889319655,0.16719585834418654,0.16607142500160976,0.1642160474077185,0.1617920394538527,0.15931721736152982,0.15727683520248542,0.15537117200976844,0.15338422925245399,0.15120548253966276,0.14974691046252758,0.14879354307935533,0.14720164080064976,0.14571522167056006,0.14438073904648552,0.14297982714988028,0.1407807657088794,0.13852896446426471,0.13673242577592323,0.13458791069503126,0.13233265157872462,0.1302095675848042,0.1286112143992597,0.1262512425400908,0.12349838124571465,0.12156584089690424,0.11985630743451867,0.11841213215758387,0.11729469375804596,0.11603681906557911,0.11497789637962026,0.11431125006814682,0.11388835983368456,0.11346973052894158,0.1129446051077108,0.11229814571946951,0.11220158904047156,0.11256369119096543,0.11304076230660505,0.11359096424148847,0.11449855695526726,0.11588298980523619,0.11713286445905065,0.11907100760675401,0.12197244689477553,0.1254083337444084,0.12946043752827735,0.13425840270601566,0.13995694011526033,0.14654330413509983,0.15404444876293247,0.16241899339707452,0.17131292969704875,0.18108888879072055,0.19170486723688368,0.2023439333215522,0.21346898777612738,0.2250022501316524,0.23658546643791273,0.24834239858886678,0.26012900923713667,0.2717427046055168,0.2828102776251134,0.2938071240208247,0.30482681053349253,0.3145439468028312,0.3240714386855206,0.33373367910243135,0.34311495872705094,0.3522604130718643,0.361090845683843,0.36953490709793124,0.37805571614340705,0.38635562704954224,0.394181091319479,0.4019115388740556,0.40948453236693183,0.41675417484719374,0.4234537850267571,0.43012742312632674,0.4367741341505959,0.4431642067066006,0.449425339749238,0.45512229946994964,0.4600464818466002,0.46521412240527893,0.4702584279266435,0.4749479149487701,0.4793608141915408,0.48329869498232825,0.48687438286799717,0.49038625598816366,0.4935715950013773,0.49660636100044897,0.49964967065342664,0.5023165466720777,0.5046609397819578,0.5068002227670614,0.5089656670103985,0.5109029875796297,0.5125015927540693,0.5137508988105877,0.5152717946208921,0.5167890184570347,0.5178779370323513,0.5189809426609723,0.5198435693542729,0.5203837238208812,0.5210205214528528,0.5217957054020375,0.522637894782638,0.5233525120363156,0.5239683844903198,0.5244322379062021,0.524723746208998,0.525225739652873,0.5254721459495852,0.5252562730576907,0.5251513918236766,0.5255046350029224,0.5260828534733321,0.526072633004607,0.5258877169547286,0.525846951435406,0.526144446723027,0.526036222050395,0.526066143137771,0.5264725259464998,0.5263327672958957,0.5262125011770945,0.5262441215033445,0.5261920261987637,0.5260572742983414,0.5260292298084883,0.5262773682143965,0.5262909260407465,0.5262971564959069,0.5264019994371917,0.5261866406336411,0.5260007820945686,0.5259309274213941,0.5258495486733749,0.5259210087763994,0.5259272624408986,0.525638078320761,0.5255611115817131,0.5254335682605034,0.5251558561932056,0.5251580367120839,0.5253349509083702,0.5254729214730152,0.5252541735467121,0.5253987181135016,0.5255892183584527,0.525386650670834,0.5253958589022014,0.525126689273409,0.524501953180289,0.5244267481833276,0.5243772473145363,0.5242979228203823,0.5243696954685626,0.5243068134275708,0.5242750036904814,0.5244035623735004,0.5241626577740398,0.5240838946554415,0.5242335245105668,0.5238222773439997,0.5236865524091621,0.5237394153762175,0.5235137224525979,0.5235028939560019,0.5235572497170526,0.5234898486761554,0.5233574214624976,0.5231783717398973,0.5229056831141342,0.5223849123125455,0.5224845640836765,0.5229252851633905,0.5230083355500241,0.5224519644559441,0.5219932416602685,0.5220993545496501,0.5224077561035724,0.5223823690724748,0.5220400156591428,0.521844538912747,0.5217012760457068,0.521453082779839,0.5210689733856544,0.5212672479583504,0.521542724943313,0.5216112033408808,0.5216339441715117,0.5216018013607221,0.5213712400689359,0.520820290008656,0.5209719033840916,0.5210718949068164,0.5205732853049966,0.5203980026941106,0.5203540592963275,0.5204098064312817,0.5206770398481124,0.5206350021381418,0.5204812265735244,0.5205067185421767,0.5201799745804873,0.5197161234849478,0.5194319299686813,0.5197972998702097,0.5203703955263613,0.5207277191560076,0.5204675889218761,0.5198898212487526,0.5192727011908671,0.5189289323982488,0.5193862990894639,0.5196917714135624,0.5196992666537822,0.5200145338140615,0.5200944927531198,0.5199002204232129,0.5195566309786357,0.5192044794789425,0.5191399540177445,0.5193989310283791,0.5196347998304192,0.5195095762510786,0.5191977961667505,0.519120764215192,0.5194026377377926,0.5196001834036521,0.5194506398499291,0.519280226225527,0.5192712095233849,0.5193379871979639,0.5191796666556526,0.5184976829927842,0.5177702834171273,0.5175424203258099,0.518055541488252,0.5181782325235538,0.5178737977554252,0.5183133579154481,0.5183713087488122,0.5180631191177425,0.5177515864989198,0.5177534648084449,0.5177514587264627,0.5176426517159884,0.5177318918487329,0.5176902057068186,0.5175477097235063,0.5174640240590765,0.5174306051408913,0.5172658826260208,0.516939856757267,0.5167993183753783,0.5164910610504687,0.5161169435307621,0.51600334139889,0.5161948211776504,0.5161623591593143,0.5157407064713444,0.5160016493929155,0.5160899233628357,0.5158065797992649,0.5153994455213069,0.5148597937907652,0.5149406959472346,0.5158733477045765,0.5158561829673302,0.5154581411513424,0.5151559110412577,0.515328138329609,0.5150050209060706,0.5147108846567098,0.5148806951279065,0.5142338853057775,0.5135282660747363,0.5131786506441669,0.5132210616795442,0.5133031830528866,0.5134081039022955,0.5135417374385658,0.51346416226212,0.5127820175015531,0.5119956403652989,0.5125820725689402,0.5121076608367533,0.5114209056478172,0.5117027371584653,0.5112493563856839,0.5109382631220847,0.5109433653415947,0.5105385023515202,0.5104850490024221,0.5106012699453002,0.5104932934362031,0.5100399155948699,0.5098397633029342,0.5098191678657593,0.5091200599460162,0.5083624711013047,0.5079547857158848,0.5079275653489667,0.5069008451313489,0.5061118061956904,0.505942927829353,0.5057800188704132,0.5050289143687591,0.5043544412356625,0.5043034946043209,0.5034352874199034,0.5033661642830132,0.5039330189925814,0.5032965953502205,0.502571422171506,0.5020136119539028,0.5016457720189721,0.5012258594054606,0.5015376272735446,0.5021823260514725,0.501893335006352,0.5015615349307575,0.501191919897703,0.500761827039102,0.5005761207308645,0.5005353168421875,0.5008982300452445,0.5019037577690222,0.5012814825252034,0.5004526944129342,0.5005085741147395,0.5007041917905647,0.5008490029996485,0.501003843564901,0.5012561596104862,0.5007127362395383,0.5003959504590393,0.5007242417688135,0.500909903957028,0.5009011883783506,0.5009114471382927,0.5010283483678593,0.4999783830759007,0.49982767715499477,0.5006825065698871,0.5004505455204417,0.5008807753780882,0.5012439322484559,0.5009615142072844,0.5019871903654327,0.5019638338977093,0.5009225356003818,0.5005347841035246,0.5007989733648455,0.500253487455118,0.5003372766350145,0.5001950947247072,0.5005281558317463,0.5008084637197499,0.5017831633533388,0.502624479952283,0.5022900171336045,0.5013893643463574,0.5004541803921998,0.5002337793360443,0.5002701879814248,0.5001126962877906,0.500656896770897,0.5008333359761522,0.4999070641703671,0.499883884015959,0.5002954496137884,0.5009400505489351,0.501108035364831,0.5014982413070198,0.5015791436800591,0.5010849938809299,0.5010570634070792,0.501641825650042,0.5020115320663507,0.5023903298931665,0.5025525465330745,0.5026008212276186,0.5027221149471051,0.5029413649839662,0.5028296209153408,0.502391070681188,0.5024632060440419,0.5029171304985358,0.5033293189509173,0.504001122387325,0.5043918823648179,0.5034267825495296,0.5028693568023053,0.5026972846451985,0.502552391963322,0.5030517597212617,0.5034188616206817,0.5036057590783681,0.5035227116603465,0.5030171912752388,0.502774266645587,0.5028778544635931,0.5026452457013026,0.503279768541234,0.5039284141083168,0.5038628375266379,0.5044605752520618,0.5044610634198113,0.5038013637252948,0.5037537293070705,0.5031785352242831,0.5029257951313957,0.5030859959173025,0.5031289806388503,0.5030421176183085,0.5037247730346497,0.5040800859399166,0.5041934333955196,0.504160628119495,0.5033408244331619,0.5034951167642231,0.5033591475619242,0.5028316636448749,0.5031809417666017,0.5023022022595014,0.5016881050910035,0.5021862108178756,0.5018664025562741,0.5018990462851672,0.5022149802747629,0.5026351552502504,0.5024425799835844,0.5027208121071954,0.5026448696711303,0.5024466298938032,0.5026436045446211,0.5022865457741804,0.5022502981932027,0.50230206175137,0.501980476217463,0.502565858234365,0.5031020111807735,0.5028338770056022,0.5026155375872009,0.501957904536273,0.5015345308119382,0.500823146848128,0.5010555915016496,0.5017230101885847,0.5020634001633102,0.5019282818515103,0.5019257620520304,0.501858642786658,0.5017074727543677,0.5020689497806957,0.502150357422436,0.5015868570743536,0.5014304463929709,0.5012132684365552,0.5008576378588877,0.5007524923413024,0.5009891485985184,0.5007410686172525,0.5000758932577728,0.5004313536615035,0.5005345132960536,0.5000193248081152,0.500303445536724,0.500029437429211,0.4990339866265219,0.49914942645149624,0.4995991982408906,0.4993825040560629,0.49905616393585644,0.49859842312784863,0.49832725767530117,0.4977805227362454,0.4974408612967184,0.49748656672142777,0.4975025157145681,0.49669663349250376,0.49601961056437244,0.4960439195299415,0.495317504384403,0.4943228358014776,0.4941976792809842,0.4936204051032477,0.4922787464957766,0.4914333230255596,0.4906699269712507,0.4898941436766657,0.489222787649857,0.48850150134658377,0.4878575363543214,0.48688725825086615,0.485545885798022,0.4845198127724428,0.483702469698982,0.48267269297156923,0.48151737697505476,0.4803004161851131,0.4791857482402014,0.4782723708848344,0.47801971844615326,0.47807863914128196,0.4770326496086617,0.47586835943102684,0.4753153082653186,0.4746231700312744,0.4741272031414725,0.47469997150469945,0.47441404225498995,0.473174659956032,0.47281477291165547,0.47293636141506884,0.4724651373822112,0.47202956960621556,0.47208450052246503,0.47190680918024064,0.4718786914127552,0.4719348783397731,0.47174732073471676,0.4715097391035565,0.47122042002707987,0.4711401794607482,0.4716475588247337,0.47162155401609307,0.47120262780950933,0.47107954623946763,0.4708982226482708,0.4708207077197306,0.4708823015921496,0.4711324015588777,0.4707931739580423,0.4705992283378044,0.47086390672790346,0.4706018605334748,0.47042752732452314,0.470685489487426,0.47040086710263523,0.4699682867755252,0.46995205458309164,0.4703537312747748,0.4703595530920242,0.47041049701080895,0.4703741237539354,0.4699777515429309,0.46985449156817066,0.4700040272593451,0.4699273876863704,0.46974167229183394,0.46971353409930344,0.4696203823577448,0.4694111546079306,0.4697086492955675,0.4699553253586649,0.4697801749832259,0.4699442566117451,0.47010456432638614,0.4699713314651834,0.46993919874323553,0.4699504809570747,0.47011125807115656,0.47034256604063557,0.47043194906248204,0.47059160968720043,0.4707988285773704,0.47091750072202954,0.47102402786171377,0.47125336318876904,0.47140871584583777,0.4715257942223732,0.4714262515128484,0.47114264102130204,0.47122594339873636,0.4713561463858125,0.47144035249975086,0.47175100944265136,0.4720444900805031,0.47223756470806955,0.4721986609390242,0.4723198176412889,0.4725841313952447,0.47277077390331496,0.47293462004238895,0.4730189718359305,0.47298264170732085,0.4730750617556735,0.47313022242528635,0.47332337177767375,0.4738550453861177,0.4740161291451711,0.47392676035501186,0.4740239685747107,0.4740469588413934,0.4741235258808563,0.4744787462582617,0.4745841063894351,0.47461881816911944,0.47441897897493185,0.47451033815212446,0.47477923392669674,0.4747525845725767,0.4745657285786009,0.4746777176219694,0.474818349788857,0.4748066150589189,0.4750088863716314,0.4751135356563602,0.4748180811587684,0.4747542893089756,0.475108972496445,0.4751774068990069,0.4751329411529472,0.4748474424827637,0.4748131726085816,0.4749902902328229,0.4750075480087148,0.4749929574815064,0.47497567848698086,0.4747984616897232,0.47465083406685,0.4746146800484506,0.4745058695397312,0.4741319107339929,0.4740642289529562,0.4742959740245877,0.47425119763310286,0.4742597799458524,0.4741817225801949,0.4737872848319458,0.47356102341341594,0.4735724931655016,0.47337025280155115,0.47298348705648446,0.4726576106378469,0.47280950075013284,0.4726654779842739,0.4722548129121956,0.4722050526643764,0.4720018678379833,0.4713757825090627,0.4711399234360724,0.47145778286241447,0.4711734204727189,0.47041640325978196,0.4701451956833184,0.470015454832877,0.46965504851594714,0.4694733723121902,0.4691548399589341,0.4683849942634665,0.46794088738450473,0.46791000830382073,0.46757559683507316,0.4670899805300876,0.4666225562716999,0.46597065787975717,0.4654396617052894,0.4650585977564158,0.4646446832357879,0.4640629578313172,0.46347281904318594,0.4628926759463755,0.4622514975253649,0.46156216109369275,0.4608793144567633,0.46018314693645507,0.459409529237045,0.45863953133518925,0.45788030816139347,0.457154092976287,0.45648110582826795,0.4556175363509737,0.454651238927466,0.45384854535428115,0.4531035829527362,0.45209333215648506,0.4509394255267233,0.45006609538124714,0.4491817461314508,0.4481688681684954,0.4474002077527857,0.4465466546722763,0.4454701789304958,0.4443657563147647,0.4432560841978739,0.44206567763620386,0.44100099132664905,0.4398204880602106,0.43865519921732143,0.4376187672940199,0.43661369131913846,0.43551015325237286,0.4344514508308438,0.433564184510582,0.43258990198288555,0.43156115052181043,0.43042519002789714,0.42908769328041696,0.4281620537242115,0.4274389301745628,0.42647851802811493,0.42571432376463436,0.424870352722323,0.42369207511187107,0.4226502933360417,0.42189625561566774,0.4209323469183969,0.41977201105506046,0.41867258144098846,0.4176434316872685,0.41642944199385223,0.415247427607562,0.41399394483905405,0.41295648874098306,0.4121169029035795,0.41077968287590094,0.4093651897941138,0.40796414135133713,0.40632717773731,0.40457682665319145,0.402980912203061,0.4010839024231172,0.3987740498917291,0.3965372927314781,0.39453001667802196,0.3919656727232882,0.3889720176946421,0.3860172517585408,0.3829336738513992,0.37952781440606675,0.37605300083154414,0.37225370162298893,0.36805475241261687,0.3636945620464511,0.35910080506149766,0.35441461648247613,0.3495621708853249,0.3445163480348091,0.3393064268940361,0.3340127843097126,0.3284567801922927,0.3228795478365153,0.3173109310893324,0.31176626942508545,0.3059861508358142,0.2999474800529998,0.294271879019948,0.28850823561890654,0.2829887684925243,0.2777508654919708,0.27253895667925077,0.2672201482225512,0.26234274646727773,0.2577684841844126,0.2533093038526229,0.24907527464064436,0.2449942478890217,0.24102027157986475,0.2373051610077886,0.2338027824746604,0.23050987744064388,0.22739299638320407,0.22453993976870165,0.22196912637774785,0.21951864159654802,0.21727993470421475,0.21521201265026324,0.21340184988155708,0.21156198180293062,0.20972023564639547,0.20815972511884318,0.2068614027191434,0.20544315686308784,0.20399341853597755,0.20287981910328504,0.20186568799154095,0.2008073903372381,0.19991146161515524,0.19933974550176353,0.19873028878140556,0.19807073700984995,0.1974949110029854,0.19709173674359237,0.19672549763201183,0.19635009241118426,0.1959861956228464,0.19574322512207618,0.19552993790460443,0.19524039280769587,0.19505910762965412,0.19507438533095897,0.19499545583969372,0.1948149885722137,0.1947757022612503,0.19485234846617283,0.19487446368376776,0.1949178198779057,0.19498493731325434,0.19499786895710608,0.19511051610539834,0.19533490652247468,0.19552748762902106,0.1957814668079149,0.19598172050601206,0.19601152523840912,0.19628191276410709,0.1968145255898602,0.19711972869326297,0.19725830466677022,0.19769707718104265,0.19828201510444626,0.19868189858677424,0.1990733592434571,0.19972999247062023,0.20039052563768667,0.2008447394204527,0.20154191441097435,0.2025690521425222,0.20349215835601175,0.20435770009830337,0.20519763187072332,0.2060643197069599,0.207162493166548,0.208309493293181,0.20933778801473976,0.21052001545834007,0.21174637224060416,0.21279327374466175,0.2139668766277439,0.2154273601300036,0.21675438348849746,0.21789563727618355,0.21918416795331042,0.22064804024686757,0.2220172601661904,0.22329456183720844,0.2246818813655605,0.2261711898703384,0.2275763462866577,0.22894008238294564,0.23039095579900576,0.23195938752022052,0.2333075056381108,0.23447404243328024,0.2358888197239585,0.23731628861680526,0.23868572558904985,0.24014685083553647,0.24173255351843145,0.2434202592090636,0.24485552052020035,0.24620846386880907,0.24776308269809094,0.24922348633660324,0.2506379138909152,0.2523149458154491,0.25389076968066854,0.2551396049658186,0.25656361624206725,0.25831035820838694,0.2598077009485751,0.26105318947387096,0.26248215292645194,0.26401726144918297,0.26536433685330113,0.2666714742074873,0.26803354870590534,0.26942949278097544,0.2706568252691055,0.27201646587565,0.2735808658109595,0.2750252735709833,0.2763778625358523,0.2777191508754418,0.2791041069411298,0.280470118111452,0.2817143978027708,0.28308571952220346,0.28463240502723697,0.2859327018827599,0.287076707023852,0.2883964865364995,0.28970682114283575,0.29100043301177386,0.29243408989087544,0.2937049899187534,0.29480146803905477,0.29601969843552833,0.29729700444470447,0.29848363020766994,0.2996567111947154,0.30080210593717177,0.3018769178970392,0.3029736153357135,0.30406451039343346,0.30517002829047435,0.30622594032468353,0.3073869262886602,0.30872971598311166,0.30980369492083387,0.3107318861151517,0.3118065888966566,0.31281814298490834,0.31380583711481225,0.3148730223799583,0.3159638414855451,0.31703752508383826,0.3179942578825622,0.318958863923572,0.31995287026718144,0.32079563382209764,0.32170282872933115,0.3227768065694613,0.32373903502201845,0.3245579200391296,0.32545616249471027,0.32644230938085445,0.3273370788618428,0.32820494288674595,0.3290405665066215,0.3296937884057991,0.33057071898824897,0.331680200334075,0.33254480139576226,0.3334138335544143,0.3342523412577853,0.33476764014525767,0.33554894894072096,0.3367090314755049,0.3375144832004838,0.3380963019716824,0.3388745138655695,0.3396439308699449,0.3402796052962491,0.34090814549672654,0.34168418336164885,0.3423718751557832,0.3430793813436976,0.34404456171476877,0.34488578861465446,0.3454906422195075,0.3462521869829511,0.34730138338130273,0.3480374777947804,0.34847078559293426,0.3491648410968409,0.3498895619740215,0.3505248608004918,0.35126525396064384,0.3520422154895384,0.35272694715618563,0.35339190393539277,0.35421296281050046,0.35493504458856406,0.35546333549633125,0.35605292771679203,0.3566788443677098,0.3573102981495447,0.3579419091321048,0.3585765934471717,0.35922666309309936,0.35985986226615535,0.36052939477833434,0.36112134508362553,0.36155830439120135,0.3621698409307065,0.36293564054617133,0.36353767086188254,0.364127813616769,0.36475309580997745,0.3651875271299614,0.36575442743357084,0.36664928283466514,0.3672746630674281,0.3676738054670394,0.3681860889299376,0.3686167155440749,0.36907603897632957,0.3696836929594763,0.3702103570158585,0.37060790118185266,0.37106813548260326,0.37162079991716934,0.37207818801504255,0.37239812135962286,0.37286574550088325,0.3734935346818113,0.3739044730823475,0.3742482428742089,0.37466655615050964,0.3749186179966087,0.37521382147484167,0.37563784093376534,0.3760612694335687,0.37659189486664574,0.37686689113008204,0.37687271600988353,0.37717227326622615,0.3775342806020784,0.37770591184692104,0.3779438627190887,0.3782797795775726,0.3784791008956394,0.37867585917380464,0.3790856764339891,0.37940294185553014,0.3796121165187371,0.3797129591147767,0.37965504988355836,0.3798180155369487,0.3800340293519823,0.38013142137309397,0.3804061530787608,0.3805796067376153,0.38041435227862547,0.3804641078096417,0.380757726433128,0.3809220922381755,0.3810423688746186,0.38120997621620517,0.38138476186518633,0.38144671885882286,0.3815580153856265,0.3815542362406274,0.38128986142703813,0.38124477934050116,0.3813136550009926,0.3812706321994445,0.3812813038539148,0.38124558817529397,0.3811176885561857,0.38100303637814237,0.3809058110473632,0.38075739505929285,0.3805052567050839,0.38033827120341607,0.3802478223074962,0.38013896795994584,0.3801298691678841,0.3798650764521705,0.37935378577659357,0.37907959621077464,0.3787939647381565,0.3785576605365705,0.37855634748755174,0.37829703288427136,0.37779680726060355,0.37749764410026126,0.37720405532612733,0.3770277134175348,0.3770450158697253,0.37679227633145956,0.37652184698535995,0.3762069639410448,0.37566616133087494,0.3753523574218746,0.37510084244302283,0.3748374203517766,0.3747713194589294,0.374438544415955,0.37392145000725746,0.3735713302953202,0.37318046796408666,0.37271246033024935,0.3723600599359642,0.3718907275522689,0.37113976578521407,0.37085816641734315,0.37056506330788025,0.3703537906298322,0.3700006306816814,0.36932273993263826,0.3689424717277138,0.36853117013017767,0.3679372603348238,0.36737172321239303,0.36690973233415114,0.36643699683257447,0.3659179430017662,0.36572728611401323,0.3652541167014108,0.3644983180922713,0.3641443650503243,0.36364375139608257,0.36291119936533767,0.36242185947683336,0.3619247201282919,0.36124776885760185,0.36076985733526484,0.3604475953628643,0.35990119036019685,0.3592479476963498,0.35871350985531913,0.3582774292166154,0.35753523086889477,0.3565202909958742,0.35591599887903863,0.3553629458108678,0.35460312753911416,0.3542603323015817,0.35348253684561565,0.35187721013215617,0.3510551584600205,0.35066904554973677,0.3499865905575007,0.3495699447256409,0.3488253238393815,0.3476224391735974,0.3468766853989699,0.34636001711287645,0.34559405662305903,0.34482950661877065,0.34411616153627955,0.34332181243424253,0.3426932290969718,0.341890282171694,0.341124937577178,0.3404800597357798,0.3398856767537794,0.339446896229854,0.3389817489520883,0.33801583549070185,0.33708492134839485,0.33666874202237734,0.33628949325604396,0.3356935311187081,0.3352843702011977,0.3350477506339105,0.33450308080375113,0.33421545698526384,0.3341988108244254,0.3335946669440507,0.3329814013616245,0.33284995246525384,0.332582397037463,0.3321696316246942,0.33216699748881867,0.3319414212630787,0.33151254246782175,0.3314362292751724,0.3315785685412807,0.3313330392909688,0.33097534550013535,0.33091918415668936,0.33069727829952555,0.33079361923074113,0.3314949780846045,0.3315546675689615,0.33119989248348025,0.3309071965756583,0.331050214784095,0.3055761713881971,0.30633281095537546,0.3065961449384465,0.30646754356383377,0.30631089086630614,0.3060217325363458,0.3060364790764242,0.3058639694356669,0.30524177825599574,0.30534740431904966,0.3063050337134257,0.3063702420050009,0.30665477882663533,0.3060521460484329,0.3051573872809157,0.30494797434980087,0.30544765296711235,0.3064198938986024,0.30660515105716896,0.30650836921148045,0.30613763300219937,0.3049230361037968,0.30461767048333716,0.30423444771372415,0.3037133022677684,0.3040486027718856,0.3040476162491421,0.30367250087099823,0.30324334649406637,0.3031205188879897,0.3023461217809981,0.30207631970078025,0.3026008019820985,0.30268351112055397,0.3019615679346839,0.3018233224065072,0.3016052677855049,0.30071450456953436,0.2998984058459245,0.29916202732828445,0.2983512467224961,0.2971025169217783,0.2963854117091902,0.2958511581294358,0.29454676359806564,0.29340262151324514,0.2926434000934461,0.2913927466663043,0.28974380025072144,0.28790384180039996,0.285633614712818,0.2829821292938566,0.28119804540897353,0.28006327935010994,0.27864705466193984,0.2766216578781981,0.2737995222739839,0.2707219012727714,0.26788926103234,0.2652661206689377,0.26224745074741745,0.25925121556753805,0.2554441428832285,0.25134398248313283,0.24783550508835975,0.24446937136973765,0.24059471179095024,0.2366375521791507,0.23218509550682628,0.22683328268385464,0.22140738029268794,0.2158482965003923,0.21040506294684758,0.20483200569929857,0.19871870716324322,0.1932110810912333,0.18816965235016714,0.18205875071377545,0.17632486242097986,0.17108564638645138,0.16553268882030134,0.16005216635086789,0.15476848204668156,0.14955594718850782,0.1440067088405745,0.13862118707370685,0.13344080982517095,0.12818971536818785,0.1232242697825373,0.11889384328461024,0.11509932392611504,0.11137674997246064,0.10785145208010606,0.10475071482809425,0.10149084576755887,0.09831074034822242,0.0958023898316923,0.09288716410255377,0.0901330865994201,0.08829255770136539,0.0865743553804435,0.08487353102778333,0.08382812494554708,0.08280921154535584,0.08172198737555893,0.08052615828433252,0.07978466226046471,0.07933471166149099,0.0778652807604334,0.07637030600557244,0.07620518406045348,0.07601947859401711,0.07563076775093439,0.07587728630469748,0.07572784674668213,0.07512429275068125,0.07428470212036545,0.07432862552485173,0.07406267876488272,0.07384010068416773,0.07416954993585807,0.07383567251760545,0.07350776482138664,0.07351625827814144,0.07364179081877066,0.07343297524073943,0.07306701715743284,0.07351799026390257,0.07365973488421206,0.07361221534323187,0.07453292897195742,0.07503201918567858,0.0744748466373401,0.07408648553151313,0.07414921574488234,0.07415205784668956,0.07429341530048487,0.07519882343807488,0.07559011049022019,0.07575415127875333,0.07568558617276819,0.07550771523945492,0.07543449406281999,0.07574663680265115,0.07627000905162724,0.07663779610618661,0.07640965956050655,0.07664577074441858,0.07679423007198015,0.07698775232132087,0.07760564801592543,0.07818413570242112,0.07886534483504111,0.07837858575899108,0.0792464951793624,0.08054496236221334,0.08109420108546002,0.08166684074420213,0.08226509677786675,0.08244291822157808,0.08280722157275103,0.08355037316596932,0.08410952235606316,0.08463834617732283,0.08466898201002329,0.08501465213926475,0.08540153710324348,0.08572788919937584,0.08620855952142027,0.08665728574597151,0.08691090206472875,0.0876626622480503,0.08914373052245188,0.08970906753740203,0.08987145479861211,0.0904468820121989,0.09080148220097028,0.09085129413754475,0.09175754351254829,0.09310721440227729,0.09368522406090472,0.09403102005331856,0.09465702557391928,0.09528305292122626,0.09590648440476114,0.09644832038572457,0.09738345814161847,0.09878973934463244,0.09957714424289661,0.10039158523601084,0.10111622075867006,0.10132127749049918,0.10161524818846733,0.1025617433900677,0.10389127471307684,0.10463409073164999,0.10503009362454323,0.10582974295570902,0.10659348767877189,0.107260369854727,0.1083548112019568,0.10916516431492677,0.10958791921242307,0.10981795129633132,0.11110410685276109,0.11205097275651041,0.11236096059784335,0.11339864471030466,0.11402184039962808,0.11374859623227818,0.11445933907686745,0.1162187504415322,0.11699601335842345,0.1175211954098585,0.11829781376411341,0.11839151590182492,0.11900588377425636,0.12015614878580101,0.12154638769895838,0.12269659059319131,0.12321859882216114,0.12385790678605829,0.12413549470497123,0.12480846549488375,0.1255466505088974,0.12635937632753047,0.12754528975388607,0.128242584704461,0.12865983405772613,0.12927519262251497,0.12995526710032168,0.13010628311835915,0.13050665783632195,0.13155399906866727,0.13227602570968947,0.13307381157126988,0.1335264806130228,0.13357520358610786,0.13419953483341462,0.1350192338623399,0.13557301897758506,0.13639604901969624,0.13713405503000659,0.13741954381993313,0.13791753719279476,0.1387285595177735,0.1395407652371784,0.1400783090249822,0.14048755848652855,0.14120466301001627,0.1420472447875695,0.14298927358378,0.14470617379679185,0.14513516099130425,0.14434297355245224,0.1448124750116547,0.1453198266136489,0.14570916660730562,0.14726489724327513,0.14808549535044832,0.14797197142208526,0.14785762858240006,0.1482200041980205,0.148858193111778,0.1493116054791386,0.14986667471678344,0.15048617760058997,0.15103155866391604,0.15175440537437443,0.15280654611671504,0.1535128413133421,0.15415023874520617,0.1547435262330612,0.1550514106665194,0.15557169559408773,0.1564046230977527,0.15680487542808783,0.15721914169823178,0.1575353034475391,0.15808968163916462,0.15862459710239646,0.15917304913750646,0.16000866123484236,0.16059414392317167,0.16087544566745102,0.16133451701863163,0.16175563653761935,0.16236509680555494,0.16367361371313327,0.16405763805930623,0.16306268896615977,0.16360801958716692,0.16493230179143342,0.16565600997506102,0.1663046835711393,0.168122864603915,0.1686836901540273,0.16756414830656768,0.16777598374589373,0.16872085588964136,0.1692770110656793,0.1698256731170182,0.170413847609513,0.17087261022916997,0.17145708217927136,0.17221420469358545,0.1729211918700749,0.17354929546581038,0.17456124775074336,0.17496984290959217,0.1751023058460137,0.17550274549367967,0.17569159571543738,0.17608982390911676,0.17674431823423872,0.17728948507915301,0.17768189273245477,0.17827648688399667,0.179272844835954,0.17983118650635016,0.18004721975740262,0.18058142001073496,0.18103866066195928,0.1815605404178162,0.1825108689903373,0.18316401490130096,0.1832926366916485,0.18382760429717654,0.18464287140171756,0.18596366518987345,0.18625274885208257,0.18614709765743293,0.18670815308364255,0.18673522644668347,0.187332603702947,0.18960811886926798,0.1900519513420986,0.1887654380594894,0.18889848321829883,0.18922968641497892,0.18939093334409673,0.19023623416790442,0.19099044609116567,0.19212302278696403,0.1917152650650626,0.19117833547933027,0.19143418396985046,0.19220865465245535,0.19311339351382517,0.19355207745327543,0.19487761276269255,0.1953821019439887,0.19451169951908548,0.1946521548247792,0.19541136026154984,0.19604335568532452,0.19690709951632024,0.1972815456402056,0.19762472046959537,0.19785539076544673,0.1974392485049256,0.19742461567075897,0.19758270786215493,0.19781607595998887,0.19820782456386302,0.19887499477879242,0.19875840439556453,0.19819001878377043,0.19831851841569637,0.1982558899535089,0.1982643695152666,0.19902610256870887,0.19908497449901016,0.19816802844742867,0.19827509532210935,0.19892769114156747,0.19934700322671284,0.20038060101410182,0.20074292219687098,0.20033277468882651,0.2003913443112156,0.20058678393450605,0.20064333562772688,0.20074261419002096,0.20094314492639131,0.20102436391141082,0.20101289452570129,0.20145315924137858,0.20251324242106267,0.20261546823163762,0.20238240018598075,0.20237915565849354,0.2021896593593608,0.20174702995140723,0.20097900345991032,0.201093241528752,0.20109594996733832,0.201384935938794,0.20334496821883988,0.20372893630153813,0.2024770941276944,0.2024673666099473,0.20280314259092966,0.20289181202872084,0.20377152787618402,0.20398635377798865,0.2032449815273207,0.2029254347133253,0.20266005285650504,0.20237328909932692,0.2024848659823774,0.20259750424684544,0.20285608953846437,0.2034546357605177,0.20350665831678103,0.2031748906414864,0.2035188390547386,0.20444495395540935,0.203841449879066,0.20225812213032068,0.2024217739101698,0.2029216758781474,0.20221536033583346,0.20218392377902863,0.20215925713115052,0.19999631559968345,0.19939743167942744,0.2014208943796364,0.20179910016726205,0.20060478041617807,0.20056872681929763,0.20186392896045058,0.20151313964000855,0.1999503565885301,0.19972305086126876,0.19939927752138425,0.19743719471319301,0.19561481824645638,0.1959068662391023,0.19587420119434057,0.1955803834592079,0.19487024487124247,0.19476490769845392,0.19465574934947566,0.1938330846213538,0.19320681513687094,0.1936142238282036,0.19313433086772527,0.19133735176151587,0.19041494750109791,0.1903005544369193,0.18944138301609495,0.18817694181762976,0.18701300860683157,0.18492261581963582,0.184256881249811,0.18506775686991248,0.18466139072666615,0.18453645813413375,0.18421294524099255,0.1822778908025603,0.1813473020130469,0.18089927377634873,0.1814473707781064,0.18140035721179223,0.18117061638254814,0.18017512943945643,0.17910316312902236,0.17821304378053474,0.17747608867050202,0.17726291118040968,0.1766280622568957,0.1758845846526917,0.17457404181594277,0.17414895228576294,0.17446086376423062,0.17371193620579536,0.1722004370796293,0.17221281911822184,0.17285993944631067,0.17260263509132154,0.17233548042593608,0.17316636482441347,0.17453501901280274,0.17419955284163705,0.1745693889520251,0.1743573274674669,0.17119598180141016,0.16982739703291377,0.17016555649431261,0.1698428063543912,0.16940349040233285,0.16902254401686415,0.16894343348837487,0.16836278607826435,0.16711113329480806,0.16641345263866542,0.16569093974885865,0.1650188389819565,0.16448091267970527,0.1647975570928799,0.16440519506327686,0.16362254372507187,0.16336103663357782,0.16248446648258288,0.16093496811587338,0.16016769293758149,0.16088734616416525,0.16047731077342742,0.1593754213024621,0.1592293498420954,0.1584096878911034,0.1565841977511304,0.1552697839028772,0.15528052977619272,0.1553076804976729,0.15572470188468102,0.15540116241282076,0.1554641237499411,0.1552133315562948,0.1537259803518653,0.1533231485784599,0.15418322280267688,0.15384341956120598,0.15296793980632642,0.15235892360595757,0.15069424844542642,0.15094782178010832,0.15318737106399716,0.15314610370556853,0.15320169872460668,0.15253231934413933,0.14968463671141327,0.1480259860138009,0.14701964001078197,0.14644260068025874,0.14529099029105796,0.14535151277093,0.14775445903702988,0.14774623532420103,0.14714982900275433,0.14617809584399152,0.14243130182748812,0.14198573826058491,0.14445462622302996,0.1443472468574819,0.14415275068750885,0.14410120290359218,0.14208894958590326,0.14122960261442935,0.1424410240267073,0.1429097006759723,0.14314768516037882,0.14207294476471327,0.14208965380360156,0.14106498531009862,0.13915317167736063,0.13924866538756178,0.1403143402050504,0.13899011695462704,0.13709873170527967,0.13665910980548016,0.13650922637359497,0.13637371438514156,0.13566931602424626,0.13404545725828365,0.13304878322184865,0.1324960909060911,0.13213804303363771,0.13332759765416885,0.13319034458094836,0.13227395863827415,0.13298572989609037,0.13262106733519086,0.13228789714651024,0.13166926335638104,0.13081624651454113,0.13071696819996445,0.1308188437529241,0.132021090788332,0.13134425739723538,0.1298830127172392,0.12831834307958176,0.12624938407723243,0.12584893184988546,0.12380582930827734,0.12057860534045006,0.12063297547965307,0.12143997370032114,0.12241476048861884,0.12558157800550487,0.12537538230363338,0.12344992573197351,0.12368658892267835,0.12227827466968434,0.12128271879237361,0.12152734610634842,0.12137395891694892,0.120649598698764,0.11850004833007312,0.11508978070318641,0.1114981106873531,0.11267971986165096,0.11566074052647442,0.11493713783057384,0.11427918960354859,0.11386013364422715,0.11415257341181656,0.11584693046355725,0.11532960890858959,0.11379741985752788,0.1124142280938052,0.11073165429225937,0.11122420542392446,0.11293782952776289,0.1119096838252174,0.10903931844322864,0.10884871415409174,0.10876587273020512,0.10549859406260492,0.10455240763464618,0.10685508354807596,0.10753471399652209,0.10665181650881228,0.10689667512353054,0.10906647286133295,0.10898529921025096,0.10562618733626353,0.10504165935661604,0.10351659932732743,0.10048222798545266,0.10264148955714873,0.10425485458547723,0.10280918172194191,0.10215734850362866,0.0996864974513166,0.09504707416414988,0.09322854371002753,0.09362979345877079,0.09488195879015822,0.10203666473972238,0.10653843445748941,0.10148156801747085,0.09875206013316543,0.09591213033347311,0.09146828037504384,0.09224976037159001,0.09398519657467354,0.09494178602194082,0.09408678740807315,0.0916410932537719,0.09218248132458726,0.09568268500446338,0.096733684517716,0.09431470789885257,0.09647175029330222,0.10084143685409085,0.09603244937741384,0.093453478906319,0.0990401929622074,0.09720752378157625,0.09347282338299197,0.09644750674003663,0.09261231149150403,0.07929567280933333,0.07862751639047987,0.08412047213086722,0.08415258812447551,0.08865296166299488,0.09108854958333472,0.08967636769068334,0.087685982050898,0.08477408794081087,0.08484977420808998,0.08373801880201677,0.08165894170744213,0.08450421079906242,0.08709461678374426,0.08502743627676858,0.08599562643584188,0.08500464748484163,0.07845224344530162,0.07732998700251238,0.08444513836989119,0.08316933357752462,0.07512188718481774,0.07167654672577803,0.0672632911983017,0.0724364334953441,0.0769647161700893,0.0679995346086639,0.0681929849500563,0.07007446350275955,0.071631077686602,0.07980565475440062,0.07771824747844462,0.07414089925818364,0.07908178381573451,0.08384205151744034,0.08307615660907311
33_6_ANDGE_1_T_1_00000,0.03671509061397149,0.01792977317563133,0.028889966033735958,0.07439690040397492,0.12938285407405078,0.16080466541936114,0.13909237287198406,0.09535050475994193,0.083318700863913,0.09554215977581809,0.11111441566180431,0.11078257503535296,0.10019762200816248,0.08865842933159902,0.07573669818874247,0.03161296391028797,0.048586393253184444,0.1051559684405455,0.10562941398940462,0.10209850148946881,0.09436376114468596,0.07496207690562101,0.0674072351096085,0.07984405042390107,0.10253180788520952,0.08252381072259135,0.07913580787850179,0.09600898400083539,0.08806691967162344,0.09303020737069746,0.09512273056376762,0.07102884352701636,0.08205447065970776,0.08774809007599511,0.06390567436967547,0.06053217489032761,0.07022912297874694,0.08077708522936097,0.07055153406501406,0.07116135812609112,0.08689134344447746,0.10886517472309183,0.09867821152981752,0.0796573278410095,0.0764280340181247,0.07236918355122293,0.07583626341914841,0.08526156405842644,0.07976232695707444,0.07474443253968814,0.0750702459427736,0.08096635424654908,0.08634977196221065,0.08220952628697709,0.06474114790686228,0.06237838425087402,0.06622540861555393,0.06854493725100622,0.07295075692060596,0.07043988725623222,0.06449077012411067,0.0715467895921923,0.07432898467877037,0.07309865256999197,0.07340380378857791,0.07451586619031708,0.0740173208614889,0.07123379219429224,0.07224204498937557,0.07342417727214177,0.07343599951169447,0.07449887801880796,0.07590365364566456,0.07735796699052765,0.07866670842719309,0.07841544415969394,0.07640990061270714,0.07366346929147263,0.07614680123100805,0.07853039874618795,0.07760048180700016,0.07659251897080568,0.07831810509513028,0.08156098796085985,0.08055859739840023,0.08178627297444581,0.0845653517188418,0.08552915176581284,0.08323818949253763,0.08082465713634485,0.08127787916271181,0.08395868748584305,0.08652882660241662,0.08714323350917642,0.0841016584438786,0.08174093263878882,0.08257072551378211,0.08806015153548188,0.08792670180748442,0.08595802707873054,0.08883273940905977,0.08903724692005173,0.08762639688355185,0.08642598699998008,0.08638428650391526,0.08778996808249086,0.09004894816204546,0.09151930799121884,0.09046652401850079,0.08954746078112945,0.09353679142614778,0.09429235792898272,0.09310979829258224,0.09269925956729437,0.09111338575475818,0.09034234468558958,0.09123244352158298,0.09178555357282663,0.09163483959100624,0.09108024078896262,0.09115016322912595,0.09227518961359506,0.09349825709704557,0.09343637098213362,0.09357907268039954,0.09346036912352208,0.09268445325310591,0.09226429299482991,0.09214926769078322,0.09206014414755563,0.09117387806173706,0.09122679389570296,0.09221817435545603,0.0929869529013202,0.0912270345639866,0.08991740864551134,0.09259278592126902,0.0939226960663083,0.09322899877273182,0.09143038979763406,0.09245297432632936,0.09342495981719189,0.09342783629210237,0.09427624926877373,0.09380212550267783,0.09280331937867606,0.09352186357667,0.09375841972701178,0.09465114663403539,0.09734968580985197,0.09907060191211332,0.09955106887011177,0.0992485455966381,0.09957966932000774,0.10112587484840763,0.10333273155103957,0.10429898919833347,0.10542375910614207,0.10701212226342886,0.10898328895785729,0.11118169742952842,0.1134613572984273,0.11568780947205959,0.11753805894307659,0.11998492780699961,0.12329181106245865,0.12628261301722657,0.12908003662650272,0.13166455010258962,0.1339091535590185,0.13732809859190115,0.14123505519827498,0.1443259203786855,0.14771190140501417,0.1506825753392779,0.15278842015858382,0.15531195092082317,0.15817607441770778,0.16124561174483398,0.16445728499445333,0.16723450867674128,0.16941132804264247,0.1711156198157606,0.17313008962381504,0.1750105824380754,0.17621037092411776,0.1785283367430711,0.18060950739333959,0.1814476011559342,0.18193337744038854,0.18315851147364934,0.18493579674934754,0.18505915159353709,0.18579587652505156,0.18698559828075423,0.18727925134339507,0.18799769267595237,0.18900583888720332,0.1898046964530329,0.189900223981156,0.1900888949445155,0.19077482658879863,0.19109444404900086,0.19129271312393237,0.1913936779698896,0.19117404578939956,0.1908042933354097,0.19016437175023834,0.1890571357936457,0.1884020221561822,0.1878673945724473,0.18693349375970236,0.18560553040831096,0.18411836730383735,0.18265785461426037,0.1813284886496307,0.17982144200322295,0.17806244088104645,0.17618843655696753,0.17444701546270205,0.17283027232116036,0.1712051158592835,0.16939915451882584,0.1674107196019749,0.16535846144317284,0.16368831601787942,0.16205658828460584,0.16027493019274255,0.1583698585795326,0.1572181752770348,0.1565209049034818,0.15500688236105384,0.15330876441764113,0.15210458473008537,0.15185476407828818,0.1505349941006854,0.1489462547530068,0.14800475365163943,0.14778063897956328,0.1471270659567162,0.14579152572483478,0.14484694755418076,0.1443982841841322,0.1440318785008078,0.14294330031690203,0.142133322065123,0.14170835033940105,0.14148980395341357,0.1410039758196988,0.14080773090027954,0.14100146322499532,0.14006214185212607,0.13910967504786328,0.13846516675511694,0.13748412393279338,0.1365023337029618,0.13551517197941698,0.13438960647728482,0.1335683563458324,0.13267506011356575,0.1314516697301762,0.13137022567945195,0.13134609104307166,0.13069931888559816,0.13001200236283925,0.1298689713172386,0.12988117141216107,0.12861653033156362,0.12738597804475965,0.12629710000502695,0.12504877882984095,0.12353938260702284,0.12226648445312585,0.12160564362731943,0.1211740628226914,0.1209281949881431,0.1207819125141474,0.12051570196999142,0.12043915373587208,0.12037047922533771,0.11980807973289109,0.1196177830706773,0.11947450636070545,0.11886362918600156,0.11851344297283709,0.11808788820795169,0.1173878830827248,0.11686757298193902,0.11646415998002939,0.11600058426088819,0.11513579812745668,0.11394584641744789,0.11270608010158996,0.11176720859922129,0.11062164056392054,0.10930801851802299,0.10795244040627651,0.106498779599317,0.10532903697416303,0.10450783929828791,0.1033851889761538,0.10261348201234172,0.10209033708886922,0.10112371618269674,0.10041666893337468,0.09979821733188844,0.09887433416405597,0.09782975731937249,0.09675721737713325,0.09568749701424642,0.09448876134386079,0.0933023816273857,0.09226425228286024,0.09160347034132134,0.0903978860231673,0.08899591682751218,0.08836780173732012,0.08748733073890284,0.08662956614463697,0.08618003003831028,0.08562762068384402,0.08512361550038466,0.08477934162266035,0.08457994099133619,0.08424831085552832,0.08393221435945585,0.08415387858514961,0.08458735182221888,0.08481095988071018,0.08450658070873794,0.08462293234498505,0.0850407732634387,0.08563692367403991,0.08677580302271347,0.08807169253600912,0.0894800820276175,0.09141264493641246,0.09355535926885424,0.0959789468495252,0.09890878931954308,0.10228078801946643,0.10619177092400946,0.11070622680915446,0.11564279379363095,0.12106637196509402,0.12696685256420426,0.1331710675225625,0.14011370108641702,0.14751593497540869,0.1546202758008879,0.16193095346036243,0.16945375768227428,0.1770613196540572,0.18445876145849474,0.19190465910738147,0.19951815725836147,0.2068472296923911,0.21387787499890523,0.22075260857055923,0.22780912071049372,0.2347595873072752,0.24140036131707593,0.24762225842415322,0.2541597188813001,0.26067256478661766,0.266807325346104,0.27279716676647436,0.2786765320671214,0.2845000622129395,0.29044825312287514,0.29592034677459406,0.3009985494955421,0.30611787689371284,0.31123347478170343,0.31602006128108956,0.32028994672569544,0.324578733300579,0.32871814839968855,0.332650592199934,0.33658667152217114,0.34003529992795545,0.34310195264712556,0.3462488082004862,0.3493129822865896,0.35217441086808293,0.3547362517121438,0.3571219732033683,0.35919886972016635,0.36098563788563154,0.36282917995693215,0.36493245159141663,0.3669672987811134,0.36817643436269415,0.3693512199049619,0.3706243669412455,0.3719200967696009,0.3730563388301527,0.3738743462588093,0.3744042003926461,0.37505234136316074,0.37594635433300355,0.37689575378682416,0.37739889314531105,0.37784086104543324,0.37829611807447583,0.3787531573764204,0.37925063845821394,0.3796401714984944,0.37983467601597637,0.37990696058060586,0.38010097128373843,0.38034569194048723,0.3802637656746994,0.3803567749372407,0.3807359799912468,0.3812889424024943,0.38124577112810826,0.3811994737701652,0.3815032055001414,0.3815059373177808,0.38149825975875085,0.3815455232572329,0.38152522150078094,0.3814216899727827,0.3814272145118259,0.3817074673831794,0.38166698124211623,0.3816947452151221,0.38196369216620324,0.38182951040136165,0.3817457977563392,0.3817908837443463,0.38173713777227114,0.38177124648939037,0.3817846476969963,0.38163467924331,0.3815681144308906,0.3814062036978373,0.3811693502445659,0.38146521680381923,0.3817753723485412,0.3818366505007245,0.3815562044208387,0.38158391030803174,0.38180953301336445,0.3819371256329401,0.3819758075201623,0.38180686373354467,0.3814496085554915,0.38118046909435266,0.38108405024723574,0.38112431378420325,0.38116746109658195,0.3812065615039133,0.381252628202946,0.38128688480043477,0.38110951034776,0.38090485581464845,0.38081034182962087,0.38089567819983505,0.38096444384977934,0.3809303892423896,0.3807774355047741,0.3806972424009035,0.3807221978098638,0.3807866142017126,0.3805729113845166,0.3805530001317688,0.3806917396131892,0.3803385285116858,0.380051828371751,0.38018033555502884,0.38082835381104874,0.3807550630599096,0.38045285043073107,0.38033841505897537,0.38013405146711227,0.3800647755697517,0.3801249682688579,0.38013353505821595,0.3800362696536188,0.3798570501726643,0.37968062399584046,0.3797400998296221,0.37976007161332737,0.37973242287502484,0.3801805763663924,0.38047735629651097,0.3803674872521105,0.37983855263951793,0.3796633647863383,0.37986974168303633,0.38020087895961163,0.3799298395457024,0.3797431716504283,0.379874853628732,0.3801362480236658,0.3798776653999071,0.3795016914808597,0.37957645482429986,0.3796075232576418,0.37935629817980715,0.37898061034445374,0.3794063615133309,0.3797080772780656,0.37975200105973533,0.37977587462498086,0.379851496945515,0.37975330939550267,0.3794544502998879,0.3797175982130144,0.3799140461325019,0.3798932414499919,0.37994354577387623,0.3799234623404345,0.3797529885840537,0.3794409220748553,0.3793288657147935,0.3794293208060485,0.37964548941816695,0.37974549991526213,0.3796973591987359,0.3795216354773756,0.3793366076169165,0.37971862915063503,0.3802249788610604,0.38040645379757015,0.3800809098441031,0.37972335402603424,0.3795337400212751,0.3795069324543583,0.37929616652896786,0.37899478983697865,0.3788219040088247,0.3791251376335939,0.37927091841518656,0.37910944003199415,0.3790254437108557,0.3787614506684461,0.3786631153559151,0.3790739907662311,0.37945329973233877,0.37945656424577334,0.3790413676429398,0.37855752703465956,0.37854735928095207,0.37872931758365735,0.37855530546203797,0.3785575950698945,0.37852459312559533,0.3783995692191912,0.37865318220807526,0.3787552767302838,0.3786084196949007,0.3783653627135064,0.3783766585263238,0.3783920330322793,0.37825819835117375,0.3783669953702244,0.37837789121748244,0.3781784348272157,0.37784319273830885,0.37796931057279526,0.37807198557535104,0.377779732010297,0.37781436165076554,0.37783336693304076,0.3778366729503684,0.3780971966659732,0.37802002531278006,0.37776306898690454,0.377610600254836,0.37762568900215493,0.37750784937067433,0.3772153644348949,0.3769704297334095,0.37638882622881753,0.3762523157029535,0.3770632644062824,0.37691437506167064,0.3766293041605762,0.37655092966436454,0.3764073469072114,0.3762197132244426,0.37628168977563126,0.37667732474201604,0.3761805533187106,0.3758045630070964,0.3758164217164981,0.3755416724388119,0.37544532358053523,0.3755490066671683,0.3756846454480633,0.37537953512774724,0.37527257222890664,0.37530050330800496,0.3745675971809465,0.3740466206988671,0.3740375064578094,0.37444268071308695,0.3743872142044966,0.374081027833527,0.3736250662218698,0.37297961413587283,0.37277157027932784,0.3726716354131738,0.37227112985748306,0.3719240060295919,0.37146085014114666,0.3711843684648445,0.37179030278967845,0.37188858810982367,0.37175219680204125,0.3718213357448374,0.3718363999399087,0.3708714980970127,0.36989449597290364,0.37116717737578375,0.37209462827364204,0.37195793954864875,0.37096391301321224,0.37078870593758645,0.37082152221721704,0.37073712361957717,0.3704294652557689,0.37075301749790746,0.37115121951964253,0.3711717747699245,0.3710350448831105,0.3704520104069841,0.37025788126027975,0.3713403302551031,0.3709317538046706,0.3707620533742652,0.3714623245379801,0.37127871997308626,0.37122925156442127,0.3715056479405049,0.3719180001203595,0.3717423008683138,0.3711736712657989,0.370732832877201,0.37119774304181147,0.37162700102553226,0.372033046854754,0.37233847130415987,0.3712010947479005,0.371689989746054,0.3728442572706786,0.37139087187657516,0.37172711995461605,0.37001282907127087,0.36965188209855854,0.36836509176235227,0.3683117680826429,0.3689267058703733,0.36929980481471975,0.37012265306373565,0.37090705365438803,0.3707127076408291,0.3710834875623569,0.37056283878209273,0.3697202461418364,0.36936713903094304,0.368578734140724,0.36829685116990724,0.36856115711353865,0.3685272163255116,0.36823268614299004,0.3682027631723205,0.36874225057032256,0.36899946935061734,0.37012961579946196,0.3712627187285591,0.3722493273419589,0.37321393270577374,0.37266619538234347,0.37191640586775104,0.3711575581971379,0.37070101330449684,0.3703263633830894,0.37045705085543607,0.3704101483768445,0.37026726630592527,0.36983092625073627,0.3705141742169872,0.37160094483656114,0.37227792031651985,0.37245207667474506,0.3719738247162397,0.3716310554476791,0.3708941344971424,0.3707653820443086,0.3711360974603467,0.3710994805849016,0.3715505719688718,0.371479131438625,0.37112673861018775,0.370677725007178,0.3706573730217703,0.37066210433532365,0.3714280656188188,0.37173899455257203,0.3717435053889552,0.3715949954086231,0.3708254783810942,0.3711082133898736,0.3718097932885166,0.3713449783244328,0.37132851097687675,0.3716396689162169,0.3714402641233584,0.3703528046210717,0.37080684101016764,0.37164654548051024,0.3711136719115913,0.37154316834371887,0.37152548366756155,0.37081248791503646,0.37122012417992784,0.37116342871322555,0.37085811994944445,0.3708305075637725,0.37052409548491666,0.37068686848032406,0.3708569293264455,0.37076291753461815,0.3704946219095326,0.3704096544540387,0.3704104222511058,0.3707180088929547,0.3714230307910793,0.3714600235761289,0.3707818522512625,0.3700683452516402,0.36928311395107133,0.3695247155501327,0.3704739421297261,0.3708250936173565,0.3709233265649956,0.37050015626574184,0.3701085210499027,0.3690279495928683,0.36885541812963984,0.3691933672353025,0.36926338783128737,0.3696305079201459,0.3699062603515975,0.3696231126747804,0.369732676408352,0.36973627247924884,0.36908044776884735,0.36896340584947224,0.3690122785122041,0.36861462815930024,0.36890866705143216,0.3689468845888328,0.3685865957614726,0.36849995752211756,0.36873488701891344,0.36860057460166956,0.3683878424088613,0.36881210405401144,0.3685681937824723,0.36789525485594965,0.3681254743040307,0.36832439802652467,0.36802686363309633,0.3681718966732725,0.3680303504867615,0.36710016769637244,0.36677747694058155,0.3670811073797276,0.36709651132132637,0.36700590979508335,0.3670396062596692,0.36730063128144774,0.367017208474019,0.3666702715636778,0.36639145894434394,0.36580270309812873,0.3652998173896745,0.3649893943240359,0.3648456687170062,0.3645638721444365,0.3638514953088054,0.3632096085189512,0.36280553562316403,0.36231614189994027,0.3619297652700508,0.361446590190379,0.3608319879846345,0.36030319256160775,0.35971121510292753,0.35941625049391734,0.3589928028255788,0.35806729124602904,0.35723327696529883,0.35679942719348895,0.3564212765101082,0.35631109979579667,0.3559989175747609,0.35509526252095847,0.35432272133418696,0.3536478515160631,0.35318434109596286,0.3530001131252405,0.3528240548787336,0.35295417989442485,0.3526676662715969,0.3519490919528146,0.3517647515303746,0.351775131788465,0.3514856480497906,0.35153007173115675,0.3519926905654074,0.3517261540272003,0.3514687708467632,0.35164152454947506,0.3513173442187608,0.35090166668148415,0.35098286855558647,0.3510249999836788,0.35115255844622106,0.35115935344098254,0.35133427268130707,0.3512383609563137,0.35068166796295996,0.3505803701767089,0.3506172901992438,0.3508080487267412,0.3508145162806334,0.3508169254076191,0.3507061512705744,0.3503017512129414,0.3502305112289742,0.35049515554144667,0.35017293715507763,0.34968024630382327,0.3497158830506968,0.35000955520375415,0.3499136919005826,0.349998020467485,0.35011699011590475,0.34983268035449955,0.3497314316537309,0.35009469927105186,0.350182586427667,0.3500937531319881,0.3497587154030157,0.3498891410538492,0.350268823149393,0.34986090719180607,0.3497199479736815,0.34990541767546973,0.3494254313982759,0.34949442558292737,0.3501693138166798,0.3502454920287474,0.3497606190102789,0.34984078949237474,0.3501148358714524,0.3502331085472319,0.3506362152765849,0.350831192501293,0.35076464017438735,0.35075029359856,0.3506519713460665,0.3506245428583767,0.3506006801180735,0.35061556551220124,0.350660999164046,0.3509459937061458,0.3508588957642829,0.35063044169933116,0.35086137504232984,0.35096071522553923,0.3509402361178607,0.35105320548019964,0.3512519573251109,0.35124874072123063,0.35122855513548595,0.35144683190218307,0.35161575802963346,0.3515143284833596,0.35157034693492883,0.3519007398781765,0.3520674825969856,0.3520694776928656,0.35215455266071355,0.35208202809856165,0.3522575735236223,0.35247415628064754,0.3522792562769802,0.35229617291811405,0.3525790615202612,0.3526113318210279,0.3524316158308367,0.3525081983605999,0.352703705626117,0.3527383893168972,0.3528577266749163,0.352872203288076,0.3526395268003659,0.3525780468057718,0.35267471610710255,0.35262313814936963,0.3524831756923713,0.35242520818879736,0.3522353159462431,0.35221209909939977,0.35236433478404483,0.3525977076979623,0.35266495596934594,0.3526226043729747,0.3526053694968908,0.3525202705223495,0.35246788577557087,0.3525029474171178,0.35245400187096104,0.35232253453023527,0.35223651298649294,0.35208960336065664,0.35205095691833177,0.3522190988792615,0.3521092126635312,0.3517475690373212,0.3517276545185937,0.35185187244482063,0.3517308283150492,0.35165178926563234,0.3516684185129912,0.351612891572809,0.35134729609528087,0.35124992227203616,0.35140977825295616,0.3511425877430409,0.35047590319119953,0.3503643004400153,0.3505420266165801,0.3504152354101537,0.350412615223914,0.3502958643867582,0.3498274238025501,0.34964526635322357,0.3498135272946966,0.3496499085344809,0.3491908610642997,0.3490180517538297,0.34903628769354833,0.3487582452043742,0.3484685734957966,0.348201523855121,0.34753129339112654,0.3471592669700803,0.3473584789651459,0.3471002291310567,0.34655457588858396,0.3459975379970509,0.34588798689064926,0.34565142478333605,0.3452690565212175,0.3451775060897852,0.34483277587023753,0.3440485720009729,0.3434913221884315,0.34309348688203506,0.34265899828839946,0.34209823040207604,0.3416299394200297,0.3413600056155686,0.34097644377514924,0.3405179243763068,0.34000999869618365,0.33960652104253325,0.33899378561666893,0.33802958947220463,0.3373821432268595,0.33685634865285075,0.33621847627904655,0.33573014343622204,0.33516251111733814,0.33434115551416876,0.3337224514389236,0.33315832578402593,0.3325986263301265,0.3318532849643198,0.3309040945974478,0.3302852566566323,0.3296838470932043,0.3291158897223209,0.3288078332767986,0.32832917124113487,0.32780044770064676,0.327118454850948,0.32633509577998426,0.3256384722977187,0.32476871925857503,0.32406025805248406,0.3235688878223418,0.32295010562070686,0.322279845974674,0.32162425157603686,0.3209038400837537,0.32027901350461513,0.3197695046442337,0.31914211238748225,0.31855532047538593,0.31789208537652747,0.3170989996848513,0.31628303665060037,0.3155079235045791,0.31474849153978807,0.3139810250956211,0.313295918963976,0.31233131679869514,0.31115306693422295,0.3102796105943094,0.30952109412678236,0.3084285400162409,0.307499882681282,0.3061912998655836,0.3042533958963729,0.3027797959789805,0.3017368673953668,0.300014424563892,0.29800029119844745,0.29605295529608694,0.29378091281891067,0.2914541387979745,0.28934990648750136,0.28687818152868544,0.2840120445761776,0.28109829250159074,0.2780978905755481,0.2749535011887034,0.27164399806519984,0.2682233551157009,0.26461981064713036,0.2610174084645919,0.25735303118454633,0.2536077724004892,0.24973222365556927,0.24574007747487187,0.2418217913199295,0.23779700579817842,0.23377421969478487,0.2297181080502254,0.22584316442368957,0.22192619890330123,0.21814651803809787,0.21448559132895087,0.21103768806922368,0.20771716222270686,0.2043981368050993,0.20117065251704572,0.19821928677466397,0.19530769852746196,0.1925832039606693,0.19017992890676624,0.18787757019759738,0.18565646646996736,0.18353000507657807,0.18156979168038162,0.17977061400213065,0.17804657196889592,0.17644312149468816,0.1750823013339878,0.17375784806573807,0.17244084029537315,0.17126676031175014,0.1702793189009007,0.1693009885000739,0.16833336400204793,0.16750704909146621,0.1668177731904584,0.166241651473738,0.16564988440633469,0.16519803333689023,0.1647227885095296,0.16416437260295433,0.16381026285870767,0.16365950720425337,0.16335789348256896,0.1630165853107391,0.16282242450801385,0.16264479881305244,0.162499829239579,0.16246141995994162,0.16246305983624235,0.1625214851551221,0.16248381848306973,0.1624545904692505,0.16248689719407544,0.16248041253810472,0.162451352035962,0.16242272028779503,0.16253850631288044,0.16267540800772828,0.16279928141926805,0.16312867170819847,0.16333607946822212,0.1633249523125428,0.16347940269059952,0.1637736871853676,0.16399372808224172,0.16416695243455293,0.16444834466957522,0.16478360246074447,0.1650866596087655,0.1654879360264623,0.16585118056256784,0.1660839311268944,0.1663613481437026,0.1668833006539748,0.16759362990401716,0.1681007354463293,0.16865266057887238,0.16931232355368314,0.16989531538891248,0.17052829307103845,0.17130359490929636,0.17215401407403955,0.17300211882279337,0.17377417662760783,0.17466212133441877,0.17556506139906491,0.1762981243831457,0.17718196982326964,0.17832562711817848,0.17929172835784485,0.18008202251576932,0.18105525253426455,0.18217960278062978,0.18315562067378938,0.18404897575946919,0.18509525759549603,0.1861941430383167,0.18720117147799475,0.18825387569111113,0.1893424388815708,0.1904088993963387,0.19137389803648125,0.1923236425820724,0.19335670161504595,0.19427975412971787,0.19526161911313947,0.19641389386685923,0.19751753857825788,0.19859721337453454,0.199610064279221,0.20055656242672645,0.2016161213692006,0.20266747247195696,0.20371047523007677,0.20493765487715648,0.20602196955641233,0.206913894099441,0.20789524369296372,0.20890496426784277,0.20988048572629664,0.21089408745241828,0.2118636067497955,0.2127528348414579,0.21366637489448725,0.21458039252208505,0.21548480121028143,0.2164192576413664,0.21738168601520913,0.21829351573981978,0.21917560287604165,0.22014890479856833,0.221144966378934,0.22210130550279147,0.2231212907869699,0.2240760946132553,0.2249634532063807,0.22584314761977323,0.22674241791667696,0.22758272025070336,0.22835661564771864,0.2291254846307292,0.2298122359014213,0.23067353542842073,0.23164879107742628,0.2324505503124051,0.23331043180983507,0.2340713217287487,0.23459814883793434,0.23530733302302406,0.2361261670421525,0.23688753588295852,0.23768028273382302,0.23838866844035264,0.23902804351961598,0.23973262299561038,0.24046089325505085,0.2410923188026258,0.24163582836669878,0.2423501408047095,0.2431759120853386,0.24376791836210424,0.2442562857367115,0.24498447463962197,0.24575284670073502,0.24631397224772036,0.24699702098699733,0.24763278107527628,0.24786873472571538,0.24841454759074494,0.2494071167245299,0.2500328180418081,0.25035881963104,0.25096002976143683,0.2516643024222402,0.2522264753079267,0.2528891054364799,0.2534841343750785,0.2538743902501705,0.2543354716647467,0.2548870640784835,0.2553990938430879,0.2558575815724716,0.2563069860839519,0.2567267129203928,0.2572243523414724,0.25779357990176804,0.2582536502050861,0.2586161216980597,0.2591599520315593,0.2598831203090046,0.2603037040750747,0.2605807266646452,0.26107024100033444,0.2614294444190142,0.26181069768381093,0.26248406032676014,0.2630363101497899,0.2634876933219647,0.26381375176178173,0.2639288009326046,0.2643336959636355,0.2649018904088234,0.26521837070478343,0.26557855252418877,0.2660087960220908,0.26618041591730324,0.2664495332302151,0.26696166951773753,0.2674231473324508,0.26775341521743895,0.2681700110464466,0.26880059520077704,0.2692531873391573,0.2695282994554398,0.2699309990391982,0.2704578756956868,0.27076962423408474,0.27093743036528917,0.27124521044713545,0.27138664187933453,0.2716532350266363,0.27229101955267615,0.2726824575121412,0.272807162091919,0.2731290189190399,0.2735324401323037,0.2738409974699721,0.2742482131055491,0.274593223760925,0.27476853130544343,0.2749816862090136,0.2751710157896337,0.2754656177008643,0.27590051374969804,0.27618464112257235,0.2763821429439489,0.27670859134891024,0.2771003711200189,0.2773204591370245,0.27750896128147146,0.2777692355074768,0.27785718358601436,0.27802524449338734,0.2784905139779552,0.27873040355728673,0.2785992222636364,0.2788171077405009,0.27932863089450893,0.2795645569166317,0.27987172669671856,0.2801033384133095,0.2799489872114252,0.28001617335436013,0.2803497037242109,0.2805035620472729,0.2806754402966345,0.2807332124603878,0.28041525541688606,0.28046713401113277,0.28083320690027636,0.28091761356235717,0.28105795210082835,0.2812374123597347,0.28112251254861986,0.281117997575056,0.28145064096308053,0.2815460465940098,0.28135372853299656,0.2813934452053147,0.2814880767036222,0.2815195261014513,0.2817864174854818,0.2818179764561062,0.2814841707938059,0.28145454647998686,0.28154637974797564,0.2815267216719371,0.2817534915473926,0.28169013431974993,0.28112645630890604,0.2810110399253415,0.2810991208202938,0.2811052780394512,0.28145047107846793,0.28140694805257416,0.2808762913054579,0.28077944756505807,0.28090452778636277,0.2807762490154367,0.28069847172268086,0.280596583746281,0.28019259111518163,0.2800594007342432,0.2803747936451784,0.2801669096331061,0.2794363278202656,0.2793218028928825,0.27948583000060157,0.2793178317631354,0.27938247299805397,0.27925858089094463,0.278540345949561,0.27830430138933077,0.2786219492425531,0.2784139929189156,0.27780960718006975,0.2777371327002807,0.2778146099791525,0.27766069268929344,0.27778436555996205,0.27768856291162664,0.27717710524518463,0.2769449825585299,0.27699841734302666,0.276717132696845,0.276122289296814,0.2759453038696511,0.2759606971851675,0.2756554335309498,0.27543639777603535,0.2751578143728258,0.2745268371653978,0.2742474699065606,0.27425794441000245,0.27400956274784993,0.27370873370385623,0.27349017227582917,0.27312720793385314,0.2725044471806166,0.27211116686388986,0.2720865747180479,0.2717316956453245,0.2713519279853721,0.2712318049461209,0.2709309403672818,0.2705791593863013,0.270477455136554,0.2702465294600737,0.26959424151035116,0.2690040689448899,0.2686780258577825,0.26853395373043526,0.2683190230936433,0.2681980278411069,0.2683535119842435,0.26794511060488235,0.26736807235481214,0.2672901364770246,0.2667923845230332,0.26647884947098566,0.26672036640357133,0.2663610075692144,0.2654209640911521,0.26506346251106583,0.2648212199330804,0.2643691374263732,0.2642958674635469,0.2639049504946978,0.26284373276609785,0.26235966731790655,0.2623087775532093,0.26185369808064957,0.26144651947257724,0.26098235411541637,0.26017080791830843,0.25968289062971367,0.2594208537209991,0.2589343469357908,0.2583762954510578,0.2580032071411296,0.2577490210470703,0.2573011917096594,0.2568060988480447,0.25623384226673884,0.2558154094754271,0.25525364254069505,0.2548429553127472,0.2546183758024824,0.2539935102333509,0.2534686794511617,0.25329850377572516,0.2528618558319078,0.2525869172392939,0.2526551401611116,0.2523729717555315,0.251901397432548,0.25134334541815245,0.2505685740927933,0.25033976402331065,0.25055856457853115,0.2505131514726692,0.25035997176731967,0.24989088554926822,0.24938491997326495,0.2492615442485244,0.2492654528568549,0.2491995554280085,0.2489287871441523,0.24881227522594826,0.248866465845378,0.24877368562740312,0.24887326200750112,0.24871328132116902,0.24808742733694333,0.24798698908519645,0.24798650446739445,0.24794241128025207,0.24838829843058755,0.24822047566237668,0.24792132803732833,0.23522049753844304,0.23510343672079206,0.23505451355856954,0.2351842534407246,0.2350821045671,0.23561047941834223,0.23641620103425956,0.23626477314491692,0.23523171872796664,0.23549592367096553,0.23633307648834123,0.23607238865508615,0.2355235505129985,0.23622304022009807,0.23614451844566445,0.23458616995329354,0.23464860057362089,0.23512111027321683,0.23518252285451555,0.23491435262920768,0.23507584261303063,0.23610559217474283,0.23527997754634117,0.23493923539841066,0.23491529934507702,0.23414819653142602,0.23454569175946458,0.23450505149616857,0.23431857413227808,0.23412057990992324,0.23397796125329282,0.23375944088403633,0.23365902372068387,0.2333078339246182,0.2327462564156695,0.2324980756176419,0.2324463393748281,0.23248151944384804,0.23212619468343143,0.231728341598693,0.2311273817963035,0.22991267032332008,0.22918848840026737,0.2294667962979461,0.2284494674113889,0.2272668449817478,0.22674770642828754,0.2257912050978792,0.22522679027524964,0.22412943967796692,0.22336394305902718,0.22147682802987828,0.21963215394194138,0.21837010809327553,0.21707229319605856,0.21561194465845995,0.21421069581207552,0.2121500512326224,0.20990659999017838,0.20860811239613652,0.2067573539630914,0.20470064258394827,0.2018050348278432,0.19935560501404112,0.19691888555390025,0.1934078831832861,0.18980477392764744,0.18702981625415152,0.18351996671303,0.18005021726991802,0.17677915097615304,0.17429029227540657,0.17031900385206253,0.16575893078709886,0.161923223804619,0.15784406429206385,0.153528025844627,0.1494927748834457,0.14566188689302675,0.14172919482067192,0.137574336882025,0.133429074720567,0.1294401513402732,0.125238477018312,0.12068658723662143,0.11633776733871362,0.11246323833211866,0.10839243127511435,0.1045212962607581,0.1014573358636669,0.09884488155272098,0.09607482243115063,0.09304799626885922,0.08979781357441191,0.08665553863633273,0.08352765963288318,0.08130164653358292,0.08023370369010721,0.07886116870336823,0.0775218972651711,0.07592604340501366,0.07438240262958931,0.07255005772817412,0.07144559414940038,0.0708186687736883,0.06968934834792676,0.06908629737329205,0.0687217728847375,0.0679335528950007,0.06744742225105949,0.06702134537940821,0.06623363041226706,0.06591215911025354,0.06595530777399539,0.065798342552527,0.06584718968915503,0.06585484515089791,0.0653316829476271,0.0650414734466871,0.06496244705736742,0.0650687345163198,0.06558940961245407,0.06543902626114145,0.06533346308607321,0.06505083264075845,0.06509536956706823,0.0650293965013342,0.06537415670389024,0.06544688623680975,0.06513963903763334,0.06521940708975799,0.06572252535410238,0.06628110676390638,0.06691205615341174,0.0672320955507509,0.0669178284338225,0.06671245300508755,0.06654345185484394,0.06659362381775126,0.06653753752079089,0.06644569853524881,0.06709274202855643,0.0676143754052362,0.06742426210722462,0.06766125275348371,0.06819938113480684,0.06798156672336034,0.06819982392532543,0.06890585548596723,0.06945812021301334,0.06992372461905333,0.07040154095539351,0.07100381020062745,0.07159591919327545,0.07171922587896207,0.07178923358290173,0.07218776436669354,0.07204159302750249,0.07222687467016216,0.072544523544601,0.07302348260077325,0.0736673504839261,0.0742323564877431,0.07496936036705587,0.07557172910071908,0.07574193268486945,0.07591743304817568,0.07637448407092852,0.07686261235666988,0.07735957551793635,0.07820114686767297,0.07877379084326858,0.07893244451682081,0.07946351624473005,0.08058981867666055,0.08110668122962957,0.08153662313904046,0.08153582233156491,0.08145502844433973,0.08157533747743756,0.08229094517757282,0.0830730973551091,0.0838079634994267,0.08471010623466185,0.08545478605149075,0.08631765918422186,0.08688286025267564,0.08730388443327669,0.0876102977028462,0.08743718110533928,0.08731472487427154,0.08831680472907096,0.08969381075866172,0.09001320237798524,0.09033569859736308,0.09114219363142656,0.09159657773717376,0.09210064619652139,0.09348543981901744,0.09434826048558556,0.09445016099812227,0.09476509000760899,0.09501690954148227,0.09577764075362157,0.09656600185574724,0.0973133928425599,0.09842877709939667,0.09913158244179597,0.09974723684019357,0.09992162478650375,0.10049399984162319,0.10105711579292057,0.10177939602733894,0.10275243889263541,0.10347169536514768,0.10457287929243364,0.10512868007760208,0.105078726020401,0.10508336903752757,0.10578587884962247,0.10601318762716438,0.10647432467759321,0.10743337150748872,0.10829813552867505,0.10895980205619779,0.10964338386711796,0.11080406559674112,0.11150905580759601,0.11157326234079672,0.1120344601907064,0.11265555047267488,0.11315971583586343,0.11403835770996835,0.11498027480663228,0.11537868924065538,0.11541557449425098,0.11583225734344428,0.11607953078122539,0.11637909650545031,0.11695447385975051,0.11743940054139347,0.11773167648218982,0.11801260252829593,0.11821774180638639,0.1187997430608323,0.11970705208586749,0.12034367232028775,0.1204113010858599,0.12064353517694407,0.12130810100382586,0.12191990340175299,0.1221930836084942,0.12283558065846154,0.12343301962737802,0.1234094499868625,0.12370093331171012,0.12460382552741628,0.12530859281613285,0.12580205401528047,0.12611078653752592,0.12636098912237426,0.12669950085403794,0.1272359922143667,0.1279121536628584,0.12797583108272698,0.12775322980237178,0.12807744228164253,0.12799898508251006,0.12835203784843344,0.1297832833935138,0.13052588355403535,0.1306776410926415,0.13105748224602723,0.13138719007769917,0.1319553117997501,0.13281529791073712,0.13360535286292757,0.1339196822162467,0.13388567667883397,0.13443044686311173,0.13490659639363245,0.1352359444533591,0.13591180203445574,0.13657485307347114,0.13716614787646114,0.1373665160193299,0.13745292852597737,0.137795854435715,0.13757341528251815,0.13771988121527357,0.13873441015377116,0.1393714545941322,0.1399933681311736,0.1400480707530884,0.14030913128438002,0.14039857414524445,0.14079387122676887,0.1413843180804595,0.14169764286403652,0.14181516012384676,0.14246329361331866,0.1434449130220774,0.14393640347354128,0.14442440298054043,0.14519951726420308,0.1462895474045163,0.1463557198537302,0.1459554400978527,0.14574273378856342,0.14592959658281549,0.1459942920512394,0.14604294682450075,0.1470869221313028,0.14782015322429,0.1477999341261462,0.1480783037003145,0.14930101020136677,0.1498048703329457,0.1491948566522566,0.1494666606710961,0.15067942714106014,0.15099505854407502,0.15051966380242524,0.1509285177835401,0.15166104708775122,0.15201302796480215,0.1526469536059921,0.15348719761437413,0.1541487911832495,0.15426994824882553,0.1545477563155758,0.15525893783144806,0.15556906228006626,0.15528140361714612,0.1553752218809177,0.1556204255063734,0.15593844802547796,0.15643368743328256,0.1566914838829582,0.15689786560594302,0.15712324111093753,0.15686346116253866,0.15717554151365276,0.15789476071761785,0.1590252611545143,0.15911552692311048,0.1587442371183966,0.1590733588807209,0.15916689887807028,0.15905195865935576,0.15911024829568982,0.15987160124839614,0.1607034865897581,0.1609982905534816,0.16209020272707617,0.1626184920721704,0.16181178764974177,0.16170579757257675,0.16235227190672516,0.16265451045309567,0.16263450913469685,0.16265283017583362,0.1625737198457086,0.16277880574940573,0.16314912073095106,0.1634696354162976,0.16358297813829406,0.16388028156926812,0.1640180764576335,0.16369553980063822,0.16376645266848477,0.16426437145730508,0.16432230618459753,0.16428492475148257,0.16399342105885137,0.16301496664687481,0.1630054529974022,0.1635895365597532,0.16360454264674518,0.16381176496620165,0.164048717861271,0.16385686486968593,0.16374156839531995,0.16390358234273192,0.164151187316343,0.16411834534034184,0.1642930384457909,0.1645407156596207,0.16524991292027877,0.1655773187819491,0.1657677829635817,0.16578744453326522,0.1654621514041733,0.16567195196012396,0.16619584272310245,0.16624471719241107,0.1664750154946998,0.1664972699839387,0.1657576732823012,0.16547329602648775,0.1657795706776873,0.16564033021171323,0.16487690995775114,0.1648235721108876,0.1649321493633279,0.16524162366532677,0.16664339862113917,0.16716212732640948,0.16755191893609114,0.16724088760687475,0.16565292708900253,0.1653179635747203,0.16539588360723126,0.16610400090774663,0.16591555218561663,0.16606189256581189,0.16583626645941735,0.1646266888185691,0.16428556912470665,0.16455106114906218,0.1644735726519164,0.1646223278510558,0.16422180247645252,0.16317116559869274,0.1628293667725024,0.16272406880720056,0.16226964709898598,0.161672156956817,0.1617996366058538,0.16202102678322744,0.1621334657274622,0.16375405847730337,0.16387143693159084,0.16227475360882743,0.16144869148066476,0.16175962610615632,0.16079318789285324,0.16044019053947023,0.16096437917694278,0.16063279879033376,0.1592505830308836,0.15858968566482035,0.15813514214462,0.15787091618489163,0.15759928757524697,0.15755714996211134,0.15857886998317572,0.15818044393646927,0.15668391069380028,0.155974533292737,0.15496528721166283,0.1542874871612399,0.15416245519968452,0.15374132981765445,0.15293854954315006,0.15269881406613908,0.1537717403953326,0.1532625961338969,0.15112984121595674,0.1503746994864271,0.14946986641412932,0.14865587229556104,0.1484571251837473,0.14961534787497086,0.1497101661408883,0.1484157784211033,0.14822953449982174,0.14822153785569328,0.1472846431698596,0.1476505211945738,0.147931698394295,0.14656614273587026,0.14578255338586238,0.14482714159091534,0.14398813637872548,0.14313381665569258,0.1424812157049971,0.1413663123193435,0.14131440373005796,0.1425165285786368,0.14226767605359664,0.14195726873008882,0.14179681669189215,0.1403942989567588,0.1400406146622944,0.14102205272284607,0.14112383176639165,0.14103686508100316,0.1405293610573415,0.1393672674749171,0.13878018789261465,0.13795392191576525,0.13756492308204574,0.13847993646919998,0.13812428778046787,0.13661411705316992,0.1359608385519646,0.13488331918242355,0.1342000596413585,0.13424418188193188,0.13498890787191087,0.1336946931198234,0.1327239793139289,0.13388991306052528,0.13442055192233304,0.13371483742365792,0.13371530564806336,0.13320437802172896,0.13194489222056313,0.13186464846575757,0.13196864211882403,0.13109236066818258,0.12940557929242602,0.12822963502535253,0.12845227053196606,0.12845741209149208,0.1281366068548333,0.12858710249211724,0.1304581422301149,0.1308273679460392,0.1310745310156267,0.1306469315022063,0.12905033349160075,0.12781935605529193,0.12535661979718873,0.12523851025121777,0.12768478917091403,0.12725572027104876,0.12596634061923997,0.12579344423376967,0.12414008358049913,0.1233478896819953,0.12502648083987852,0.12560908933211093,0.12481075813806555,0.12370868323136955,0.12272128865440357,0.12219642051044419,0.12073226702807684,0.12071637600984685,0.12290548760148613,0.12281905502295541,0.12143927522050159,0.12133546142877295,0.12130355140135433,0.12047581386955232,0.11902292927201098,0.11924561979591021,0.12106983020320786,0.12048655906223592,0.1189085290672337,0.11894744312925455,0.11807095734081502,0.11725319629528029,0.11718898334650081,0.11834517983908222,0.11800388898815653,0.11645087793487587,0.11718658003334548,0.11834231014339432,0.11877121438170185,0.11776398307701154,0.11585900885771296,0.11521488232752848,0.11331657809257184,0.11135557989669295,0.1113728922274015,0.11179148434952807,0.11370693119500179,0.11458190039749672,0.11274136732978178,0.11223417684570304,0.11057177377104024,0.1081425318333677,0.10932591513449913,0.10853144859327049,0.10433687396330554,0.10306243674142875,0.10540378719642597,0.10604226818415138,0.10527785469567431,0.10676427335792252,0.10592571347008692,0.10241741193281885,0.10296051615996536,0.10476791398242367,0.1031872309276246,0.10232174143170022,0.10245404224976631,0.1006662647833786,0.09979045186565992,0.10129122469145212,0.10313115615961436,0.10396813199939059,0.10459144084264882,0.10416133241585324,0.10111972088479693,0.10069648079219973,0.10009586596274264,0.09841697090606207,0.10137131307361391,0.10085939856728118,0.0966547184639368,0.09771317790242418,0.10092950678082967,0.10081078281297914,0.10087186349748152,0.10018194942623561,0.09582547941823066,0.09323005040547282,0.09382247918350613,0.09521436109125526,0.09571196829524876,0.09471677978333522,0.09530871093354876,0.09745960056867664,0.09795991150925012,0.09815597955199447,0.09912709212704318,0.09824429963120038,0.09533073535951608,0.09225284742613786,0.09117892606932033,0.09319116875193577,0.09255913320667701,0.0907904573323635,0.09151465364248992,0.08926598847471864,0.08878631694138818,0.09333995194061938,0.09688603083400531,0.094686554648967,0.08891357498566599,0.08705330814606936,0.08750028919225236,0.08868738021347042,0.09197988212450826,0.09287559172142713,0.09016990508134778,0.08974417813625614,0.08959120514884784,0.08759843553617562,0.08748223466195332,0.08460109770854822,0.0801994099542471,0.08143989199308116,0.08414126065007453,0.08376801745804888,0.08132868250539954,0.07731228126609982,0.07499374721469636,0.075032725065368,0.07535756720315188,0.07823084522358195,0.08172428554562514,0.07840164494513535,0.07686861274326101,0.07843185289503651,0.07341726583243263,0.0717936865879812,0.0731976977933225,0.07438946205870686,0.07688426288279843,0.07598778537713355,0.08377150592277416,0.08386114289238811,0.07842049800699204,0.07790664591044671,0.07516049065122404,0.0710502959055899,0.07083784668536504,0.07180889260747422,0.06542665616238376,0.06507777040489841,0.07597795899557742,0.07809893463042712,0.07683411014939019,0.07724649029635468,0.07538304184275055,0.07590042083278023,0.07016419817105898,0.06265711941220194,0.065641117679494,0.07023946376472488,0.07538177323959692,0.09112406664255318,0.09223666713363746,0.07391446084643816,0.06920117028044313,0.07185953691109638,0.07105032175325668,0.07302928192769939,0.07785057162601833,0.0789236989474476,0.07365760510032625,0.07819189415785552,0.08388487756567803,0.07527234914050836,0.0696348723745308,0.06849659234709858
33_6_ANDGE_1_T_2_00000,0.05912372266837122,0.06779181652309879,0.05727316249759671,0.08095343819330188,0.1351319380712383,0.16735657014589572,0.16167700121547882,0.12729685672375438,0.09111394852632233,0.11046828067353262,0.1407443637347515,0.13333788195578228,0.10745036321477505,0.10693758847887909,0.13480252188325345,0.11226364531478135,0.10342733146948717,0.11092861997089926,0.10328069393523744,0.12211596188268878,0.12542288821252423,0.07494050223985775,0.08318244109462353,0.08947369708479466,0.0625542136565758,0.06844787553601024,0.0792126811069976,0.08426593895777834,0.08553492509072115,0.12891043510450667,0.1530506696230163,0.08647834099609915,0.07435120838560755,0.09013146142274348,0.09464571448611371,0.07493056524959325,0.0700191709034774,0.08789777411530893,0.09967959830358838,0.10965892190809232,0.11318315287211976,0.1056692507240703,0.11650183420011818,0.1181583202733377,0.09205579242127555,0.09462111431144762,0.09738095448083843,0.0913037972627327,0.10576087311551598,0.11647362383903902,0.11352916110333705,0.09311606537703249,0.086601864368841,0.08536951792448265,0.07657776546750512,0.084399375217046,0.08968407233767575,0.08304888289421512,0.0838258318257277,0.08606489489162342,0.08600854734765953,0.08059218973378071,0.08284760118908699,0.08913069988514008,0.09068023836618491,0.09028756992588337,0.09054685333199528,0.09237399107169597,0.0911005632993441,0.08823533338723454,0.08616804741076617,0.08940490501743896,0.0914713790848711,0.09266312569718321,0.0967390796651327,0.09698313394397015,0.09383484591768343,0.09045205639834554,0.09514691775900196,0.09882294358363286,0.09670028246379417,0.09690336998470837,0.09890246400119353,0.10127702172455688,0.1013580032384595,0.1005635869147762,0.1002869883314741,0.10161657346164103,0.09941148503294381,0.09668265100169267,0.09693530706594017,0.10024586895347902,0.10295435602447191,0.10333139051533684,0.10289736110992993,0.10264249213929465,0.10270947103362575,0.10256967256682106,0.10346059995477469,0.10443674819488082,0.10434148820742005,0.10627350273561395,0.10733543274016956,0.10618743463589518,0.1086595318675109,0.10904297943339772,0.10677337224945384,0.10837875173080792,0.10942852245649685,0.11015698709798441,0.11256027385537577,0.11002059202468373,0.10759376057327003,0.11053494630036274,0.11049551089351779,0.11097434179290439,0.1135037388471421,0.11328982328139302,0.11276228451584608,0.11221302577738647,0.10998917781737023,0.10984912436465412,0.11095734188018347,0.11080235903568507,0.10914051691246945,0.10935491305037051,0.11290371822614685,0.11166428290762147,0.10952057417808919,0.10907878619070643,0.11058124945873508,0.11141138763756277,0.11164669751357027,0.11322219527696403,0.11292800571337536,0.11101409541787266,0.10905500194393378,0.11008362902134695,0.11217768957391716,0.11312016354766098,0.1110465306535363,0.11059246475671347,0.11258749114714847,0.11257905715126051,0.1143103860754528,0.11651873630121352,0.11564573725254004,0.116142164585868,0.11688811989081442,0.11634598454464759,0.11820204312100896,0.12021444607298232,0.12103278249587153,0.12223824154974196,0.12491217257022302,0.12800721456847222,0.1277823892301504,0.13002254815114173,0.13393429274130586,0.1362463699212317,0.13896524697883728,0.1420476185164335,0.1452173864607106,0.14870461664579793,0.1520260140680023,0.15518956894121713,0.15918114095127675,0.16366912173269624,0.1682987269006195,0.17261674367692098,0.17661608052970257,0.1807674271586637,0.18561442436036948,0.19016153167403566,0.19468173454538187,0.19928533697535297,0.20258086791251984,0.20641244823727192,0.21117296829092427,0.21477688720175014,0.21801435167751038,0.22107204081782209,0.22389231359965234,0.22659512994777153,0.22928677594164673,0.23196184071479387,0.23370211893420714,0.23542240606424414,0.23755727306594762,0.23830070346165894,0.23917155142113114,0.24074177383263654,0.24241702529470166,0.24320846540991875,0.24374427224004516,0.24557003994591228,0.24688427708047225,0.24780732676609157,0.24881971182086055,0.2496582065163752,0.25001772627653246,0.2499596994849453,0.25058327904701677,0.2508292178407224,0.2504311324783361,0.24998586494323743,0.24942250829608134,0.24879097852788926,0.24813085300497487,0.24672079102214364,0.245207554944106,0.24422045260345732,0.24275505047222223,0.24102013680666173,0.2391988980898548,0.2373573456434129,0.23456931585404509,0.23120219437067943,0.2289767982197139,0.22697088365998583,0.22453348598302325,0.2211998088173104,0.21857942456311558,0.2163502162051258,0.21390093645522737,0.21084971033239364,0.2083281398783419,0.2065979336925767,0.20407811620802316,0.2019740004425126,0.20041828806296078,0.19879042547447043,0.19720287681457505,0.1956952741675214,0.19425720798734863,0.1924798543446478,0.1907651182753207,0.18946208331285347,0.188428122528005,0.18743576769112383,0.1862762476434068,0.18464040236633072,0.18352362063891237,0.1826126630133466,0.18083801899615298,0.17971107467387484,0.1793336184391185,0.1793235333013346,0.17866154564585804,0.1785018799700673,0.17935002055516086,0.1794445945084502,0.17871041954337455,0.1774106861767602,0.17634662780018337,0.17476443141260825,0.17300236209010272,0.17186034004577383,0.1706896960422252,0.16979281042535044,0.1694147313078126,0.16848620967617808,0.16713981063535002,0.16563743961366384,0.1642963723185663,0.16323051033406427,0.1622056872549469,0.16060742809526637,0.15884055465572763,0.15724426188658291,0.15612517288432431,0.1553851779248937,0.15509442882558522,0.1552268054404821,0.1554480404901365,0.1551179316236447,0.15431853020299177,0.15453438595449895,0.1541872867516179,0.1529783287367656,0.1513685006939044,0.15039699011223823,0.14975751245381227,0.1488335947321556,0.14811328863008538,0.14723259903841304,0.14608461377958834,0.14550414907879664,0.14494337636610627,0.1441399962336272,0.1431263582252666,0.14175973322588425,0.14029727433421404,0.13914547489281173,0.1377945827212179,0.1363417538131211,0.13489706267351348,0.13299314490663877,0.131354798423663,0.13025087191662235,0.1289447381569582,0.12777182602534304,0.12672670136704842,0.1255635348788225,0.12451747539639538,0.12347142356495543,0.12222609900477298,0.12089423259550908,0.11951760038604861,0.11808718382526276,0.1164512832359539,0.11489159593787654,0.11343459563260634,0.1117245949438387,0.11029143079530275,0.1090288403254036,0.10754988897167589,0.10637443532679071,0.10555568531011003,0.10495836191698464,0.1040250440926559,0.1032697918440292,0.10292741256310135,0.10251170786381655,0.10234961828250268,0.10240623413117803,0.10236490190878465,0.10241684113536502,0.10258867372631685,0.10287518367755082,0.10336276879777953,0.10413081563299803,0.10514929620803186,0.10599046675859972,0.10733404854427711,0.1093606375205025,0.11156617850067785,0.11453025271524687,0.1181710849053963,0.12209488394767726,0.1262832083423287,0.13139531078760894,0.1378887811443435,0.14468775464519962,0.15235358023796006,0.1610587271323339,0.1701715564148199,0.1798913518269851,0.19015418395259043,0.20079416902967337,0.21186467224477987,0.22307241172156267,0.2341335258604251,0.2452755237018511,0.25642920995866003,0.26749590618523295,0.2782175078839968,0.28869329796838716,0.2989404857940812,0.30888945169241305,0.31879045168669545,0.32850082449276014,0.3377682428617371,0.34702707159394325,0.35621564434935354,0.3651350371139975,0.3734611055815826,0.38167768246531913,0.38985874078668875,0.3975582227724364,0.40482571306079546,0.41184872741398265,0.4189115439630442,0.4255592775746152,0.43188188296684465,0.4380490368559634,0.44395978701762817,0.44946114709359664,0.4544872939961591,0.45904078242051577,0.46340005612969626,0.4675920445576441,0.47149979844038353,0.4757681184316353,0.4797216160776452,0.4826450675784168,0.4855018362641919,0.4881842271461309,0.49063387850987594,0.49310308271385833,0.4952845933639573,0.4971628594223283,0.49893734871763634,0.5008491232356118,0.5025487419485052,0.5036895978450299,0.5051283814941171,0.5063658211843743,0.5071564577071406,0.5080814240754549,0.509155452376484,0.5102187281734093,0.5109206251095002,0.5116773889995055,0.5123770049067864,0.5128122020466565,0.5133373249600618,0.5137420882984789,0.5138990887376599,0.5139837810561849,0.51429004125032,0.5147319548768362,0.5148544325616292,0.5150849181502042,0.5152484345578411,0.515090086650737,0.5152121365822383,0.5154637495834806,0.5156412215556402,0.5155848471667017,0.5156585825811364,0.5158118332495982,0.5156031924610919,0.5154040624828707,0.5154455694858914,0.5158050102077864,0.5157604277631116,0.5155788790454876,0.5154834947989431,0.5152870493859997,0.5152651991322906,0.5153988118247586,0.5154104338949574,0.5155780608461884,0.5157068460604533,0.5155280044034384,0.515241495654212,0.5150482636415271,0.5150294124286577,0.5149896673436529,0.5152106534813546,0.5154485544517781,0.5150594302115283,0.5150704999885442,0.515198716941922,0.5149567619607227,0.5148339315547192,0.5145456989264833,0.514132880086018,0.5144811596563301,0.5145385779003394,0.514221856462979,0.5140338748340719,0.5142697625428188,0.5144806900226098,0.5142304280108771,0.5139479645234661,0.5138752132440958,0.5139845031444893,0.5138345567077424,0.5135671508099091,0.5132642134292734,0.5130307663423479,0.5132355723157561,0.5135502416658564,0.513623548644699,0.51345452051553,0.5131693593561544,0.5128778616604294,0.5126779994079024,0.5124141677558367,0.5123530225990325,0.5127791015646805,0.5128967848290209,0.5128174819708592,0.5127106143621798,0.5126161488004137,0.512516342243844,0.5124155294773526,0.5123325326536238,0.5122749796260956,0.5122890509985564,0.5123664914163488,0.5122094063592927,0.5119629703086034,0.5117626263682049,0.5116999957960638,0.5117606022135012,0.5117554960607951,0.5114717278887012,0.5116038288475578,0.5118053941934246,0.5117407539340866,0.5115951834929509,0.5115111914970814,0.5115167215988199,0.5115263012813684,0.5117477874316346,0.511834525142626,0.5114518420429882,0.5113443047395931,0.5109897000763257,0.5103733759727598,0.5106193649255197,0.5109150305475715,0.5110452679950108,0.5110579014327102,0.5110259178737591,0.5110010239426405,0.5110344006662958,0.5112499836852583,0.5111294033554378,0.5108615578282684,0.5113006184197494,0.5112844573270536,0.5108491158194547,0.5104271889713908,0.510611393039606,0.5108800472284171,0.5109254235334088,0.5108520606928263,0.5108989362040999,0.5108895877652821,0.5105508177838172,0.5105836898668243,0.5108261092863514,0.5109770006738173,0.5106196592842597,0.5104358532472612,0.5104756933331616,0.510356084169255,0.509996593437358,0.5098098712675928,0.5100486454670986,0.5100006103328109,0.5098550153086782,0.5098811943997262,0.5104378195010245,0.5100366577904565,0.5094685804013535,0.509855525097345,0.5101456107145355,0.5100373856453301,0.5096773902692847,0.5098592682062779,0.5100524652421291,0.5098304339996388,0.5089825827640249,0.5087248675894915,0.509106913855287,0.5097072442765038,0.5093133351030894,0.5091540985269333,0.5092988726484817,0.5092527798336043,0.5091453827160952,0.5088860204000586,0.5084819854155194,0.5082618059176852,0.5080772227143122,0.5078507392167247,0.5075825560269994,0.5079710792271755,0.5083597768479504,0.5081615453014644,0.507841778717357,0.5077997306116364,0.5080670530234612,0.5083268559710202,0.5080401180299573,0.5075907739122572,0.5074229303118721,0.5073233088125085,0.5068687187550687,0.5063419257738787,0.5067219373207648,0.5066760494928642,0.5062189821718951,0.5057970406345241,0.5061013387032646,0.5063421735436879,0.5061506405653947,0.5056754787262833,0.5059317366588764,0.5062307760153403,0.5057494413316684,0.5053915114694111,0.5053710433025901,0.50522871489314,0.5037618995104464,0.5037663457477787,0.5044769129080499,0.5044498354521322,0.5042196764572894,0.5038862986656643,0.50334768241388,0.5022896848657782,0.502509708446946,0.5031072498811884,0.502768340998894,0.501860976074312,0.5015047360929986,0.5016896172125809,0.5011883619850265,0.5004459011310908,0.49996996551161826,0.4999517673030477,0.499117046044658,0.49898154582176535,0.499480844448431,0.49906709799632526,0.4990975718277875,0.4991002213519509,0.4986200570267489,0.49868721097560004,0.49831296901945854,0.4974492553657489,0.49683431540541534,0.4971768262142222,0.4976073683166,0.4974416523497039,0.4973568277117681,0.4977575854471896,0.4980799740522745,0.497321634097342,0.4969163746732579,0.4973157899949866,0.49817807547205956,0.4977510982666566,0.4968406727547118,0.4965103786712363,0.49753585677581147,0.4970825531855303,0.4966127117029386,0.4968874869223814,0.49694798966941944,0.4966999305884409,0.49665826433907323,0.497257164401018,0.49736982002243874,0.4970227314063264,0.49663982732589934,0.4969795580392838,0.4971315453635488,0.49767471043514017,0.4988469625904011,0.498589649027876,0.4987680425163464,0.49890471188548985,0.497265486605701,0.4969704080443252,0.5045427074448569,0.5046795277930093,0.5040405462023785,0.503868254220196,0.5036154613984065,0.5033494630088298,0.5032693517350334,0.5033007399874698,0.5026519185255135,0.5021128664571765,0.5028049782270924,0.5028451569077181,0.5031111528591359,0.5035674620095917,0.5029494176136059,0.5027427954593622,0.5024652593549538,0.5020667996014633,0.5022112141119943,0.5026931097652698,0.5029154756555455,0.5041318872472585,0.5047529378016437,0.5053666835925528,0.5056175321100352,0.5053986494889646,0.5057078398664885,0.5048238920387714,0.5045201077268341,0.5044428676859357,0.5040665267861514,0.5037560481349567,0.503668295806702,0.5044174817236112,0.5044082759135935,0.505731996831423,0.5071017323524354,0.5069067134650507,0.506801398443671,0.5060703332423805,0.505509638987322,0.5054106738868216,0.5050954449910251,0.505361755152286,0.5060989225823381,0.5065181412245277,0.5069910259126659,0.5071899943623269,0.5072667924183214,0.5066347900227905,0.5058069545249487,0.5055847904228664,0.5052700506642656,0.5056472920142043,0.5063415730808924,0.5062225451872905,0.5061876203196422,0.505673702678429,0.5049284241998954,0.5051712589307329,0.5052688551026692,0.5055588613443708,0.5058600600284515,0.5061667382882492,0.5060546805077646,0.5061538409816818,0.5060120819480419,0.5057249186233188,0.5054346315564296,0.5050718149401467,0.5049939119222053,0.5048291025025456,0.5048096940240883,0.50461320399153,0.5041268044640256,0.5041226831135658,0.5044136510620705,0.5047470202475354,0.5048352312897877,0.5049708087867237,0.5050279051444575,0.5044975494759656,0.5041055346526219,0.5044566374974412,0.504612577377785,0.5048927604891404,0.505075335053088,0.5043808080629844,0.5037975603986132,0.5036907181623439,0.5036279747993887,0.5041812757139779,0.5042859993039547,0.5043532805802284,0.5039137110819744,0.5036204378388552,0.5039066129387557,0.5041249633900537,0.5040069224681472,0.5035917672242107,0.5028597873704408,0.5026238403092229,0.5031768008558221,0.503728409659437,0.5039329997575551,0.5039010212700256,0.5030571709735128,0.502828914515382,0.5024784976553729,0.5031361272810779,0.5037437832283514,0.503919538875067,0.503657397240854,0.5028180185377681,0.5021745187407407,0.5018836202253958,0.5020462180705022,0.5024847956490187,0.5019122453661465,0.5014404366965962,0.5013712146506227,0.501200456967516,0.5009984636600185,0.5013342995766852,0.5012576375430988,0.5006303786321605,0.5008321469498221,0.5008908810690713,0.500418586075079,0.4998067361360356,0.49858391937065993,0.4975866567926975,0.49758846141220403,0.49811458074566894,0.49810615304189865,0.4970583720468102,0.4960034913079303,0.4952837111173671,0.49432278127803925,0.49343580594304753,0.4930146854430705,0.4924651032257259,0.49167286781749775,0.49077931011022163,0.4903208644017407,0.48985463857047645,0.48878016617480197,0.48776685848129864,0.4871545586976456,0.48649494108140595,0.4859945187154323,0.4856035331543683,0.48511828625034475,0.4844970311024519,0.48385860093555966,0.4829543587485626,0.48259976131644766,0.48246860705683237,0.48217987775147697,0.4822185333447013,0.48214507461734696,0.48192566631764633,0.481686056950292,0.4816019112929367,0.481144443934714,0.4810178459719509,0.48129393072238996,0.4811987325511949,0.48114719475417356,0.4810120159555332,0.4805190273452391,0.480437470759153,0.4808690428587115,0.48096827921260127,0.48101408047374694,0.480983268546027,0.48078366197655364,0.4806840854801158,0.4803965240580706,0.48061282591971355,0.48093811193418273,0.4807852228390243,0.48064105851139355,0.4806137690843933,0.48057246537911213,0.480679089988643,0.48063886463976796,0.4803926422094935,0.48043025024546604,0.4804981859448193,0.4804121910730926,0.4805226268975344,0.48053470622935424,0.4800910921091544,0.48003243369405324,0.4805211188406804,0.4805356472982229,0.4802922074461075,0.4801671785474704,0.48017222671097737,0.48010703757998263,0.4803457750247115,0.4806278007949016,0.4804588813205105,0.4802713496044369,0.4803896828919358,0.4804734163721206,0.48046339682808276,0.48051644851930886,0.48065190601504204,0.480675896340074,0.48077380535204517,0.4811176954430618,0.4812921145361715,0.4813028154224287,0.4813613429412825,0.4814776950503869,0.48153812142393193,0.48145065113772706,0.48153408123268654,0.48161733317646394,0.48174774867096676,0.4819929347679051,0.48195460059688006,0.48222257935412627,0.48278043799911297,0.48283480244108584,0.4825666025086429,0.48279594661024083,0.48311229025358693,0.4831344589708801,0.4833693975362517,0.48356739756650946,0.48324106613158807,0.48320565637833335,0.48378052764274637,0.48395593699163286,0.4839671144411508,0.4836361935015891,0.4836461636105463,0.4838717472306417,0.48387195745148914,0.4839154831347126,0.4842135286687165,0.48420340827566377,0.48421141867397527,0.4843677122998109,0.4845145097280624,0.48444055566954525,0.484467763028886,0.4847664516970371,0.48480836720314563,0.48451794835341633,0.4845183170367799,0.4847559519619739,0.4847524458019506,0.48462132278464587,0.4846468335280679,0.48461213714010903,0.4845689422682404,0.48459483193909664,0.48486936517260487,0.48475924906782286,0.48454772984451044,0.484343696521453,0.4841998013965322,0.48418613767359314,0.48438337643869966,0.4842293394043896,0.483956990134814,0.4838903228785715,0.483670872067427,0.48359876245541444,0.4837740182832062,0.483869555509737,0.4840552992621598,0.48400791432142154,0.4838178918987663,0.4837680605974643,0.4835354843114204,0.4833869717345819,0.4835354351596404,0.48356435393358693,0.4830760264862946,0.48270946379140023,0.48244723985252647,0.4821728611049249,0.4819833795917961,0.4820758037055385,0.4819185751207685,0.48156775142241015,0.4813861950895262,0.4813793628729304,0.48107856400125415,0.48059881882790717,0.4802664053607646,0.479838191581089,0.47942921260037297,0.4790654560748566,0.47882712738988437,0.4787536313571794,0.4784123959898305,0.4779853809614467,0.4776602292312359,0.47709876067361406,0.4766668591713051,0.476455593819996,0.47638116346410597,0.47583824572619254,0.47509789246735346,0.47466654325599694,0.4742460110973891,0.47369661602315316,0.47341541962181344,0.47273075477138277,0.47141424336529947,0.4708320203698758,0.4706883928515861,0.4700880416707767,0.46962339760576477,0.4689879883619891,0.4678606628316918,0.4670754638004592,0.4667212562317585,0.4659158742214288,0.4647279802864767,0.463889071974625,0.4630438949475119,0.4622050912852391,0.46173347530265174,0.4610080920286327,0.45994720165267794,0.4590542101880242,0.458339956988902,0.4574764601868173,0.45660319859122667,0.45575092958686503,0.4549236739803921,0.4540841573082836,0.45312370402645036,0.45203892142313057,0.451289089460037,0.4506990810924565,0.4497973639696242,0.4490227782776614,0.4481493713651013,0.44677755654238865,0.44584805217184575,0.44543090413682024,0.44458339135055835,0.44343740362304024,0.44260084975173863,0.4418454238718841,0.4409728974636458,0.44020876231179595,0.43945210251726446,0.4386179981721632,0.43769805125388994,0.4367948252365203,0.43599720512618206,0.43497219645795066,0.4336750860176776,0.43263362037763375,0.43171998041224247,0.4305810174069894,0.429459243302628,0.42819325551107185,0.42676961046253703,0.4253130078337609,0.42390116070529893,0.42221339844470646,0.4203755871734267,0.41838971014005005,0.4162980093034287,0.41394395427848396,0.4113648760029083,0.4086822304314721,0.40580494619658947,0.40276167203154234,0.39974905152862944,0.396284338975119,0.3924701908131461,0.38847880960005443,0.38408866666110153,0.3797025257815951,0.37530784227316116,0.37062646882001893,0.3657292901681916,0.3607384009084564,0.3554833321534477,0.35015489895281593,0.3448158115621791,0.33941665780472063,0.33396586689300295,0.3283997782891633,0.32291743544693435,0.3173526620344267,0.31194588578681065,0.30653599011825045,0.3013513446867166,0.2962617508842768,0.2913666377694848,0.2865871857638253,0.2820869246796687,0.2777648281409914,0.2736723503668397,0.2699536463625475,0.2661743981403428,0.26230507730862906,0.25893306786238296,0.25574724296271456,0.25283554894598026,0.25038957415627633,0.24802733794359727,0.24588773159935115,0.24378287383935568,0.2418078293235527,0.2399866650846841,0.23812501799721755,0.2365675773033191,0.23545282679353435,0.234225856883767,0.23309569010692732,0.23194163376026194,0.23112439181085453,0.23042795087178175,0.22967303285056345,0.22912505028508387,0.2286229130172676,0.2280315383824883,0.2275325730884186,0.2272565262366415,0.22696949864609228,0.2265676570444503,0.22633156985717978,0.22628405949399116,0.22626713373431712,0.2262438984814209,0.22633071905430263,0.22668914913298338,0.22680694051029515,0.22676994886948382,0.22689369675152302,0.22699477572365018,0.22715309356947724,0.22745193067496192,0.22771323120063428,0.2279200318876325,0.22819994167403623,0.22858376472542657,0.22890674386090834,0.22917894643562278,0.22953258821168634,0.22993297967475304,0.23030261109014305,0.23066902708246084,0.2311091742516243,0.23158620227441398,0.23203071208538537,0.23240757970676718,0.2329852442515386,0.23369217104574594,0.23431915117442098,0.23510018703363614,0.23612278178166718,0.23696403390110896,0.23763585576162802,0.23871277297896404,0.2399881059646955,0.2411496535152231,0.24251882610332215,0.24373509070719604,0.24474041353309364,0.2459848570380538,0.24736538569732458,0.24872585663356073,0.25014913411281203,0.2515482113584126,0.2529703297880255,0.25438206069360475,0.25576897212569566,0.25720814424825006,0.2587111788063418,0.2601336139883451,0.26146769887579274,0.26297446051598755,0.2645869216219978,0.26606771358682574,0.26752358119474673,0.2691255671339179,0.2707147559808999,0.27228856990934946,0.27410518845972226,0.275717648184073,0.2770779591824805,0.2785575986227033,0.28004746224407356,0.28156673492859124,0.2831087308815832,0.2846664068686894,0.2862601889992267,0.2878528079162254,0.2894941734728332,0.29107583342173216,0.29266206031912667,0.29418553571821215,0.2956275124948779,0.29707159542016554,0.29843122388013815,0.2998636006304506,0.3013294642712158,0.3028006948547084,0.3044175221176483,0.30587608658073046,0.3072570192136477,0.3085486941906711,0.30991559437417665,0.3111875117626294,0.31258194649947785,0.3140969286541168,0.315509583240006,0.3169042956157168,0.3182831958069238,0.31966151757951405,0.320966394498055,0.3222102141733625,0.3234968992195246,0.3247612642362686,0.3260111143733691,0.32724138656716406,0.3285623399425663,0.3299752480550645,0.3311590858951585,0.3322601322052298,0.33349435797068355,0.3346774112759643,0.33575228981009386,0.3368456772917702,0.33806488348210495,0.3392637007844268,0.3402714326887346,0.3412858741547106,0.3424711085117214,0.3435239982128034,0.3445553627063056,0.3458904834089379,0.34701569217638817,0.34778926212526273,0.34874287016913286,0.349880668616368,0.35089556633463065,0.3517423159907473,0.35275464788468586,0.35396761519914194,0.3549239742996889,0.35570167517376916,0.3566836007863099,0.3577556335951886,0.35858827545302735,0.35940929117056397,0.3602618686598688,0.36082983773473576,0.361585514853286,0.36266940545068593,0.3635053325359222,0.36411721588544543,0.36489026511416006,0.3656251738014742,0.36648067384435734,0.36760624355583493,0.36847874404589853,0.3692752251413157,0.37005190444760033,0.3705969321460776,0.37130632860877216,0.3722412412385244,0.3729429059786111,0.3734403353669175,0.37415488785303846,0.3749422412338642,0.3755749153540301,0.3762725591916911,0.37696990484271886,0.37744957842124816,0.3780426524831164,0.3788323444710717,0.37952823811417563,0.3800717883325194,0.3807728145950072,0.38173790415585346,0.3823922850517935,0.38275350576960754,0.3834361449797077,0.38426941912061924,0.38483264632981323,0.3853819099427314,0.3860914547164622,0.3866532650208818,0.3871853073535874,0.3879911896341796,0.3886757907564228,0.38896028980135605,0.3895343157915145,0.39063281693467694,0.39121373635203077,0.39134986973674796,0.3918697469063215,0.39232281294278204,0.39276265863899534,0.39358329940031744,0.39424104123534964,0.3945988461604829,0.3950720061235309,0.3956585963013406,0.3962183114679309,0.3967999358825113,0.39730642203354405,0.3977909898141064,0.39826251604157265,0.39858472914181653,0.39901292893166007,0.39956330999981227,0.40004955116751517,0.4006109418595204,0.40104130511479935,0.40119334905766,0.40160132283679895,0.4021280607452732,0.40261676451074413,0.4034321597944032,0.4039470462644996,0.40401102696066565,0.4043909210888646,0.4049590260310727,0.4053106964604411,0.4057359583727955,0.40612770313587854,0.40615839003436527,0.40643611734815865,0.4070905932400951,0.40745176605113054,0.407695641415561,0.40796821483057955,0.4079404305168812,0.40816814958129133,0.40889333785399157,0.4091262808674388,0.40894718477980674,0.40912377913905995,0.4092222132360472,0.40932568818839843,0.40969382158383405,0.41008976260015406,0.4106033674742754,0.4107172504437065,0.4105425218754276,0.41071578065815034,0.41079916507623165,0.41082110146893847,0.411225853021147,0.411391431517853,0.4109869642922167,0.4110320192970916,0.4116406934217518,0.411725601283088,0.4114506425166754,0.4115504868397198,0.4116334466951433,0.41163703475324637,0.41199360758415143,0.41213070319256706,0.41189215374374516,0.41176414043870124,0.41170729916532384,0.41167635747610376,0.41164260045494794,0.4115326329227245,0.4114618087371006,0.4113940031006007,0.41122849025925245,0.4110179321538458,0.41076248533525056,0.4106671341058688,0.4106821708123637,0.41051452214389333,0.41025109375260976,0.4102320210383168,0.4104163669697871,0.410103747803903,0.40964435217796286,0.4093889379895161,0.4087338696301756,0.40838110579639364,0.4086538900313699,0.4084195643287673,0.40765989905991906,0.4073746559303952,0.407317221730125,0.4071247621009764,0.4071446024980916,0.4068507542908034,0.40618376196766426,0.4058707797866105,0.40576585621730427,0.4053195559454452,0.4046929602338203,0.40442496450881954,0.40419263054971044,0.4038466232451508,0.4038270665367688,0.40341819335838325,0.4024493389902303,0.40210122725625136,0.402106050102956,0.4016524051591771,0.40113357684517037,0.40042445057575177,0.40025295072894196,0.40043465596260935,0.40003862250878186,0.3993214643198008,0.3988081019762436,0.39833430178849544,0.39778856961739023,0.3974553570729134,0.39719254197829273,0.39676146094845344,0.39631453375378023,0.3959479105417241,0.39554526590417,0.3949793882645551,0.3944918603337962,0.3941020610238918,0.3935059923963652,0.3928093246385929,0.39239028301261364,0.3921038417835515,0.39150796713355085,0.3908857342482977,0.39046706036434103,0.39026406508677114,0.3896909220420895,0.38887406536217106,0.38838318426488555,0.38784918989295475,0.3872382524027726,0.3870060604156894,0.3864212414081224,0.38526578494291036,0.38450066776020764,0.3840747874017303,0.3833704419064946,0.38243898661656084,0.38177945734218344,0.38120912240226745,0.3805508744143855,0.3800619990762639,0.37940076123172695,0.37847843044399077,0.37768057860891113,0.3770306889531349,0.3763845072689354,0.375649359368541,0.3746845056459817,0.3740023222711108,0.37327225384157586,0.3726264875791003,0.3720971242316146,0.37169029596014314,0.37128350670158694,0.3708637661118986,0.3705630465136947,0.36986787099890767,0.3690226927252007,0.3686101100721743,0.36822217431757115,0.3678946983645446,0.36774324708399886,0.36724165928825164,0.36661114547385154,0.36625957882700744,0.36589122553867454,0.3654090111950629,0.36508005108877173,0.364861049015628,0.3647633508590616,0.3645652530228811,0.3641926870343389,0.36402488918215453,0.3640482954900353,0.36398404066839773,0.36392634902257603,0.3638348922424177,0.3638323845221379,0.3636172113449075,0.3631355937908101,0.3630484934733838,0.3629456748436524,0.36261739426021933,0.3629676582807551,0.3228913883434364,0.32315456682887783,0.32318865603977315,0.3236891625833934,0.3246044290987182,0.32427434797387267,0.3236919079226655,0.3233936232281127,0.32271215760231653,0.3225986384190409,0.32303974295722665,0.32312188406952247,0.3235142498121011,0.32323287914028026,0.3227288328176733,0.3225282965143157,0.3219555263607617,0.3225014901696447,0.32276763261675523,0.32337293111125587,0.3235264372447513,0.3240185789960427,0.32342786335673746,0.32229440801459885,0.32214303361133906,0.32176791188915804,0.3214943092768313,0.32127135303190835,0.321220277110831,0.3209539720694734,0.3207612111460695,0.32052876402371755,0.32020206732638035,0.31997910979142874,0.32029763248396065,0.3194181403632811,0.3181578364972964,0.3181963110778005,0.3178005459777854,0.3170400806890268,0.3164383114134439,0.3163770110830519,0.31569448801913774,0.3138472454188765,0.31275306273247677,0.31185028284705824,0.3103367601381785,0.30954662176850006,0.30824872937868925,0.30682622549723976,0.3049883376468134,0.303647468623891,0.3014989846594539,0.29933678048102974,0.29825482444939994,0.29627016027846304,0.2935980480111453,0.29166439058960286,0.28902302922031137,0.2858669585391485,0.28284176264653,0.28010913930874315,0.27715586978522394,0.27383322265288185,0.26992455052914893,0.26626317169575053,0.2628618016527142,0.2585725004569418,0.25442834512386736,0.24998625424591792,0.24485427071859459,0.23880970765931253,0.23340497626332954,0.22773346302863504,0.2210139207324142,0.21531980929107816,0.21003302756072556,0.20394763911133537,0.19896467054560518,0.19415290344181102,0.1874730859643755,0.18129204027121895,0.17495721291513655,0.16911912625898162,0.16306226634185209,0.15763610015208848,0.1524060368363671,0.14701376828036425,0.14146490775207152,0.13642434874942705,0.1324216719133544,0.12811983711515226,0.12375834913123886,0.11926340979591249,0.11549937098601007,0.11185351857486436,0.1087793259594439,0.1065358132405624,0.10427559749829662,0.1017351146158325,0.09922836809065713,0.09718880411964274,0.09543054608264362,0.09391454660548262,0.09283385189688273,0.09199525356676652,0.0905874382382538,0.08902615036409169,0.08776444460573489,0.08726876089590574,0.08711572248832238,0.08690433615502503,0.08669021723882082,0.08617511854293657,0.08594265132716175,0.08581246565118485,0.0861755349896156,0.08583920253597994,0.08591046713751366,0.08594567844956404,0.08533847479085835,0.08575028612405515,0.0864543744005987,0.08627060348879313,0.0852552681112105,0.08509552602963921,0.08508757826179224,0.08444401217132075,0.08434118247058624,0.08520884739060093,0.08583847339319957,0.08575896648787974,0.08553608153284836,0.08566407427600718,0.08591263577322171,0.08592687836606983,0.08635071497084802,0.08757151224476768,0.08797881683625378,0.08790858726986844,0.08807644006263074,0.08853343486643353,0.08881301126719332,0.08894773844432706,0.08964845648135884,0.09049575991095575,0.0908825333717224,0.0913153289863463,0.09219651900949867,0.09255684599139502,0.09202854789780217,0.0922794036741592,0.09292820214136342,0.09332737998636967,0.09390667297926705,0.09473981791944304,0.09561177210101961,0.09617214371463843,0.09663231923558795,0.09683456430657741,0.09745486283278759,0.09817168308949058,0.09880338682984016,0.09956171299848923,0.10043202532460398,0.10159783675654778,0.1021883061809456,0.10262882119513407,0.10387656265450342,0.10472940836143896,0.10513630530131379,0.10566027443510807,0.10649318059157391,0.10707213119450375,0.10702442641369113,0.1076744704868139,0.10904550994812919,0.10964167331680534,0.110182229118163,0.11138861022898813,0.11216862881118449,0.11284310324914058,0.11375931710680286,0.11496682245952561,0.11582267815666691,0.11647876493545792,0.1174908772515823,0.11873783047134116,0.11965153183075032,0.12060470301465848,0.12143570343050593,0.12242395336146068,0.12314544985034323,0.12385480629712595,0.12489699422454624,0.12613780494456284,0.1274943649976012,0.12862498444030124,0.13018609226402658,0.1312377203946901,0.13167107050778548,0.13228354239120035,0.13253706856167755,0.13354204148387103,0.13489346554722897,0.13557191432536328,0.1368038706318187,0.1383709090818994,0.13914808941504106,0.13900392100715067,0.13993153679134548,0.14119212253693064,0.1419704028297845,0.14301501209762577,0.14410446524832388,0.14483735852614596,0.14557819127417793,0.14647372354325558,0.14748451532799944,0.14903327729285684,0.1499158178441828,0.1506143641441305,0.1515803148755885,0.15220548185811827,0.15166679772157876,0.15223623581929305,0.15385979698003527,0.15462642402135293,0.15506967990709286,0.1558059075377377,0.1565864161226705,0.15675683515430805,0.15749608927571462,0.15859102735204547,0.1593866939679349,0.1601025601907299,0.1606558564411945,0.16082721640036207,0.1616574819873326,0.16276037991142542,0.16354429425722203,0.16472761081585888,0.16571599215982985,0.16629423202841742,0.16685595034200454,0.1677377280718507,0.16823341437674577,0.16790151829724304,0.1681020586457707,0.16858473834955173,0.16936208899166413,0.1699205722372599,0.17076777047042668,0.17138360698527422,0.17193751111828626,0.17218533684578857,0.17178044114771898,0.17231862964995404,0.1733247255334937,0.17385959409774002,0.1746856491047862,0.1758770415605567,0.17639379230938892,0.17595485001678965,0.17644849947895705,0.1773606344687437,0.177911444436963,0.17827917924199144,0.17919079761539955,0.1806473170682309,0.18132520303729463,0.18196156829230356,0.18261372541789683,0.1825089001186578,0.18274860563960582,0.18342264726103613,0.18413151372341416,0.18466677647080537,0.18503020512123006,0.1852771733051501,0.18525027173735692,0.18584655780493797,0.18684894574235036,0.18714443714820164,0.18709795586067696,0.1879238938871757,0.18889336264740345,0.18949648354289722,0.190834952376384,0.19180657285798988,0.19164457014868164,0.19210610962924418,0.193162691732928,0.19459435236590433,0.19500405351406416,0.19461398254235102,0.19519964710038512,0.19592240564454821,0.19630049222009813,0.19713743079491738,0.19771293060957879,0.19753079105251745,0.19774745294008494,0.19832055528743855,0.19896690610287035,0.19956303158108057,0.20014049635956405,0.20080722671396933,0.20205496179680837,0.20215430788139827,0.20190164926631454,0.20215231004045434,0.2021046293659108,0.20260445224136187,0.20384711055751506,0.2045245240166614,0.2051197093260224,0.20560447417764338,0.20557344288614487,0.2063000180372188,0.20751232801403555,0.2084096682984788,0.20994273011108355,0.21078765354818355,0.21082234262323063,0.2111636172523323,0.2116201976506113,0.21157312104881507,0.21188925591082874,0.21236796946666567,0.21276674834535025,0.21327042269407612,0.21358401384671985,0.213673777778338,0.21402871081804326,0.21435081802875294,0.2148290021974482,0.21575994646396077,0.21625849518149565,0.21658963196809097,0.21690251136243774,0.21685221492036033,0.2170331897816021,0.21750584663400221,0.2177265493667047,0.2173341413904672,0.2178874448509509,0.21818070095753078,0.21841834465759305,0.21863998213196711,0.21893778138882794,0.21949761210477545,0.22007482977188778,0.2206317202348323,0.22157538150916575,0.2223513344847611,0.22328933558508365,0.2234798063669817,0.2227843212471544,0.223049579385597,0.22377387820736422,0.22374867867812023,0.22374389284439047,0.22404665533069695,0.22405130345939323,0.22352737933925265,0.2230708206710712,0.22291543377443798,0.2233631974906342,0.22379922759554086,0.2236006502096197,0.22414338992707222,0.22430104722643035,0.2228734132591316,0.22268002439595908,0.2238169398810896,0.2242783789011665,0.22458095105376943,0.22471267666944067,0.2248055015881764,0.22478958478311434,0.22423312142082896,0.2241311215064971,0.224342976609678,0.22445109910045669,0.2239645626636255,0.2248192861331236,0.22542726917084216,0.2265195336410061,0.22641649443560832,0.22598509282412746,0.2258589933946635,0.22476244559865977,0.2249277118673175,0.22670844715210142,0.22668016557095005,0.22528205924107605,0.22560339838759075,0.2264380469217768,0.22664044639518002,0.22783348978006385,0.22841221263869893,0.2280514734206887,0.2275357033500896,0.22663561590565284,0.22647989006082375,0.22637088560862975,0.2259398564971821,0.22593527378027348,0.2260646356809974,0.22589738142923071,0.22588041968113085,0.22581735782842888,0.22619497668835084,0.22649660955150686,0.2265140888919788,0.22673146222964705,0.2273480435580276,0.22798322315260683,0.2286849225825052,0.22879374733088195,0.22929885253651644,0.22882603191477197,0.22707650873592894,0.22607906069870148,0.2244240556906679,0.22365316476252076,0.22403109243147237,0.22380441620838037,0.22331839710547732,0.22337298365254898,0.2243724557458417,0.22380966521642148,0.22163866949485606,0.2215957198999662,0.22191002997975878,0.21986889258952166,0.21835348071165517,0.21860475304658594,0.21836569873738196,0.217225119904322,0.2169980173459624,0.21839636724175407,0.21811475963476482,0.2166210236807937,0.2161602816282232,0.21622239664145082,0.21526646961632526,0.21372826146865512,0.21308979973424563,0.21179177443104666,0.21138801955760636,0.21327131238826783,0.21292199492558142,0.2105489030530645,0.21023240496515141,0.2107801312454451,0.21000120232049166,0.20931781487324447,0.20922089365942204,0.20828416062273153,0.2074662276251835,0.20803790590341276,0.20812778039424595,0.2063334267616897,0.20449958294181897,0.20324005434800793,0.20219227949480803,0.2021392559689639,0.2016910840232555,0.2009209225037935,0.20095230511804602,0.20038247929438716,0.1992451050427509,0.19849825928722273,0.19734891831339132,0.19740145022981068,0.19868273640285888,0.19865330766364317,0.19893650842817845,0.19888525352869868,0.19743351525928685,0.19678903514302068,0.19696603114245548,0.19660244866232532,0.19585023148240102,0.19533758361369397,0.19452488654116895,0.19451580285768488,0.19560419567282952,0.19553677058987867,0.19516371835009264,0.1948704257145011,0.1939995575062604,0.19313061875646254,0.19238040571191364,0.19184502142751583,0.190703722757176,0.1900381895224877,0.18993286149970134,0.19066775659873852,0.18864206827981886,0.18743341967244778,0.18764009032429516,0.18592287221923778,0.184806180532268,0.18541752322361515,0.18471831879477715,0.18400120771743847,0.18589578537934492,0.18590876044266463,0.18281931675403965,0.1822954059636682,0.1830684474323013,0.18081377066131324,0.1798353368496389,0.180511526111868,0.18023884394436646,0.1783943254860096,0.17812475108241846,0.17898693579927427,0.17873490682269347,0.17884187521030698,0.17817489932401268,0.17621363866422565,0.1759445124932472,0.1758819492660263,0.17565574916857812,0.17659368148409146,0.1767006187346659,0.17659698247687936,0.17577862276926393,0.1735418620081534,0.17373281006583247,0.1752107143705753,0.1744880728071929,0.17423057897525682,0.17410695084702685,0.17205593015768444,0.17065901990427673,0.17075712011617203,0.1704319731343988,0.16872741442200073,0.16778402959456365,0.1680044180867851,0.16770417972441992,0.16705130309506155,0.16668498969259948,0.16666974702637258,0.1664632008363761,0.1663020099699898,0.16607538017940235,0.16580565566537056,0.16475388216211115,0.16593821418449936,0.164807266997384,0.16152415314727447,0.16240360938520151,0.16323006084400962,0.1623287440624133,0.16245598113720183,0.16191691021212173,0.16044613354721202,0.15957923643810165,0.1595000855499098,0.16005195731234495,0.16042294042701266,0.15815906470032143,0.1562283840876567,0.15720895856262584,0.15707569573699545,0.15598324464700172,0.15605739587241443,0.15555494044298562,0.1545247296674115,0.15384850773033648,0.15382270821115446,0.15421358052776218,0.15379855306948942,0.15332010461728113,0.15198854898189215,0.1498229590128311,0.14794169144719896,0.1470890224274547,0.14960737468268667,0.1508418851222077,0.14915688506813396,0.14876811068886783,0.14733920688857022,0.1437825631839637,0.14093997401197628,0.14156968123270736,0.14315579249045743,0.1435001450266856,0.14399614308004935,0.1441644166662775,0.14228260547235705,0.14006709507209783,0.140015558737981,0.1380699536491128,0.138505173601298,0.14273224818553656,0.14195553794893973,0.14042587968148826,0.14033822269947252,0.13648022720968295,0.13595958041289963,0.13913878356291087,0.1367950965917237,0.13381891438737062,0.13362609171481837,0.13133688735669322,0.1291133604855155,0.1309921925850336,0.13148857079195142,0.1285179954898305,0.12760031743834557,0.12800393810221924,0.12974417495424803,0.1312496002866795,0.12896392537940765,0.12612809946797987,0.126380904152179,0.12795342852196614,0.1270495951484812,0.12590220688275275,0.12363094798138746,0.12028515181747808,0.12271255453816834,0.1255015357884319,0.12197430672941519,0.1185626101475877,0.12189556163370327,0.12575808646569095,0.12314494524517453,0.12001069808566894,0.11616266406616745,0.11145272065854228,0.11202066616849689,0.11333692625428074,0.11195440235615889,0.10994680156897589,0.10922999315185004,0.1118615805637925,0.1109715030087562,0.1082632681993949,0.1142220510338816,0.11773628967671497,0.11358342498164008,0.1123796697839575,0.10828662628875337,0.10047824710027288,0.1016792991519991,0.10620144662833178,0.10221784995850584,0.09899006186702725,0.10354971318763799,0.10473133715027826,0.10362762070465671,0.10769323836811207,0.10993420891768307,0.10947040897277666,0.11176351581462686,0.10947976614220034,0.10501050020201025,0.1018872156438925,0.09913758184085754,0.09833494142487943,0.09490140335421213,0.09206153809257993,0.09459040249331079,0.096433270593942,0.0958561283407318,0.09826899205921198,0.10665782282285732,0.10584174905825282,0.09683640413685153,0.09831912946389013,0.10163871992336793,0.10033411147319131,0.10478799103366512,0.10018225897846914,0.09167410288088083,0.09581394433209299,0.10362446950243186,0.10950052297109085,0.11300542917394227,0.10923702098163682,0.10875180319708962,0.10621392178309391,0.10295374964199902,0.1050655444814311,0.10282718247347727,0.10276331209131248,0.10310325446765785,0.09969498725684647,0.0951761623645469,0.09042436995748773,0.09630656197071018,0.11009416167504542
33_6_PETVI_1_M_1_00000,0.08378249565136366,0.03983260626106797,0.11315726250726996,0.15228148364513946,0.1216737043119178,0.11829138609541075,0.08443884273096115,0.052938777043701306,0.0985979143406282,0.09827242466067411,0.07837392950231156,0.08290166099429792,0.11556078640410845,0.12422139902134484,0.10304041400629517,0.1211123862010248,0.13321919107602767,0.13127061738561732,0.1252766920298648,0.11932033959766995,0.11049170060689595,0.09380790011616041,0.07695360246128073,0.07909981769193136,0.10028164531087598,0.10366927231439907,0.09548134535839521,0.08979637760263412,0.11126198982082205,0.11849690804197503,0.11574892754977623,0.11817200273084211,0.10300470506127736,0.08576390889039201,0.08229273853787389,0.0969974147119671,0.10987508637093935,0.11327706982728701,0.11216216215247027,0.10465527013568461,0.09879703824034489,0.10531624589838218,0.10660279608990285,0.10416269041326176,0.10080437421447071,0.0884665203527774,0.08529609498504712,0.09549696274361179,0.10110127720579799,0.10528217707898017,0.10550088212755457,0.09654444807810082,0.0906594348244018,0.09198356183861628,0.10006849559868472,0.10288303427797385,0.10201559970240982,0.09997728512133104,0.09638327270682122,0.10219833203857935,0.1136039960109302,0.11254339020569724,0.11093285103215235,0.10845398317967442,0.10216419594636572,0.10349809083443035,0.10384183122604614,0.09763729079071154,0.10000899533802332,0.10338352078580229,0.10498848388192995,0.11089793022493075,0.11103170214401108,0.10820624950340388,0.11226620419556141,0.1121211686849606,0.11110696633072235,0.11388568169401568,0.11192648041797666,0.11114558629992004,0.11478274324488381,0.1173207087857601,0.12036814396704365,0.12350983876555519,0.12428694666431966,0.12360662270283874,0.12312396713058968,0.12473531737680994,0.12734152777165803,0.12885217862286466,0.12793460392695186,0.1262467017999179,0.12720810811843675,0.13117868610853958,0.1334206414788325,0.1329993647120183,0.13111139144437298,0.13086585277217894,0.12915987216587954,0.12805279920388582,0.130209613881057,0.13111646058221818,0.131247697507939,0.13130117879046743,0.13029220673748265,0.131471921731713,0.13487058500516905,0.13630205356882502,0.13600393373301622,0.13519249411131082,0.13576495987815976,0.13479378726759678,0.13301911333405478,0.13210945621555123,0.1341549387626258,0.13573364940129976,0.13516911772014656,0.13553750791258434,0.13446331848761114,0.13263063951621054,0.13365877110054153,0.13617412532213305,0.13762008885991567,0.13547092666540636,0.13589939773701545,0.13637773487607135,0.13467150838710773,0.1355763596737856,0.1355147775852594,0.13356395988047642,0.13380940235474775,0.13471542949733464,0.1354835844931282,0.13553419437406425,0.1352588308472073,0.13481168053586456,0.13443395997712065,0.13557172023708552,0.13586515288052958,0.1343495903213922,0.13560223843742322,0.136499781492289,0.13627012830029325,0.1373784399197685,0.13802263052797897,0.13816090022200697,0.1385630139551604,0.13959467079523316,0.14032334370556743,0.14004595247963825,0.14127370860806784,0.1425230336079486,0.14302911108632804,0.1444105459159447,0.1468010206800254,0.14934101236762154,0.14983943651515141,0.1516692341668131,0.1541754470842084,0.15528430847086155,0.15741276951531719,0.16057317160861206,0.1640873988560255,0.16626862505752837,0.16879567104820523,0.17254809986006772,0.17681836030941203,0.1803531645134172,0.18301469667603745,0.18554819905355868,0.18952965672801408,0.19404443729484358,0.1974650294804322,0.20126975483251355,0.20505600832505402,0.20848275950958323,0.21254782091364227,0.21610212084006727,0.21885747452296897,0.22217520752948552,0.22453629736647104,0.22632818717503633,0.22918760902194532,0.23106684946782585,0.2323410216922618,0.2339594883747627,0.2356264394181944,0.2370517772164226,0.23808022699708098,0.2389112942867964,0.23966543863692946,0.2403983790062148,0.24109712483717025,0.2416529080196226,0.24210298581091413,0.24258316770508564,0.24370263525555216,0.2448505637432281,0.2452667998869397,0.24528290767294578,0.245404341197059,0.24583144390029082,0.246003581397468,0.24596294178399888,0.24570261512936326,0.24515834792005867,0.2444574892212915,0.24346694061942759,0.24197638991910864,0.24082582503163336,0.23982878794367324,0.23861704273959208,0.2372039389279106,0.23534970924390863,0.23308783754170184,0.23106490203624186,0.22928775049194086,0.22747521030678752,0.22497802881152487,0.22256409851897901,0.2203661949668713,0.21823699874322705,0.21558311192710405,0.21298526144682842,0.21094215378085873,0.20867924270128735,0.2064479071026026,0.20444266586956336,0.20271353243543205,0.20091329708445363,0.19903267838231214,0.19730402662889548,0.1960580176529459,0.19486940043320775,0.1932051199591079,0.19235193889787558,0.19140823599998702,0.18978491856002724,0.1890177427828308,0.1880994446395039,0.18676370950342222,0.18595900717751304,0.18508125560497712,0.1842597744829842,0.18399812149197253,0.18340642136684912,0.18272787755879102,0.18236657009337198,0.18162364398792796,0.1811802012633811,0.1812594103001765,0.18050803677545324,0.17949601553225944,0.1784886903349233,0.17742952583813665,0.1763477688560943,0.17510755706156436,0.17350743838695135,0.17202710836381785,0.17100433291653688,0.17059992610280167,0.17030611603317536,0.1701694525308001,0.17000314360088115,0.168875566407802,0.1676228478528965,0.16659973037782064,0.16580861829313379,0.1646874614243873,0.16342194533284343,0.1624144920627836,0.16108359926589694,0.15989352154993178,0.15923378022276985,0.15868185677784097,0.15829011551216882,0.15799988005826582,0.15748265130530034,0.15718850531526304,0.15721544872836643,0.1574340264824589,0.15709257396600818,0.15670998139222272,0.15699687802441703,0.15705349891717862,0.15661363173272982,0.1556738607697745,0.1546224793091133,0.1538191948888378,0.1531917117700192,0.15213004559965657,0.15131129130386997,0.1503445682658408,0.1484979041048831,0.14734389765132208,0.14637579151636973,0.1449535036812989,0.1437406561867387,0.14251197589774198,0.14126275669437072,0.14056708166163684,0.13989319401292935,0.13912426414970772,0.13843846913889243,0.13745777919100474,0.136482987884257,0.13592947401163735,0.13517984581252765,0.1342941697587608,0.13334182310737028,0.1320985254341399,0.13096293865255917,0.13000211080706559,0.12882305635197633,0.12772274925731172,0.12681684171759972,0.12614300232913944,0.12544597957745598,0.12482195952023156,0.12441299398634663,0.12418796521221617,0.12396940605990263,0.12365618053065355,0.12323907725883745,0.12332124041877729,0.12373786591533084,0.12366489445042632,0.12392764683631925,0.12425555467426636,0.1241636260844959,0.12441517527127068,0.12498583321838592,0.1257649022598767,0.12672532937108016,0.12780879051011249,0.12906979579101555,0.13069047930079947,0.13290213122702768,0.13566086549553313,0.13878291793093514,0.1424535011212386,0.14708958410396203,0.1529360686112044,0.15931939711799056,0.16637582096766404,0.17422585983786593,0.18292588900538975,0.19216477781054667,0.20191916958130995,0.21233754644108324,0.22312074960413905,0.23414855125185025,0.24535426905175073,0.2567376512374884,0.268327688651173,0.280075652774253,0.2917322380811404,0.30323423536489486,0.3147088150733222,0.3264842067951531,0.3379765147523849,0.34918019235778486,0.3602647432193115,0.3713832530978937,0.3824611909453449,0.3933418653423473,0.40384335862143517,0.41413149722421144,0.4242915209222577,0.43436183099777526,0.44410134970339055,0.4535553318334032,0.46292925354804754,0.4719164844930094,0.4805408191411539,0.4888722058169112,0.4968069845102919,0.5042496250815585,0.5111861827710457,0.517644201163457,0.5241485361970507,0.5304909318406258,0.5359859291827923,0.5409571750686584,0.545630072587665,0.5501894361095635,0.5547921900896535,0.5588968132206267,0.5623654737330206,0.566040238373724,0.5694547027970177,0.5724608257024627,0.5751082260879994,0.5773792571225657,0.5796519284944299,0.5822613361417113,0.5846156902022464,0.586363776484457,0.5874975563417976,0.5886536155254997,0.5900303609422497,0.5915992351417518,0.5931046304854057,0.5939817367596881,0.5944047881669782,0.594822992478822,0.5955764082251774,0.596459651614819,0.5972725327683938,0.598022390665886,0.5985779915174552,0.5989307071211154,0.5991888234458216,0.5992382776816002,0.5993790536357246,0.5999218803837246,0.6002323676601149,0.6002942502052385,0.6002455612864325,0.6004278534698725,0.6006603305630364,0.6008641083254339,0.6010431125844683,0.6007083485660143,0.6003255955968902,0.6005434170674754,0.6008008267610264,0.6009874975525029,0.6011115841905139,0.6013875210244017,0.6014587801474158,0.601321592289797,0.601277554073942,0.6014913814438955,0.6016959760468269,0.6015966366346761,0.6017428283738221,0.6020898484318185,0.6023719872647255,0.6018520687277926,0.6014296034258155,0.6014159721142216,0.6017027850032141,0.601739989932159,0.6016186564092781,0.6015947376998007,0.6016939438541022,0.6018896738831467,0.6020285819482052,0.601625947822067,0.6015147170674454,0.6016359395922201,0.60140305205827,0.6012592743657084,0.6014500942797978,0.6019769115686662,0.6020109591937826,0.601767848730164,0.6015237987445416,0.6016333364917873,0.6015665394961256,0.6014943953409598,0.6018553386101426,0.6019800747581687,0.6018717917993441,0.6016554961349049,0.6013937531538552,0.6013861178389646,0.601631541099752,0.6017714296440326,0.6021202497568118,0.6021911417524091,0.6014728991712553,0.6016174203086807,0.601672305711921,0.601126920575183,0.6012563613467149,0.6015047196443387,0.6016429917432434,0.6016444892720605,0.6016670116568399,0.601463658749556,0.6009243469643176,0.6010918380299282,0.6013601437204049,0.6012813471632077,0.6006799432091172,0.6006642091975517,0.6010708835993724,0.6011593462776901,0.6013231033115916,0.6013983176953794,0.6012805261108505,0.6012703701485267,0.6012346083151924,0.6010880408553941,0.6007845516871021,0.6010680683554223,0.6014520697949604,0.6012784071077464,0.6012223350701222,0.6012719421251345,0.6013859712010063,0.6015505000725381,0.6018919673881951,0.6021756227623449,0.6020094252457958,0.6016263188725526,0.6014241844102028,0.6016110800226824,0.6018107431955638,0.6017708403241183,0.6015483781126345,0.601501319672191,0.601619236779271,0.6016807421529298,0.601492071245849,0.6013522381201145,0.6014014771755869,0.6015563799774372,0.6013369970167406,0.6016988517338843,0.6019636931794795,0.6010636152675134,0.6015128452476951,0.6018337369237611,0.6011412553211077,0.6012699620176489,0.6014574729802977,0.6014127767673708,0.6011408792589423,0.60124033189316,0.6013841750088839,0.6012827893021234,0.6015946072774572,0.6015652775527447,0.6013248059454939,0.6019891483427318,0.6016617937637789,0.6009539831336691,0.6009310979493327,0.6007660187097543,0.6005914875648315,0.6005785559730372,0.6009298684092601,0.6008776907075648,0.6005274478914853,0.6003495835727494,0.6005221569008735,0.6008227290147979,0.600960337962926,0.6005155841776435,0.6003048306021287,0.6004810816359327,0.6007682599511437,0.6001627220771736,0.6000201557026313,0.6009390561194967,0.6005324716788583,0.5999881612952699,0.599777728384566,0.5998983512302175,0.5998022143271041,0.5996547478863703,0.5996293795378749,0.599462462479788,0.5989828521549303,0.5984297324102785,0.5983956443166939,0.5988081783244511,0.5990563523345338,0.598706007900911,0.5984928423219219,0.5982033755948662,0.5978915467749952,0.5978853178782304,0.5978553193454331,0.5980965618474154,0.5986449715934535,0.5977583505233618,0.5968191337106142,0.5965513802810863,0.5968577882016446,0.5969397837490316,0.5969072446209505,0.5969656796121716,0.5964586113275542,0.5957295507344331,0.5951158691511955,0.5949041871205073,0.5947995607393962,0.5946262793977235,0.5943572709917105,0.5945626277454189,0.5941579803133668,0.5933771783852609,0.5939910173589743,0.5932180389806158,0.5921382589535386,0.5921872840003808,0.5914138710157718,0.5911287590785721,0.5912028100394755,0.5899288653805377,0.5895690255788761,0.5892509398935377,0.5880143995183406,0.5877028258254918,0.5881573681818646,0.5885766529579973,0.5876354142270168,0.5863609920262641,0.5854883484242961,0.5853982856427444,0.5855468209799828,0.585989761383944,0.5862724764163791,0.5856280402457569,0.5849219062180384,0.5843928971396652,0.5841476817043316,0.584349602737024,0.5843065474664657,0.5841266195928708,0.5843609736301408,0.5846289331235967,0.5841904662586231,0.583177314005784,0.583931345987938,0.5830121678086512,0.5819449270334605,0.5836692233709431,0.5839391976420649,0.5836017001962246,0.5834840846793498,0.5836410119840082,0.5835309075818936,0.5837236559819851,0.5848563826576125,0.5861628291573471,0.5861397397508179,0.5849492999302924,0.5845617863218571,0.5849567202594377,0.5856926964895169,0.5861529678724804,0.5855214935766506,0.5862413876454619,0.587591559722025,0.5869047117425795,0.5863236844058167,0.581453428234399,0.5812463138402111,0.5802892890858365,0.5801782685169745,0.5802228877042135,0.5800438890611294,0.5809550956108804,0.5820043518990274,0.5826954372828116,0.5832016667481724,0.5828271397463044,0.5827388707223543,0.5825761176725275,0.5824249493211785,0.5827504309929975,0.5831069212380784,0.5829985006437702,0.5824373087091078,0.5821455931774986,0.58271998214203,0.5830968719964805,0.584338290529475,0.5858283638432006,0.5865372633847371,0.5869917677845035,0.5870950384954495,0.5869838490251971,0.5866950844946643,0.5864668690736978,0.5863405065350294,0.5862626996971699,0.5863484699042307,0.5865174060875964,0.586927588075155,0.587222924394756,0.5870464206483582,0.5868518432999951,0.5863528383177955,0.5861678206338986,0.587454273146672,0.5884473846927755,0.5884044338699256,0.5882430403054969,0.5876000421528159,0.5873135692550712,0.5874421393316055,0.5884457617367764,0.5889369700461983,0.5887159759559831,0.5882732722548675,0.5873775863516028,0.5869871234972448,0.5873473354355914,0.5872071440079424,0.5870014097750113,0.587546248474213,0.5880458090746029,0.5887742299187326,0.5896601569886609,0.5894872732756192,0.589487404123337,0.5891252272535934,0.589042106181217,0.588882894712545,0.5893684710288223,0.5896748563817305,0.5890183986498927,0.5882104298452485,0.5873678734515517,0.5869154817840785,0.5875093148674085,0.5886047991003521,0.5897581961113193,0.5899349503268798,0.5890179419947206,0.5885946411654788,0.5877978427169251,0.587321349543028,0.5877313523542362,0.5885652269555389,0.5888357460935635,0.5887772645847608,0.5880501298565769,0.5877121322063062,0.5885311013187469,0.5886872416721697,0.588918606753149,0.5896878376120355,0.5890143454316136,0.5886223948874856,0.5884291686364429,0.5880061436510073,0.5874132963524478,0.586750991450027,0.5870242211300211,0.5868682241089136,0.5876726192844963,0.5880041618483483,0.5868707159617638,0.5863221756825557,0.5859054898954025,0.5862260891851431,0.5874228145280045,0.5870790251116044,0.586449199771248,0.5862946544829571,0.5856252866292203,0.5853824857752843,0.585769786332683,0.5864172686964307,0.5859195360100775,0.5856081799051799,0.5853466548927287,0.5844711663741586,0.5842864984830886,0.5844500422246887,0.5841811272688695,0.5840809443166771,0.5834669580373608,0.5824848139365429,0.5821667078917571,0.5824837965147144,0.5821457722096215,0.581747136219318,0.5814892057474692,0.5812152319788365,0.5803129923790459,0.5793739711118364,0.5789549122798949,0.5784363837839095,0.5776726106234608,0.5768123171304598,0.5758947140896052,0.5747231482225983,0.5732462006768515,0.57237602088158,0.5716241191058091,0.570492532146914,0.5690859207193646,0.5678796767300514,0.5665043332457985,0.5650084168359059,0.5634969186339323,0.5620465187188955,0.5603542345468812,0.5590802906124898,0.5581080304786803,0.556741785403791,0.5551925729657919,0.5543485153145891,0.5537051935024022,0.5528923139193836,0.5521689884021793,0.5510149479377338,0.5500560801471442,0.5488491954905658,0.5480392214060926,0.547553065058996,0.5470207609073338,0.5465538100173263,0.5460035613007392,0.545358012718441,0.5449624312031462,0.5446776376514944,0.5444367978482988,0.5440305156499575,0.5435942584751877,0.5431259395743236,0.5427103617779716,0.5428050689716195,0.5428405709995298,0.5426707526058514,0.5423325471440767,0.542277651283247,0.5422032819080813,0.5420998523241483,0.542301377760174,0.5422235599007141,0.5418650312027035,0.5415483439169414,0.5415185062191954,0.5414589694030241,0.5413149368529513,0.5411981370678564,0.540925255371076,0.5405639335117581,0.5403789844815964,0.5402402788337307,0.5399838698093097,0.539585962385159,0.5395189784350997,0.5395659029904526,0.5395215138974508,0.5397300414638002,0.5397441227743407,0.5393998009312448,0.5393692245101507,0.5396112356269073,0.5396864123112743,0.5393949137318579,0.5394966519680001,0.5396157860328022,0.5392850031179701,0.5393164936667761,0.5395656128206064,0.5393792515396597,0.5392998310515207,0.5394293278424562,0.5397411598088625,0.5399089326599431,0.5401395784464065,0.5404589848794777,0.5409299601705183,0.5410281143014914,0.5408663760487978,0.5410453982557721,0.5411726408709389,0.5412693623882289,0.5415936380418062,0.5419534941041526,0.5420227732168104,0.5421229043480947,0.5425214401776917,0.5428681447086804,0.5428618119753879,0.5429801938783081,0.5432080520442871,0.5434063537095245,0.5436050180895825,0.5440598666666037,0.5442862455847233,0.5442098304037029,0.5443569954293273,0.5446753509917448,0.5448467224009371,0.5449727772951605,0.5451378239854936,0.5452505086397557,0.5453082326199122,0.5457340572810602,0.5463502640108868,0.5465474810159587,0.5465156019322418,0.5465889598059825,0.5465432007812943,0.5465049671757383,0.5466985783844425,0.5468168378435061,0.5466749220236101,0.5466788573037409,0.5469508201230997,0.5470460184566917,0.5468297509455978,0.5469774978272,0.5475587006961556,0.5476721269378743,0.5476821431209241,0.547737271702271,0.5473117437467339,0.5472066345077273,0.5473660152096783,0.5476959212790922,0.5475272158953319,0.5475500847176523,0.5477907848919447,0.5478163222153014,0.5477282713121695,0.5477541396898483,0.5476635718058931,0.547151992729673,0.5469706883957555,0.5471155595244892,0.5470211537372236,0.5466965513069946,0.5466515888862986,0.5468952502282249,0.546772784587359,0.5465519847433777,0.5464193379445117,0.5460494350600297,0.5457416357016225,0.5454389958344081,0.5454567452907739,0.5455554892883803,0.545271933613558,0.5448680406138575,0.5447700130893443,0.5445812588772716,0.5442194319058719,0.5438779069834948,0.5436526579976803,0.5434160192430965,0.5430734633920965,0.5427600946786871,0.5425574457971846,0.5423114051211243,0.5420884668380245,0.5416070228291334,0.5408672450620269,0.5404816019021936,0.5402608411538596,0.5396711288889242,0.5389676425546541,0.5385649973743619,0.5382271739471577,0.5374819829962678,0.5365839343812528,0.5361219493915537,0.53546403764703,0.5346080770868571,0.5337164027261312,0.5331291297118771,0.5324457002430789,0.5314729632440275,0.5304477324358144,0.5296230455217852,0.5287484210417215,0.5275792830686558,0.5264417009936069,0.5255630923569001,0.5245225698825725,0.5231297565562247,0.5219055794185091,0.5209518237983197,0.5197783635573355,0.5184802039287536,0.5171046580220225,0.515524018852923,0.5141800024247525,0.5129661378683902,0.5116035375335205,0.5103144292752221,0.5089900060458616,0.5074479551072384,0.5062017770969537,0.5047255738763043,0.5032798380209293,0.5018073450552509,0.5001718746192702,0.4986724513235749,0.4973083821678617,0.4958940022765697,0.4944392018666539,0.493013643803707,0.49162080648565804,0.4902519520188633,0.4888712339654268,0.4875105001325022,0.48624368652050187,0.48487858051880606,0.48340330592074493,0.48203928979880123,0.48077076957980325,0.47936928488736247,0.47793441041903206,0.4765126194225138,0.4748974735007787,0.47346316051523274,0.47222042085426214,0.4709623778807279,0.4695328023521981,0.46816175379947855,0.4665200682956167,0.4645995716696783,0.4628743073158298,0.4612776855053363,0.4592535558381056,0.4570465029867936,0.4549523190044959,0.45275884910121383,0.45031314144476475,0.44789265315160603,0.44533432227642955,0.4426808579245706,0.4394833886739083,0.4360401134194593,0.4325190283912301,0.42842095982443273,0.42438948965082535,0.42076683314415986,0.41642728169725773,0.4114834944171732,0.4065519165395213,0.4013712370751631,0.39599724446369144,0.3905088486469073,0.38485523514477105,0.3788640572797187,0.37286632049581947,0.3667060886838515,0.36068697319105075,0.35438983443430505,0.34782568611109,0.34160562073444095,0.33533814602531353,0.3291833118991417,0.32317669358667317,0.3172788453388172,0.31140975978675745,0.30559309776581783,0.2996838838228495,0.29444755247879806,0.2895282092723127,0.28460074333338675,0.28000114403095633,0.2757252435500409,0.2714996931445957,0.2674670457451957,0.26386578860126314,0.2604578339769676,0.25709616470888974,0.25390596177829433,0.25099118317632274,0.24838074039777336,0.2460264042427224,0.24361927235706343,0.24137659860467342,0.23941620504677702,0.2374360416652271,0.23565987950484799,0.23446400378527227,0.23310459098217545,0.23160283754798505,0.2301955508076174,0.2290764809090239,0.22815023313534022,0.22711133569154038,0.22616581380683462,0.22542683268452046,0.22472894891361098,0.22399528708149777,0.22342472006561742,0.2229897467970316,0.22254479533900265,0.22204082401769945,0.22169154198338634,0.221439811597078,0.22101417679142962,0.22079967880294568,0.2210178650471002,0.22095750420471139,0.2206890588315093,0.2205762006981904,0.2204656636145079,0.22047707773764283,0.22065448820960365,0.22071415895919738,0.22071599045193308,0.22087316834406975,0.22113378385392857,0.2212585036394989,0.22145918155423813,0.2216144343680935,0.2214546855723045,0.2215828878763167,0.22195433852463872,0.22227458315745227,0.22271758247375104,0.223120858034932,0.22338158245479398,0.22382190471296415,0.22436735275170436,0.22498949820383246,0.22554352205094932,0.2261564554424045,0.22682686929386942,0.22742398455261134,0.22820425717526974,0.2291776800940411,0.2300705418443588,0.23094823002351908,0.2319371361467855,0.233013713965246,0.2340415173662279,0.2350718984831021,0.23621864400457454,0.23739956863753237,0.23858903405851686,0.23989124777157783,0.24116190614294652,0.24241782638934137,0.24364417478601913,0.24482304942883362,0.24616147050514248,0.24761326500750255,0.2488961060864144,0.25012378997286144,0.25154476055131136,0.25296611538566294,0.25433378150970093,0.25594209094995096,0.2573697888789118,0.2585063774834348,0.25980035109088045,0.26117917117911144,0.26255152074684945,0.2639174188300783,0.26531408703287285,0.26676804129975895,0.2681959766701916,0.26962899772669113,0.2710520953214547,0.27245967469344146,0.27387648030545236,0.27523940868415336,0.2766928605091789,0.27834643223602124,0.2797729907665135,0.28104682006757203,0.28242483964461745,0.28370292339749065,0.28499227464169424,0.2863899498930984,0.2877913240045352,0.2891788322368671,0.290460864257489,0.29190840098727866,0.2935133097922864,0.29489788818504925,0.2962246221800207,0.29761511803364266,0.2989621671263386,0.30022937073630274,0.30150462029633135,0.3028158742636293,0.30400658798409563,0.3053022907926644,0.3068028773823434,0.3080468256246066,0.3091489640418749,0.3102885369470802,0.3113171420163554,0.31247478897432057,0.3136787293949502,0.314883135415132,0.3161535305499102,0.3173832888241558,0.318636123275812,0.319789348683159,0.3208938463710954,0.3219951091103969,0.32299269349981774,0.3240825489365917,0.32530042546127697,0.32631849173567246,0.32718695529400704,0.3282213534071715,0.32926207142852176,0.3302402903511501,0.3312272138088003,0.33235345780896464,0.33353147082037216,0.3345678883994915,0.3357017793310029,0.33677801235867366,0.3376993630035331,0.33858401925048315,0.339455661455549,0.3404073436951298,0.3412811019277469,0.3421647267353774,0.3432234700628655,0.34415037298454926,0.3448790452529658,0.34572694922514724,0.3466595765505573,0.34753704463660395,0.34835212144901817,0.34926583888760926,0.3503330276622691,0.35117523054605787,0.3518359784165618,0.3527200854294393,0.3536409534055152,0.3544492820799528,0.355354422861723,0.3562831384174305,0.357149815751287,0.3578804607815976,0.3585352923920214,0.35938472182084585,0.3602225588750305,0.36097248842237967,0.36191280654345137,0.3627652395458777,0.36330130751268475,0.3640523884354734,0.3650985169474254,0.3659368445220465,0.3665965894196404,0.36742136787387897,0.36843222789630303,0.36915536506201113,0.3696247112774432,0.3704157227053552,0.37126517535479525,0.37196296273878127,0.3728804763242496,0.3737216123277876,0.37421351140378567,0.3748770318542626,0.37577589547111745,0.37658749351401144,0.3773506452143693,0.3781105261882653,0.3789282532376285,0.37963749842319233,0.38017864331102574,0.3808675966307792,0.3815975166335558,0.3823010766328526,0.383134482950609,0.38386279424272834,0.3844223538037352,0.38509178275589023,0.3859288399539873,0.3865581067441705,0.38699706430976116,0.3875946537680219,0.38815750074524913,0.3887047416140066,0.38943664584794063,0.39006334908368273,0.3904575459757256,0.3910164600319014,0.39181117000583465,0.3923567672496349,0.39275787524130545,0.393262610555918,0.3936286766744816,0.3940615724924975,0.39463027425166175,0.3952027959711613,0.3957931242733747,0.3963259085765681,0.39699067705868635,0.3974586589879365,0.3975907110351474,0.3979807681703149,0.39846097485798415,0.39886106427530044,0.39945488435813103,0.39989857098514925,0.40014338238777847,0.40041660301013904,0.40067922377525605,0.40090634950414705,0.4009256487028165,0.4012327816309567,0.4019222007980721,0.4022079265914134,0.40231355986670875,0.4026127646594063,0.4027788343280095,0.40290838617838604,0.40320707857671056,0.4035025964409646,0.40368164168213927,0.4038359749685032,0.4041243116603228,0.4042907714715664,0.40429994805712344,0.40430462712571236,0.40426645178650145,0.40427040599827624,0.4041731333024311,0.40415845385864446,0.40429561215163246,0.40435117838134627,0.40441138208830973,0.40440702527774486,0.40432291482218863,0.4042641092934936,0.4041401324411983,0.4041170414856246,0.40428336946946863,0.4041367347826123,0.4037950421875513,0.40366206650315545,0.40349746532412967,0.4031759076760033,0.402925706268925,0.40270625655516795,0.402173071665139,0.4019486190089303,0.4023247598738942,0.4019768578561633,0.4010423230046674,0.4006933593080437,0.40037711088027894,0.3999762158231186,0.3998949950444096,0.3996895956634899,0.39922666892363073,0.39880175505609294,0.3986160902765839,0.398221684504049,0.39752096068330744,0.3969812533641778,0.396497957399061,0.3960272537598434,0.39560126620343755,0.39503028848215765,0.3943348418880596,0.39393160811309685,0.3935772307468885,0.3931807221107264,0.39308995145292736,0.3926422749952866,0.39174365713512277,0.39137898136860433,0.39134037665762483,0.3908830938736778,0.39042549806027155,0.39003119533317593,0.38936997511662275,0.388922905048402,0.3886120328473798,0.3882165356816168,0.38754508880857524,0.3865644689067092,0.3859079803017633,0.3856825612343733,0.3851113164477986,0.38451560979820776,0.3843916105265007,0.38371766458980433,0.3827989645155906,0.3825677129649205,0.3820236397653357,0.3811457605756799,0.38083468166198153,0.38051883887653914,0.3797853833063221,0.3792137980599151,0.3787676670518421,0.37805494399900186,0.3774222629822918,0.3769780998769427,0.376334124241052,0.37540443992234257,0.3748128245399553,0.37451762112788756,0.37391950926135276,0.37329327989668964,0.37269156427196865,0.3719520849812381,0.37108871010659816,0.3701191454634068,0.36946278727351056,0.3688643414286836,0.36811141242519235,0.3675558216784631,0.36686697172640564,0.365935956426663,0.3651670286451301,0.3644270537670369,0.36372174695521553,0.3631188671527221,0.3622732326373706,0.361375006744297,0.3606987079068359,0.35981614553771474,0.3592025882055024,0.3589574929894062,0.3582395906563054,0.35741626163435647,0.356592601366844,0.3558078767701937,0.3555110901549653,0.3552055430461602,0.35456705429454355,0.35388448744102297,0.3533450432477521,0.35303846767038455,0.3529846266889767,0.352822907279529,0.35240355210794216,0.3517964304612751,0.3512125125722279,0.35101865288451034,0.35064277446300546,0.3501498623757985,0.3500789070048064,0.34974090456820855,0.34952264833926777,0.34945160702806743,0.34934510271016456,0.3491276959768628,0.3488631691392423,0.3487925585856063,0.3487719293207989,0.348775947160118,0.3490232970335914,0.3491116394120516,0.3490129328294238,0.3489294328062175,0.34891743324032637,0.34921984508487924,0.3491447718316117,0.3590761798636616,0.3575178616244189,0.35733511247615785,0.3575442145530339,0.35785752130935106,0.3575496021149047,0.3580552046528507,0.358352299560492,0.3575649394139403,0.3579004313094161,0.3603437291680091,0.3606124099249766,0.359823445991434,0.35936760557973885,0.3587532951174361,0.3573119902966702,0.3578706751534083,0.35904818893724527,0.3593043901810694,0.3596143023650382,0.3596498876380108,0.359128115141579,0.35825552398808064,0.3585734624172698,0.3587620436816029,0.35869112734872677,0.35900953198935215,0.358955170797928,0.35854229082076605,0.3579910068454973,0.3571800433400044,0.3566826721213325,0.3561355276649739,0.35552813389083054,0.3549541749802,0.3548723850237991,0.35476529918303185,0.35434679106600814,0.3540389597094696,0.3541010610893173,0.35363459168515315,0.3528388258934349,0.3522523308162581,0.35110916380041884,0.3494816112068967,0.34772525556296824,0.3461951981397266,0.34498252151505077,0.34374039258793093,0.3422955939599155,0.34085747209024525,0.3392348284246581,0.33724792668632975,0.33511274669835867,0.33330086921479773,0.330975834471496,0.3276666015056592,0.323807846792395,0.3207512501233695,0.3185347431012028,0.31530220015408433,0.31215950948498017,0.30866857106419554,0.3047654697256745,0.30045912040906314,0.2963518149961334,0.29295880826513016,0.2881969467109349,0.28184208235436436,0.27656797734133926,0.2711544524261923,0.2658840472297997,0.26044587113367057,0.25501878939580164,0.2486077906824381,0.24262604988365044,0.2369461481672524,0.23049867783538347,0.22462876200668347,0.2186269118093556,0.21198771900359065,0.20591819532060604,0.2005265773063458,0.19489226487644534,0.18910304100420613,0.18402294330865093,0.17882532721055358,0.17346542375882668,0.16835350408517,0.16336609629626136,0.15856110788242092,0.1541934636631313,0.1499125076620158,0.14565368944016896,0.14137477850102742,0.13771098502739076,0.13450877988519194,0.13138946915034685,0.12822683703781368,0.1252841945622507,0.12270192302930881,0.12041429791206042,0.11853911166128132,0.11672738225965036,0.11520872347813818,0.11390581365666869,0.11251875910020806,0.11082890672184356,0.11000380286412349,0.10940903768080848,0.10792120631449953,0.1070205701987575,0.10653488778705567,0.1062238035808597,0.10564016270179434,0.10532840762392098,0.10538470851935411,0.10494349845092801,0.10418765024721374,0.103951078437496,0.10375368826558465,0.10346710734144804,0.10347050545445789,0.10329049677035977,0.10281967733110944,0.10294219434735057,0.1034304993451766,0.10363488553027077,0.10367802692914996,0.10441825203135346,0.1045506095075178,0.10431001565405262,0.10439644795744737,0.10466903018543261,0.10493346783551596,0.10515724009927703,0.10521862173093854,0.10507290579813251,0.10554395581191683,0.10622716676986134,0.1069342125314519,0.10766972731428961,0.10808126637727739,0.10794084591414799,0.10803441504616391,0.10863663810111931,0.10918410392085078,0.10945229074477245,0.1091507984644859,0.1094788395677037,0.11006978679239746,0.11057843199578946,0.11137782141012822,0.11213679756440097,0.11260382378139831,0.11300387712398417,0.11358707262996312,0.1144514189254763,0.11522147779554393,0.11608209494585338,0.11670563651084233,0.11719802736007805,0.11783841744945243,0.11818750526432292,0.11919454615618767,0.12047466622543804,0.12103316375754924,0.12153652825060302,0.12238805151722383,0.12306402263495975,0.12346684778204049,0.12399952187990661,0.12467239655850999,0.12537779004370597,0.12597790537668005,0.12679438402357746,0.12811810800485204,0.12869815304202334,0.12922411153459742,0.1306658550360841,0.13150525911812136,0.131823009529503,0.1326742769398431,0.13362320473630132,0.13426220190571683,0.1350286505015487,0.13592033415097932,0.13644474244819477,0.13720069587231415,0.13835522958076338,0.13958931920181133,0.1400127019040066,0.1400979271508539,0.1413093456153747,0.14286240942856893,0.1439125226294041,0.14553371138240373,0.1466527368219574,0.14682438792032107,0.14742625284138922,0.148501400561973,0.1492984556748875,0.14994096054130887,0.15028175878855404,0.1511732998006043,0.1520884346559784,0.15292771082768844,0.15421260091521405,0.1549802460607826,0.1552175764732227,0.15592922120456681,0.15654397489595284,0.15754485629736928,0.15923307015514707,0.16046269431707447,0.16178072562943518,0.16267681828360345,0.16279920540149323,0.16373202428401,0.16445276517956187,0.16464581703791348,0.16534679312813083,0.16653285977567653,0.1670684906086299,0.16710936368076273,0.16794405722464487,0.16926400885937587,0.1698233088845463,0.17016164759451552,0.1709288659451019,0.17136224653789878,0.1719663587603978,0.17235592044848344,0.17337277677751117,0.17446346357498965,0.17537353085011917,0.17603420838848927,0.17727557075129016,0.17805738054114634,0.17807454765235717,0.17841594830456953,0.1789431146011488,0.17945949383457518,0.17954189949424543,0.18006750753891831,0.18111676690617698,0.18230085531817264,0.18237503520634227,0.18258535513595534,0.18314897926043203,0.18340748873107016,0.18383911586578633,0.18520077603843832,0.18558354008747355,0.18474425968128114,0.18503159141871472,0.18594043006957037,0.18636650001777502,0.18699450619834046,0.18754421051023876,0.1874486935118113,0.18795313023115673,0.18828234556697301,0.18858909132166188,0.1894397195006502,0.19071759124192442,0.19138663751398405,0.19242708567633574,0.1930997305060844,0.19291254616251344,0.19319861443836242,0.19374969169418427,0.1942185960429626,0.1945123809090802,0.19510540697629408,0.19606625006156395,0.19690432994982343,0.19741703457617812,0.1979496490357553,0.19830599804517293,0.19812127483522143,0.19845736361674496,0.19902876100474315,0.19950179571844867,0.20002354442647657,0.20062833865679175,0.20152624561507554,0.20198937327922947,0.20189734156969008,0.20242921570997657,0.20323356013365557,0.2038168072958972,0.20453879423955498,0.20566606637340148,0.20638278005507657,0.20677147829803572,0.20692266787486582,0.20690320476559004,0.20715614553328227,0.20663515544981614,0.20725177872250325,0.20940730185551398,0.2100948446882712,0.21021064971031256,0.21095483754896066,0.2112822998213105,0.2116245418816562,0.21220340816921682,0.21346541254633913,0.21390514664343932,0.21443062985808345,0.2147856737951037,0.21527414095031092,0.21567693559009993,0.21581090558981497,0.21596757350768506,0.2159665008563719,0.2165928789355828,0.21752491496794304,0.2181316608333408,0.21885052838465457,0.22000336691179104,0.2214945229544383,0.22225313726105916,0.22308053654743437,0.22400411351305577,0.2245534607206365,0.22440080116063132,0.2247837897260159,0.22593783799301945,0.2263935536095975,0.22628067910325203,0.22643358890668483,0.22650144889161766,0.2269117644242121,0.22757491012403214,0.22788566012337935,0.22819827723805566,0.22866874397908113,0.22862745643662064,0.22916779306089638,0.23107619710947397,0.23173997519813302,0.23155697790814292,0.23152423740316966,0.2327779063347543,0.23310374507304849,0.23365693406687388,0.23545027420548573,0.23576403916872174,0.2341608341321919,0.23449590896692027,0.23592377360720435,0.23611570159209505,0.23636149529228823,0.23668077229626625,0.23585699050810077,0.23601057820137844,0.23761230417466228,0.23815903570940544,0.23827736737753594,0.23836917931873994,0.23755706420094955,0.23754241895830702,0.2383178232343247,0.23856206879968886,0.23890555715544481,0.23969578163441563,0.24001704057979453,0.23985210860873757,0.23995107502079457,0.2398322285080274,0.24044601839713456,0.24173150146247446,0.24216521617663828,0.2428507306310375,0.24309967997034265,0.2422022954334437,0.24211762000537834,0.24220695210784365,0.24268631894259896,0.2444256651576322,0.24469528638851856,0.24368897988337862,0.24394026927781995,0.24471774379385416,0.24411261125562309,0.24403003793905362,0.24500276590451417,0.2452734769308706,0.24434602854680337,0.24462537134008183,0.24614117820216191,0.2465767254645117,0.24674186199403972,0.24660265552353772,0.24566647715214307,0.24558086881685082,0.2457188700093313,0.24579275517215038,0.2463985502145763,0.2466751576326079,0.2466399153613129,0.24667340922648523,0.24649448525631532,0.2467111699554035,0.24711197444085317,0.2474804465431775,0.2479061770256656,0.2490310062943986,0.24946020496733048,0.2496065185576527,0.24937555229957195,0.24853308643729247,0.24814003986658723,0.2475694861909065,0.24718458624027329,0.24689076415536024,0.24703759720400503,0.2476063739994753,0.24768435750589993,0.24789903743103098,0.24806879323730716,0.2479602658419369,0.2477847980156632,0.24789351834148707,0.2475861020535194,0.2466189674388034,0.24600648891310273,0.24539202655795098,0.2448454463408903,0.24434904230525584,0.24397449227025156,0.2434811181819963,0.24378493676440774,0.243118656997994,0.2417314898477114,0.2408413777756363,0.23998770630845592,0.23947298107401815,0.23992941768844775,0.23961237970481739,0.23895105306247322,0.2383373904594284,0.23798200440531928,0.23696498938517177,0.23502106620575322,0.2341075822638491,0.23367369854501124,0.23252484373067142,0.23121188852984423,0.23056096630217343,0.2296387815468856,0.22880623171748407,0.22904602040890068,0.2287382414508193,0.2275595410290062,0.2268271376198071,0.2264952774018136,0.22609258865040635,0.2258707864115679,0.2254121188647461,0.22554955353127626,0.2240648756664721,0.22252129146404262,0.22226644991932823,0.22208416497257488,0.22049286477493876,0.21900040865297518,0.21818411982732624,0.21775745391991946,0.21800468392113906,0.2169550081001665,0.21523212438857178,0.21474934176582586,0.21429359272031331,0.21302266056971594,0.21199378817956524,0.21206776649805473,0.21207165095989633,0.21105548580515698,0.2110165961568831,0.21051240887126235,0.2076639193321483,0.2066646109683241,0.2078265319205082,0.20789827361100943,0.20752792557514838,0.20676544233349944,0.20562768625823824,0.20517033735579657,0.2043493070231942,0.2038693022279694,0.20512641365894033,0.20471810604277516,0.2026906084661424,0.20170331309401615,0.1995719515776001,0.1989478738977478,0.19993666147443945,0.20147596828897624,0.20039210533917307,0.20014390879857244,0.19999215904643922,0.19751469388297951,0.19584146171199554,0.19560182044345434,0.19569297506025002,0.19570173434878704,0.19552622427046978,0.19571431681558152,0.19493872891913439,0.1937266047393068,0.19381611963245424,0.19331631984214592,0.1927910594649863,0.19136203394407847,0.19070936745995487,0.19037962036861628,0.19019793202481927,0.19026176103040093,0.18997523242391054,0.19031894639085375,0.18980363449234572,0.18772546865246376,0.18697365816675993,0.1870699393217969,0.18673005995003952,0.18671362836738511,0.18621058020073095,0.1852047359794063,0.18450334341226335,0.18328474739516995,0.18300498115520755,0.18368999277998369,0.1835312534565956,0.18356261601942653,0.18392070053886087,0.18439943709817264,0.18349788912771411,0.18149820718818974,0.18094389617314297,0.18036452060690977,0.17960780241338245,0.18027240618772442,0.1798556146734191,0.1774556718789241,0.17642940788718114,0.17613985062953327,0.1759486652073551,0.17694294833375873,0.1771058259513068,0.17677723477134483,0.17619879793502152,0.17731847611138724,0.1765055541623465,0.1746365158354486,0.17569080280207836,0.1758864392023582,0.17405191541877574,0.17418509568367213,0.17526837431852407,0.174630462356995,0.17351936236823676,0.1726415996133073,0.17020611345721945,0.1684457305112106,0.16929684957719363,0.16926684672942946,0.1682506063234266,0.16807065331776322,0.16678246291150697,0.16662949998489415,0.16793001516536024,0.16750672915369072,0.1676453817141284,0.168030228748619,0.16736182397306762,0.1671621018996699,0.16577980458384045,0.16450160388329585,0.16576621739738698,0.1664366434064494,0.16523907051711798,0.1620845261610403,0.15975405168179344,0.1583650215600998,0.15692015065841944,0.15832154096470677,0.1596394995979375,0.1593073468249813,0.15849355986560304,0.15832896225604576,0.1585125294023895,0.15790904872541991,0.15751244574570725,0.1570581314965991,0.15613599897471608,0.15508166382696006,0.15430356688443536,0.15300254521286435,0.15134448423639685,0.1516286871155667,0.1531963624217098,0.15292448051680477,0.1522554129028186,0.1500702928663411,0.14598500276384208,0.1453874196435379,0.14658476582036853,0.14764402466163457,0.14689771310126223,0.14514791535592103,0.14445387209649577,0.1429992907325917,0.1424633607548735,0.14466121922753747,0.14859328340045358,0.14767300174001421,0.14376980717781077,0.14201258038865097,0.13882745863555976,0.1365472866381533,0.13896355572384073,0.1400960611554624,0.13751305614202705,0.13634623523467637,0.13664691924402142,0.1385906090413227,0.1381837353917961,0.13484371045256724,0.13253392885339324,0.12937117540926946,0.1283571823359958,0.12632528407155777,0.12338776789048045,0.12143031103903627,0.1190255837223445,0.12543188134425143,0.13320072355639812,0.13200522301792553,0.12807010780551695,0.12386715286469392,0.12118030545226292,0.12387242051100453,0.12548780570685936,0.12284667624911866,0.12323863575268701,0.12297019676431048,0.12386688943045619,0.12749145817453242,0.1256472423854988,0.12505130544314896,0.12779335716784168,0.12400417739535922,0.11966529309754927,0.12006952870238286,0.11846363838344741,0.12113995946582982,0.12446762928174761,0.12258968298204193,0.12206055435188985,0.11706760586388579,0.11299097714626609,0.11784974046352838,0.11640024500109954,0.1163233807724475,0.11764415847061639,0.11482862244665734,0.11176967167609371,0.11119062426157209,0.11090584747938131,0.10802442032622896,0.1064454207641605,0.10849273913532287,0.10747290022973786,0.10107981193574604,0.10210009689049633,0.10821180167520954,0.11356736448770165,0.11704518726421165,0.10695440110963894,0.10018416898781872,0.0992625279377189,0.0912333540492073,0.08406688061659102,0.09025497323423845,0.0946021722737698,0.09181531063247066,0.10539087735974052,0.11316815297153351,0.10221675716502737,0.10290021617411674,0.10368993004632886,0.09976038287626512,0.1096071424700605,0.11606401103775367,0.10907743453318336,0.10208614416842672,0.10424487834576701
33_6_PETVI_1_T_1_00000,0.14987455396215604,0.036538734670687405,0.09300062055352436,0.1572327397015366,0.16971612290397103,0.19342052857557115,0.18806912928381012,0.1642504307576218,0.15579960408649618,0.14947198445466975,0.15619070596741905,0.1785353225130906,0.16400123141423747,0.13744992031111583,0.11876266101499566,0.13714540143659282,0.15238137404846905,0.1511802220147359,0.13320696102883597,0.13675046783220168,0.14301653982673893,0.12852387916119132,0.13893716708592055,0.1440182852065943,0.1308518480833778,0.1360018304817295,0.13487593391150043,0.12692534887869278,0.13206156821720766,0.15147709266034826,0.1685081890762323,0.1636113051234367,0.14702898628460837,0.13748879893588067,0.14387400291094954,0.14248827123990926,0.1238639127115736,0.10631049462464927,0.14998149269923328,0.16023392157921862,0.14562624240737496,0.15376531613360736,0.13931913311860858,0.13287428020791087,0.15649450421417443,0.15782691254931722,0.14835220081245287,0.1392946566090085,0.14020041493651497,0.135526936086926,0.12747926371856177,0.12851410062796473,0.13104118354046038,0.1327623268098457,0.13310346794818473,0.1333277247674548,0.13621111478890413,0.14045329674134363,0.13461840161139293,0.1295990880246178,0.1299879353731887,0.13584461016891763,0.13633579083699499,0.13469242567628276,0.13826096034719182,0.14086239614942464,0.1405883594245482,0.13773388065884856,0.13767686427249384,0.13706355090984348,0.13533197173150832,0.1368864903801353,0.13577484889158603,0.1336304493459932,0.13621151094447628,0.1400972059969017,0.14339669235895713,0.1445667391869145,0.14147198550669582,0.14117771491821776,0.1462743682044134,0.14772448256077547,0.14704736487607634,0.14634070482055656,0.14902553438341906,0.14892474017100388,0.1474403822599649,0.14879010193929293,0.15302971236783924,0.1550744402992308,0.15179467122724402,0.15099056701279373,0.1531054109196565,0.1563037732122156,0.15485688437324308,0.15187502603728992,0.1504717067870435,0.1544561504899932,0.1572260644221492,0.1577604097304143,0.1571149930511645,0.15864573248052147,0.1600465670585738,0.1597771511459295,0.16075907037310735,0.16125183601136145,0.1608982281924664,0.16124970243425418,0.16072629888712325,0.16031488684413128,0.16210638302778893,0.16255464613975276,0.1614710766222682,0.16001129028858094,0.16221063193442115,0.16376255074753335,0.1624196413662514,0.16146182682231247,0.16133980666787082,0.16139701586600463,0.15951611073295766,0.16177953455549202,0.16495357938770105,0.1629972645454357,0.1625801645389558,0.16329127796079881,0.16378777377846304,0.16397353187975325,0.16269456781032893,0.16052288487957972,0.1614175186743792,0.16189267321469142,0.1619275875519751,0.16365786798495238,0.1642797734068123,0.16352433796743351,0.16208337344623766,0.16174665939007318,0.16202577880588673,0.1624076149703134,0.16336057603194043,0.16398017190220365,0.1641433175047634,0.1649260164079169,0.16416361919333958,0.16332837020048727,0.16567699985387113,0.16774662364395576,0.16837959842226152,0.1675676004950456,0.16844001409749446,0.1698278376862507,0.1708318991964225,0.1721339760877741,0.17299085025569783,0.173897441911626,0.17686633584750217,0.17889262262928732,0.180166841406066,0.182165335294686,0.18506153253321053,0.18777510795732316,0.18947858943560086,0.19148009431607738,0.19415723976228752,0.19745740938976475,0.20065746334823586,0.20383690047160022,0.20702752290505005,0.21024779170854954,0.2138727395722851,0.21745284193394118,0.22041825354324868,0.22420564421131337,0.2282676924523537,0.23205243401682266,0.23628820441857945,0.2398332096254617,0.242321931389951,0.24466519143898824,0.24698163992303424,0.24949509916504983,0.25247215908568654,0.25450059554303545,0.25584131112026365,0.25723322132840165,0.25878195641445323,0.2604526102853179,0.26206092838677997,0.26300865013799796,0.26390009392077884,0.2648608730908246,0.2652272505341562,0.26626690246388757,0.26761988280572585,0.2680520919501896,0.26834746799718656,0.2687902490323151,0.2694433577654032,0.2696260136658046,0.2699457405193039,0.2707020533012284,0.2711791939281447,0.27130014472890013,0.27101089411566315,0.2702587066847194,0.2693756374728501,0.2685067397825999,0.26770035187852004,0.2668419404562048,0.26600353855692577,0.2651521983910033,0.2634880213442329,0.2618231738469487,0.2604999418799581,0.2585300203344238,0.2569039565071532,0.25563722032951214,0.25385632558183513,0.25136330649597033,0.2486669110446253,0.24656203784010028,0.24466421627844293,0.24273585996293995,0.24058830507100276,0.2380693137049826,0.2358551950894907,0.23418343685504114,0.23242138735408702,0.230743367847476,0.2292429021226093,0.2279834361819961,0.22671439320581901,0.22537310792784215,0.22400406608861373,0.22307834392102105,0.22223993354288651,0.22123191384406304,0.2206221549733844,0.2196297994671435,0.21819877861039555,0.21745404773650517,0.2168201865867374,0.21614972819844516,0.21547309412462726,0.21495611128068343,0.21467205288558322,0.21458652818465276,0.21419266470097037,0.2138328581945527,0.21362288220943693,0.21282782106568615,0.21176254296548638,0.21058545528920436,0.20928491070086305,0.20799930728717841,0.2065845245699377,0.20478415198258515,0.2034226154146198,0.20260028650089348,0.20219045102250435,0.20188059642786504,0.20163949251486984,0.2013428422219248,0.20056769046322243,0.19948749070375915,0.19820704089012572,0.1968046496029698,0.19560859648193024,0.19467736686036122,0.19393125805080466,0.1933374772318667,0.1924396016409749,0.19113276304919094,0.1907098550014014,0.19082470840913068,0.19087782212756646,0.18959068258584527,0.18902183394529892,0.18942963389075582,0.18991987592055212,0.1899431144483703,0.18974179771976143,0.18974065088060524,0.18947292663788196,0.18900095795377356,0.18844158266640718,0.1879130414055139,0.18729287241272133,0.18650265554852524,0.18548041720338096,0.18463855076078303,0.1837185919881878,0.18220974078554497,0.18069437901383134,0.17944331223555976,0.1784751820223492,0.1769226857280786,0.17560140401995677,0.1748135982090881,0.17368371617098116,0.17276953075567061,0.1720971395684642,0.17131779302266797,0.1701026666651855,0.1687897887977258,0.16787165707922436,0.16696884731088668,0.16595834534294407,0.16479981772587066,0.16365604268298334,0.16217240456581009,0.16045681535399373,0.1593409090119782,0.15803181817297005,0.15661476718492048,0.1555902328835053,0.1548898241204867,0.15429795372336047,0.1536351676397701,0.1531253003656507,0.1527313236335238,0.1523635110962462,0.1517896118490418,0.15158081394612025,0.1517285934695043,0.15175691193176588,0.15178162828562627,0.15193261613887954,0.15231480991549332,0.1525823345048723,0.15294371025648823,0.15359490030036305,0.1544519051219193,0.15562623799480574,0.1572144763596935,0.15928965122849162,0.16203729409646633,0.16517701987890013,0.16824870053718985,0.17224578944049268,0.17726910428215564,0.18315100404524373,0.189474269951318,0.19628095294453077,0.2036918246025543,0.21199917949979763,0.22059732484177585,0.22948074261336318,0.23902486695652675,0.24832335448544499,0.25762401261745743,0.26740061222312966,0.27731664015051694,0.28727306757648796,0.29718989287911485,0.3069407172946062,0.31670661458630334,0.32645281709968443,0.3358915032431004,0.34506819118364324,0.35424058733511177,0.3636454299765154,0.3726572552780092,0.38170132810275437,0.39100171251847365,0.39965845805368844,0.4082584747595164,0.4169359394891208,0.42521830883478035,0.4332170577293207,0.44105668262013814,0.4489075123733482,0.4565118895073292,0.4637183547135942,0.47047324973027466,0.47693938550672116,0.48306422764380763,0.4888637071381641,0.49446057012437067,0.4999037493883449,0.5050445958522455,0.5095865438785921,0.5135744911879374,0.5174732726306394,0.52162522185609,0.5252330088922721,0.5285267837864517,0.5316874746333715,0.534716267232834,0.5374404238253717,0.5397947931159008,0.5418019003548489,0.5438746387941122,0.5459762991450667,0.5479661106978335,0.5500489462438228,0.5516188339895256,0.5524846789378243,0.553515282758636,0.5545698790574228,0.5556583104877136,0.5568851155339821,0.5575740469961038,0.5579646795722739,0.5585464962323242,0.5592494596994961,0.5600531036985449,0.5607884771449109,0.5608446049128508,0.5610365445003399,0.5615056123774351,0.5618020883692719,0.5618254398508226,0.5619809490931238,0.562661418110002,0.5626567279211402,0.5627138991215471,0.5632655739144612,0.5633951712606607,0.5635157850527124,0.5636495389004854,0.5634759942808821,0.5633592697292898,0.5633675577929197,0.563462186333927,0.5635385226900717,0.5636927334497206,0.5639522040790456,0.5641392587172802,0.5641902408870637,0.5641511114252458,0.5641747914304299,0.5643414237918354,0.5645624324902571,0.5646996421513113,0.5647336177520705,0.5647323523642193,0.5647009860482071,0.5644410075684985,0.5642937222072398,0.5643747270234599,0.5646283756780437,0.5645589709421075,0.5643733690011069,0.5644122423086354,0.5645416278035081,0.5647258350790663,0.5648496186404138,0.5645627283798449,0.5644361630509312,0.5645274218289592,0.5645771613524241,0.5643846320857708,0.5643857448554703,0.5648763674834019,0.5648759792258358,0.564722256940519,0.5646111795935751,0.5644188570104924,0.5643674738169394,0.5644399452607778,0.5645006563526616,0.5645268026494991,0.5645331023103066,0.5645555688205531,0.5646629625963789,0.5648781521873433,0.5649533853047449,0.5642651223249484,0.5643368761176777,0.5647073783144386,0.5643775712354008,0.5643427168001931,0.5642919550424929,0.5640619495524277,0.5642263933115678,0.5642137068161139,0.5641030819609558,0.5644449810325486,0.5644820791456878,0.5641847945822911,0.5637976810075016,0.5639248185633543,0.5640356984440351,0.5638473417010973,0.5635078510852674,0.5635559520518774,0.5638853634337583,0.5640679277695694,0.5641296357282788,0.564049789862053,0.5638477419991113,0.5636113620208723,0.5635650202756454,0.5636483926463366,0.5635185763027153,0.5639475581243321,0.564449001594663,0.5643149499836703,0.5638335534940105,0.5636076717302008,0.5638081912701768,0.5637488819105271,0.5642053383147577,0.564754988969861,0.5644539765263801,0.5639566108981079,0.5636615430946058,0.5637368500788071,0.5637986182756577,0.5639748579475009,0.5642106328192574,0.5642814059451449,0.5642230960190365,0.5641660449262665,0.5641854791535479,0.5638883091539141,0.5635328991938627,0.5633827540267805,0.563711670369692,0.563882997629316,0.5637958970661876,0.563616944652628,0.563665040815748,0.5636253733182341,0.5634028045744027,0.5636935101466541,0.5638704330665584,0.5638492031266065,0.5639020257463603,0.5640226111503323,0.5639425932489569,0.5635128460967967,0.5631797224751941,0.5630133341036191,0.5630451727679354,0.5632714530337628,0.5633241623701066,0.5630537184567513,0.5625794774046416,0.5629921060206959,0.5633006584607823,0.5630673620451018,0.5628561916519349,0.5630106553002077,0.5630410919243203,0.5623526633874977,0.5627019184255525,0.5628967381354234,0.5623116015840269,0.5620720062223415,0.5625197006338648,0.5631030203369903,0.5628053675801937,0.5622137489988576,0.5618592414951346,0.5619567049051148,0.5619270179658705,0.5619807043483037,0.5619812164350348,0.5616013798324463,0.561398463449567,0.5613655264268007,0.5614044742015624,0.5615768901177987,0.5613674804984911,0.5607428856071969,0.5601163296400427,0.5601517468089748,0.5604100897635714,0.5603415457484195,0.560049314386087,0.5600707500055303,0.560359636107571,0.5602755819726674,0.5599831991613272,0.5599079926469853,0.5601792076840804,0.5592836449262839,0.5586638126037899,0.5588128990934352,0.5590901169669931,0.5585300475150445,0.5578321269653312,0.5578347717706315,0.5576066009612585,0.5573558042879408,0.557195650318391,0.5570885066961812,0.5572589060740024,0.5572745057935075,0.5567572032707632,0.5564670096888019,0.5559215771027182,0.5552646334774035,0.5553832111791662,0.554892032326711,0.5540881136885529,0.5536336111676141,0.5536620788201729,0.5534586761476414,0.5528415819080619,0.5522299911082484,0.5517803324374643,0.5511384770240306,0.5501432849733441,0.5499196376358217,0.5498840373135915,0.5497531437748973,0.5495335971370638,0.5484915152098976,0.5472910900513885,0.5468127305517485,0.5476774063551701,0.5480186851673405,0.5474736607555148,0.5468991790789913,0.5461457529489695,0.5459251951119826,0.5464458200674432,0.5461024937871971,0.5464567151404157,0.5472147695470628,0.5470477249184187,0.5464108727206567,0.5461893165373255,0.5467483494230491,0.5473606461847584,0.5465570958532873,0.5454594185069748,0.5460032380828995,0.5461150600816879,0.5456509905026052,0.5450551893357984,0.545409277662094,0.5459918062725435,0.5462690036595512,0.5460655745637059,0.5467354840081174,0.5472966647392198,0.5471127398859007,0.546102196264297,0.546417988325329,0.547144474278476,0.5471672200032954,0.5472551487399514,0.5479914339633016,0.5487580387320471,0.5482468571148394,0.547607578519169,0.5443560743227384,0.5446827237746645,0.5436508868445217,0.5434582632172736,0.543745557045687,0.5432464869998593,0.543254496622932,0.5435039206273922,0.5436713916974811,0.5442910620696659,0.5450663239497541,0.5457737306116834,0.54605015034828,0.5465613763412744,0.5464092802498485,0.5455866440161247,0.5452349262760532,0.5449651725819203,0.5447895863034337,0.545010354337062,0.5454226659707219,0.5457100977979831,0.5455501328853158,0.5454005935164706,0.5457649327422152,0.5458925473708043,0.5460458131035294,0.5463223109171225,0.5462687499335235,0.5465171061207692,0.5471956252629729,0.547543893043428,0.5478507344846689,0.5482359322610009,0.547873239275718,0.5478496357797623,0.5474344485638166,0.5468596573145731,0.5471855963980086,0.5476900391072007,0.5487982872623595,0.5493578955802122,0.5493210465421019,0.5493582173929749,0.5482581321767683,0.5479898239833169,0.5480635562370522,0.5489007320520827,0.5487462447314575,0.5494966896148636,0.5500047870325052,0.5491863769724897,0.5493149151459699,0.5489442839608455,0.5481730860764361,0.5482178181606039,0.5477816935317321,0.5486672290686484,0.5498200278584591,0.5498680224926514,0.5502356605742359,0.5510321573568304,0.5505804517277954,0.549805184741195,0.5499795436199643,0.5496485066668657,0.5495779309276351,0.549573423769415,0.5492190537027358,0.5494880093398355,0.5495930742224351,0.549704618085533,0.5503559732853807,0.5500986756222732,0.5496990810526221,0.5496679957201758,0.549816470072297,0.549701127555359,0.5500191028857936,0.5499954029116272,0.5492163082858211,0.5489776671830484,0.5488666310637205,0.5487509647857113,0.5499799281294596,0.5503109304643968,0.5494679009803549,0.5498309897986028,0.549453587268425,0.5486618453268952,0.5484994131073005,0.5491233547478603,0.5488729031175222,0.5482115938538359,0.5482628310012019,0.5480455669149213,0.5480390114353393,0.548230236497543,0.5478541222447828,0.5474950884196562,0.5471969623910867,0.5468027108830587,0.5467563621751991,0.546983141373814,0.5466090783101473,0.5464433413747282,0.5465408122962615,0.5464497145412066,0.5460893136901062,0.5462502485243446,0.5461234409205105,0.5453612344999286,0.5451824447374652,0.5449020901372807,0.5450165814243959,0.5456282928213763,0.5453250927225542,0.5446137640747434,0.543956460152747,0.543337883244873,0.5429181323375556,0.5430143317026981,0.5428849116824992,0.5427296886603713,0.5422660799340223,0.5416123287097657,0.5412483955913112,0.5408887002456141,0.5402479889996694,0.5394949085028675,0.5387781569412403,0.5378110261265517,0.5369242526861039,0.5365433939285515,0.5360119137899878,0.5347404425713419,0.5333222745986235,0.53222273730332,0.5311082935785031,0.5299179826126712,0.5291125462371158,0.5279377437403722,0.5264033198395565,0.5248665775377486,0.5237765948696603,0.5225067415333653,0.5213857094153433,0.5204320916081053,0.5189691941022706,0.5178294460880553,0.5171029571463837,0.5162820909954245,0.5155015071940183,0.5142452365876701,0.5133356667739454,0.512214169975736,0.5116097524561618,0.5117625203381593,0.5112341606446905,0.5102990229209865,0.5096793675578478,0.5088120570442025,0.5082409059385723,0.5083056571833502,0.5084025516878365,0.5077731745768878,0.5070721777992564,0.5068136435637245,0.506436806795046,0.5061112242895389,0.506300869813529,0.5062759682035965,0.5059875300720754,0.5057875930110082,0.5057936384023682,0.5057106679612312,0.505569433413584,0.5053237126112686,0.5050027159585285,0.5047822811629344,0.5046572543758345,0.5043342224775567,0.5040342166250414,0.5038859882487506,0.5035121198002764,0.5030394423968146,0.5029923589262824,0.5030483925696023,0.502901848522202,0.5026264686581465,0.502579447921705,0.5025710868055085,0.5024274283869287,0.5023089437786445,0.5022979522878488,0.5023431888786671,0.5021710863016945,0.5018794396898076,0.501812646079972,0.5017783239225737,0.5016146707823538,0.5016994512332958,0.5019194046513051,0.5020036971493103,0.5019708280928419,0.5019860808606219,0.5020403528369503,0.5020860336834392,0.5019701661809349,0.5020940446191312,0.5024014141353659,0.5025660333532114,0.5027306007314629,0.5029569146326558,0.5032324775617226,0.5034261947675138,0.5035094103174425,0.5037379978105528,0.5039656229599927,0.5044022441139502,0.5045266349692771,0.5043404428568258,0.5043071262657028,0.5044569754480521,0.504710280366531,0.5051423820812093,0.5054528337278081,0.5055239899879524,0.5057169786870509,0.506150285573542,0.5064280895673157,0.506495877911078,0.5066691743787558,0.5069984428150701,0.5070899942936427,0.5069195861902386,0.5071129187355428,0.5075961217991368,0.5075161443254479,0.5076538224273492,0.5083742342191113,0.5086879547258206,0.5086645672439117,0.508748388762123,0.5086145263065994,0.5087174376129103,0.5088814370426904,0.5089773058014324,0.5092511482752177,0.509229358364827,0.5087886724669343,0.5087900848705351,0.5089942250926461,0.5090842731024515,0.5093572215371895,0.50945159911014,0.5093136448902981,0.5093277039641307,0.509368054492334,0.5094487010265729,0.5096625371955014,0.509793031955655,0.5096556798246932,0.5095595215833767,0.5095830911998462,0.5094415626986276,0.509331147555493,0.5093071268118561,0.5093384223841143,0.5093458368064259,0.5092604197621982,0.5092366875515766,0.5092072052984962,0.5090296735981944,0.5089520615094956,0.5091190608172282,0.5089967455666045,0.5085292013470954,0.5083534439852447,0.508406563831574,0.5081939712128576,0.5080125862312179,0.5076976296958177,0.5072579700710975,0.5069824318260338,0.5069117078267169,0.5067636416579273,0.506606906290211,0.5063797996610686,0.5060536992400758,0.5057071980210535,0.5054382135087712,0.5050279579571174,0.5047138452128997,0.5045849156787332,0.5043461389146827,0.5040919795270273,0.5037128836784004,0.5032306955854707,0.5028219406819885,0.5024049052173728,0.5018801850284327,0.5012877355037632,0.5007924159231938,0.5002314047537025,0.4996485122812577,0.49914816627681224,0.4988110133043637,0.4979607005334509,0.4970812296173083,0.4964002171946773,0.4957825027750691,0.49495621894960967,0.49414253731836466,0.4934317327793647,0.49262232944033413,0.49176600138892584,0.4911346525916597,0.49024638126721937,0.48907275112820375,0.48798740533784185,0.4868715787272998,0.4858194451796818,0.4847761890230654,0.48366552870490337,0.482723449538988,0.4815497331208849,0.48008494906344146,0.4787903658200979,0.47749904992821024,0.4761790920231192,0.474975764401826,0.47368058188452594,0.4721388924571929,0.47083705215454724,0.469665090475048,0.4686915778147974,0.46740971428201467,0.46611979256640473,0.46491511579230776,0.4635710062493838,0.46225084047132825,0.46110537010711095,0.45988478656111637,0.4584343538890718,0.4571679407434428,0.4560878206341257,0.45494194816286265,0.45378365590140746,0.45261488892714297,0.45145959134862584,0.45031863901591607,0.44916326280702135,0.4479866902313146,0.44683411597637324,0.4456650294746692,0.4444174075296377,0.44324282640636875,0.442285545122995,0.44104308425717353,0.43979440410561904,0.4385493103558487,0.437149026452852,0.43559605911804716,0.4340508913572739,0.4324424662678774,0.4308360850341755,0.429319482417998,0.42749171944790854,0.42559798383651254,0.4234784215189296,0.42102286748020035,0.418669700985331,0.4164113889540855,0.41375638538020865,0.4109027471604361,0.40796085279313216,0.40487191181391297,0.4014316116062677,0.3977406708451437,0.3940099145930824,0.3901935157240742,0.38590032360268123,0.38122570603006967,0.3766976486118429,0.3719112729928806,0.36697044028760406,0.3621061005482749,0.35718782073294597,0.35200752877314834,0.3467350411231589,0.34143359695647196,0.33613655282212457,0.33093596057087565,0.32560656612369,0.32034707447534794,0.3151489413023709,0.31016916903102254,0.30516949392561005,0.3003136401547942,0.29561795583214817,0.2912283193923979,0.286953014819294,0.2827858456160777,0.2788682195275196,0.2751986088883774,0.2715738862347797,0.2681875524800328,0.26525040820146784,0.2622911230095683,0.2592519200487346,0.256536917494765,0.25409301772510756,0.2517565414213127,0.24954170336275594,0.24757053742645152,0.24597836479251894,0.24422216476883518,0.2424007746027264,0.24087471150636236,0.23946184580400093,0.23803869135455594,0.23668349290194432,0.2356791495685017,0.2347104622363232,0.23374637235905324,0.23280422892711974,0.232071896844983,0.23135539487065035,0.23055952383224887,0.22982946341992253,0.2292588065760494,0.22874060028965512,0.22814474282552524,0.2276842787130938,0.2274915661017655,0.2271408908704799,0.22660952769632248,0.22634995200004443,0.2262777595144957,0.22610965995713184,0.22602345449380257,0.2259226174394053,0.22570853156341908,0.22564132243335827,0.22574676020026843,0.22574779998008063,0.22574353264304922,0.225747968722322,0.2256811860704137,0.2256940818247433,0.22578830987135812,0.22585138014879202,0.22586366644576608,0.22599356478305405,0.226239412866658,0.2264012056343174,0.22649403898444898,0.22675948839772284,0.227159649851232,0.2274243559048773,0.227701445248187,0.2280450558314577,0.22844992715211732,0.22873495915269088,0.22916720305701388,0.22979692692498271,0.23038357933939244,0.23090898288802283,0.23154016081557136,0.23230721994185957,0.23304362145443938,0.23375717024878542,0.2345328176827542,0.23538751182611287,0.23622560944643434,0.23703356872233614,0.2379466227693593,0.2389658742047964,0.23989797351491432,0.2408252995031943,0.24180258634130594,0.24274083443818592,0.24374005292883838,0.24481601989552204,0.24590748681239813,0.24707978629140168,0.24812016973276724,0.24909092088263016,0.2501534832884008,0.2511908076834542,0.25220168143701355,0.2532432521095684,0.25434657382038367,0.2554712549837248,0.25650708407122624,0.2575321545917837,0.25864317896716027,0.25967601349808006,0.26076524664469297,0.2620494645469041,0.263235058102659,0.2643518695954749,0.26545310228057695,0.2664688807340216,0.2675978573130406,0.2688193767649672,0.26994956819984495,0.27112507582447526,0.27226659857901725,0.2732731620765096,0.27432717400789136,0.27540577173612174,0.27651428098123687,0.277639982949384,0.27881126890392716,0.2798348656886658,0.2807757446588329,0.2819247827722286,0.2831032802530214,0.28414715596708756,0.2852900170332528,0.28638486327831697,0.2873012064490303,0.2882890690228575,0.28938506913078804,0.29047070020505045,0.2914734111673338,0.2924919349169503,0.29369557396148605,0.2946108628294484,0.29521104752483973,0.29615008907775003,0.29718242940427875,0.2981271135990169,0.29913378533189156,0.3002248468657991,0.3013848673015749,0.3022803366485287,0.30313417031977613,0.3040837731255334,0.30482510857266776,0.30565755295461633,0.3066973291763848,0.3076783990988907,0.3085235361248543,0.30942426046011146,0.3105067456597206,0.31143749462447634,0.3122176860326827,0.31303789483078026,0.3138345125857999,0.3146886679947951,0.3155441147272588,0.31640349811517293,0.31741466199046675,0.3182042248603842,0.31871183711364803,0.3195237815826376,0.32049283596833666,0.32126689609628467,0.32209846361070776,0.32292389364860985,0.32356521216470996,0.3242639151648145,0.3250794677857562,0.3258745796317416,0.3265993942075338,0.3273261559911825,0.32815296434376534,0.32889204677994704,0.32948154657578016,0.3301711364709621,0.3308886244206047,0.3316262731075492,0.3325308848573745,0.33320899758797146,0.3336319404405739,0.33430715132051797,0.33504156913849675,0.33569542001537844,0.33644596383130343,0.33724202275366966,0.3380175255337256,0.3386883291850129,0.33939073342377063,0.34011431871200004,0.34068267521539825,0.3413090343477307,0.342057620365739,0.34279423615535126,0.34347009715013244,0.34419138519245035,0.3451619912470609,0.3458061961267401,0.3459846337031832,0.3466207317693024,0.3474764700968791,0.34812019813613904,0.3489769879738831,0.34976232159451254,0.35024835297012086,0.3507988133199847,0.35143536159886807,0.35212469576158,0.35282549293808935,0.3534466107571935,0.354102397300579,0.3547999683451194,0.3554297715495358,0.3560295615010352,0.35677002098971583,0.3573754881825781,0.3577049499825879,0.35823109717422236,0.3589170836057152,0.3594670584362842,0.3599585865574404,0.36056981815549227,0.36124341805927634,0.36176598137038646,0.36217914020859576,0.36281208185576425,0.3636004080593105,0.36412251472615925,0.3646571982970654,0.36521545406901884,0.3654847719857243,0.3658302247933629,0.36633047680892356,0.366850404474787,0.36733202212092403,0.36780251639228134,0.3684772748303462,0.3689261083341718,0.36898636523330997,0.3693640944518633,0.36993176705619096,0.37035594815355205,0.37089475546933287,0.3713822752729967,0.3716866698165638,0.3720206171649969,0.3725237312376447,0.3728578778243932,0.3728710742734247,0.3731359275756747,0.37367008483109404,0.3738890694507138,0.3739482574964161,0.37419569519709955,0.3743074805293466,0.3744548876448739,0.37492777381848574,0.37516458582071516,0.375140743591397,0.3752045023747306,0.3751810641469258,0.37531041680435634,0.37563146606395936,0.37574055712564153,0.37581359411063975,0.3759255777285636,0.37591797279750044,0.3759066898066151,0.37585952484557034,0.3759648330324891,0.37625222116881635,0.37629633429684806,0.3763002357714412,0.3763165847745877,0.376101085650697,0.3760186889691337,0.3761321223592587,0.37613676665067725,0.37604201480303695,0.3759868588730122,0.37599870636610594,0.37590750401025547,0.3757428761872569,0.3755918111841324,0.375316184033606,0.37522612042796577,0.3753864038074774,0.37525299609010865,0.3749990448790698,0.3748123598317568,0.37452394102308545,0.374186416766938,0.37386541134317025,0.3735888806745176,0.3732053530866079,0.37291333462610593,0.37283092905202103,0.3724873905441361,0.37193355175551013,0.371600861456095,0.37130850142663757,0.3709501528700539,0.37069965624545603,0.3703166802549374,0.3697402654165879,0.36937459417560736,0.36910626999891677,0.36871851577702786,0.3683526491945616,0.3680267911403781,0.36762686511287,0.36726160971018795,0.36704993663348967,0.3666936949331991,0.3661396968866235,0.3658547360893912,0.36573108890882083,0.36529155166705696,0.364879018696535,0.3646887728229978,0.3638270269359675,0.36313936587469775,0.36286701817303524,0.36241559640304377,0.36201634609212385,0.3616627666232424,0.3610332717445494,0.3602355611246816,0.3597422495801572,0.3595470254019646,0.35918668046331786,0.3587934149154704,0.3583663745351765,0.3577306932917609,0.3572399708807234,0.3570446327791859,0.35663630694227705,0.35599875998919733,0.35556923412143904,0.35508632940079615,0.35464678746498535,0.35447886646257504,0.3540170456999707,0.3532039916944841,0.35261577700637553,0.3520393763737485,0.3515656068954452,0.35136888196570143,0.35082260918627584,0.35003493088547105,0.34945626082308856,0.34882462987781593,0.3481116096444148,0.34748369046549327,0.3469933959519543,0.34640209667843236,0.34583665636566396,0.3455626651144142,0.3449572478993326,0.3440158602892597,0.3434822069054107,0.3430994702109426,0.3424899002647197,0.341950357867742,0.3413881031787641,0.34063478189390806,0.340320436109765,0.3398169349332839,0.3391352707778615,0.3385235786653262,0.33791531107133055,0.3373709180585554,0.3371148398589054,0.3368062532486794,0.33635895160761325,0.3360831015371177,0.33594541339142436,0.33557550483599746,0.33491065307068074,0.334490358035368,0.3341935010971758,0.3339580831190442,0.3341061464336589,0.33392527762280255,0.33307362326274015,0.3326609236030362,0.332667160787725,0.33254288001796234,0.3326683868289768,0.3325567025344475,0.33212287404724466,0.3320747379932569,0.3321480626662029,0.3322532347159257,0.33263089039836186,0.33264505955573936,0.3325288565838358,0.3325115446741346,0.33218388065681426,0.3322501219294654,0.3327953580403928,0.33300393303700726,0.33277439567951517,0.3476960551934079,0.3490930592947148,0.34932478279189294,0.34889184170750787,0.3486710279569416,0.34786047330793907,0.3471163047763343,0.34738083071428794,0.3487856191964251,0.34910485851250167,0.3499133392156845,0.3499688579684682,0.34887971984220484,0.3484588647092878,0.34846356175465687,0.3481583728407232,0.34864248016511984,0.34849450777717045,0.34861819634002533,0.3489793782527576,0.34913293088613895,0.34925670670213005,0.3493358990202245,0.3490389671740634,0.3483028472123209,0.348234314236535,0.3486697599994537,0.34852350923941583,0.3484473005348657,0.3482368402759496,0.34734649515775123,0.3469400600062835,0.3467423282491905,0.3470578243843754,0.34713969037308234,0.34677697365496624,0.34613348081389766,0.34569561315729047,0.3454734405814039,0.34572557632450973,0.34516005921647386,0.3444228233692685,0.3435462162943835,0.3428144426281477,0.3417912518216056,0.34085657345273607,0.3401492244123475,0.3390228515106839,0.33738685740067825,0.3358625344744378,0.33450147551995224,0.3332459108103298,0.33126152547572335,0.32949815787679493,0.3278808423101235,0.32605066367160745,0.32463528825593707,0.32282185895652,0.3205631502651854,0.3179995760344753,0.3153136415794217,0.312090606296362,0.3088698077347339,0.3058533860327547,0.3026935114654576,0.2992827611451463,0.2961123806946423,0.29222293749899125,0.2880884937003655,0.28425045061011667,0.27991086824055156,0.274924947884427,0.27036267880733955,0.26603457914622236,0.26082352129758724,0.2558977103621124,0.2512159706539172,0.246326123462776,0.24154379338810797,0.23668839378562495,0.2318611843096902,0.22691781937483543,0.22173812716213231,0.21678068172380954,0.21200882798880563,0.20688684797994664,0.2024688052185022,0.19856393907453704,0.1942360934815599,0.19010769313573608,0.1866369496084594,0.18293583712343187,0.17918684764672718,0.17557548036273837,0.17233812921214686,0.16859395793748266,0.1656350443146204,0.16354992334942597,0.1610470795982211,0.1589143487742898,0.1566288689217302,0.1543450978746441,0.15172916498361066,0.1500601641385362,0.1488753749824849,0.14761230302629585,0.14678190615502953,0.14613299273369534,0.14519922171017763,0.1440959174694359,0.1429876386920658,0.14216064336502188,0.14162695050724455,0.14158604184899035,0.14107473325916262,0.1406835417402555,0.14002389411991098,0.13920945591296513,0.13900012024622,0.13880195914544452,0.13851780819369502,0.1385164589364607,0.13855693578670789,0.13837267553304844,0.1381106223012275,0.13793926567795387,0.1374876192656178,0.137527370371037,0.13788742071196972,0.13848745977370092,0.13910818041271775,0.13925472644437373,0.13890304834743733,0.13911131194268586,0.13935540404588598,0.1397375528545131,0.1398384749086989,0.14002605039053526,0.1401609401839766,0.1401746569173977,0.14010927953258157,0.1400182278054689,0.14027736931081686,0.14069286603028788,0.14085096234909888,0.14135876710705692,0.14210470937929512,0.14253628390225295,0.14269874279918976,0.14318992452117313,0.1437614500626007,0.14417591117161216,0.14460487999882354,0.14519693862577376,0.14574435618920364,0.14615136807839021,0.14616235451280168,0.14665249134436928,0.14737761928103077,0.1481421158524989,0.14891610297361096,0.1505332779085247,0.15130166213419433,0.15144068562686058,0.15179409175929262,0.15240601937920073,0.15229686949203125,0.15256142495344796,0.15346631740492722,0.15414332767456254,0.1549352363189542,0.15555382924376582,0.15605632840549388,0.1567154037486749,0.15725335591076067,0.1578554510490448,0.15871645307404483,0.1595475739533264,0.15980911452583768,0.1605856236546426,0.161327715235948,0.16136540147310974,0.1621201031718054,0.16344534580258122,0.1643008414893786,0.16533670981069584,0.16595790435708582,0.16563645974533248,0.16614654536266082,0.16689034456298424,0.16795533724206024,0.16897605942461236,0.16996877459305115,0.17077765354586308,0.1713775994376398,0.1720193022222577,0.17273467619502683,0.17363787073595313,0.17466444554055494,0.17540305468756423,0.1763716545802592,0.17703189398496158,0.17711761285389838,0.17713529286967394,0.178089005500549,0.1793524610214568,0.1799433811523289,0.18060896847321625,0.18139815618751431,0.18198581897156407,0.18239661798913653,0.18269405319043794,0.18354966853442495,0.1846288047412211,0.18530019489614674,0.18642748954776658,0.18726683738621955,0.18731388585247924,0.18749784679837223,0.18834282071674682,0.18929012932453815,0.1901895298051654,0.19144396470174233,0.19199859693218232,0.19194070400043559,0.19250320239124236,0.1933341245374974,0.19363166111814653,0.19373598791093638,0.19429293065079659,0.194891165252183,0.19488626220165417,0.19557125931356506,0.19636092751090645,0.19691401478123594,0.1970620868307927,0.19730644005158085,0.1977083993626638,0.19810229378243338,0.19818930676237526,0.19850607741991283,0.19896253643286263,0.19945833230244434,0.20005664400795842,0.2006607389324479,0.2014655249794045,0.2023511338217555,0.20254216939235448,0.2024156610142046,0.2027894295951724,0.20298323372110275,0.2036439750227406,0.20530751037470601,0.2057668428186679,0.20521668759995232,0.20574023632972743,0.20686267808052497,0.20709388067605583,0.20727903673758016,0.2077203674596286,0.20758797786921845,0.2071634125674157,0.20732005391630723,0.2083811109366291,0.20898121676667245,0.2092628132115111,0.20974216994988754,0.2105566019817915,0.2111714546117516,0.21160569587252231,0.21213601445732597,0.2129666119265781,0.21334347692004785,0.21334086349764458,0.21349531967188665,0.2133181392479993,0.21333498374024276,0.21384382948946992,0.21498397880009873,0.21529666049986215,0.2153968273951539,0.21593640677029455,0.21614543174615355,0.2166752697402053,0.21816530496876319,0.21884885328984272,0.21902375024627707,0.21927236858893595,0.2190701963507491,0.2192881670295685,0.21976823395212366,0.22013967346094784,0.22092616240536733,0.221306833623302,0.221425482883738,0.2210008745755701,0.22129470557505718,0.22152478488683253,0.22205053023343024,0.2234178581499076,0.22395213132499955,0.22415501560989634,0.22444204294310732,0.22406250767839422,0.22441386346571984,0.2255507132124228,0.2260241702785301,0.2262658958735052,0.22696647298240258,0.22717471097761946,0.22687147223758655,0.22730821687892103,0.22833754462782296,0.22882103899702835,0.22913442614354318,0.2299240145983795,0.2308831583712585,0.23148685415617012,0.2321854510807031,0.23299065705186525,0.23390805856760033,0.234174874029834,0.23377139567901417,0.2343167683620622,0.2350452737348843,0.2353785045668908,0.23619979485878048,0.23730778678177675,0.2378573874634494,0.23740166374175026,0.2375928481263626,0.23819307422574706,0.23862621548522234,0.23881783899084758,0.23911899627929376,0.2396502224121493,0.2401451480366533,0.24061959012396755,0.2409458379954117,0.24123478834031006,0.24158902056942638,0.24202218212455873,0.2421014286675821,0.2417767483685545,0.24183074476114177,0.2427092978646072,0.24296257302263916,0.24366013885521123,0.24573000830390065,0.24591913966438736,0.24430183544246803,0.24486337538207514,0.24628061821491296,0.24655842327444782,0.24730209025509095,0.24791100417548326,0.24746713620234265,0.24735487953350327,0.24784100511467008,0.24832723777715526,0.2486214084552091,0.24861723448804302,0.24858039429313436,0.24889399652347993,0.24907674978314479,0.24911996594360164,0.2492075783929409,0.24976228895792685,0.2500983036508427,0.24990416303518248,0.2503584708778415,0.25189856736762434,0.2518714628452785,0.25089368659179834,0.2506990506929282,0.24971583095751898,0.24965698913520057,0.25100370239694775,0.2514451400399946,0.25167625190767207,0.2518316521810108,0.2511944917764113,0.2513833557872311,0.2527001404943945,0.2529192151014601,0.253067788226552,0.252599316159533,0.2530238489532289,0.25295300222473804,0.25328168194182354,0.25486743885851937,0.2553849180285236,0.2548955951436528,0.25499082401152834,0.2555887118781813,0.25552571905061966,0.254960153377013,0.25473705825674536,0.2539025256427027,0.2541056342922244,0.2556834953135051,0.25600347783362154,0.255838426003674,0.25619872334084864,0.25624010633169864,0.2561581252338839,0.256724135425803,0.2570560040198263,0.2567677847494101,0.2565383624300943,0.25673922585611114,0.25634689583004777,0.2563548019413084,0.2562091968191505,0.2563852406687058,0.2571331389099626,0.2570887902513859,0.25642650793198324,0.25654168834803137,0.25710536757497043,0.2569262062951473,0.2566469207704117,0.2565567668514222,0.25582840262173906,0.25541904509392094,0.2555697499655176,0.2557332871429204,0.2562306840231401,0.25580079322706334,0.254652569522135,0.25430538678426434,0.2536629251755054,0.25304181352747795,0.2531544370083281,0.25350539370137376,0.2522966091369091,0.2510159133237418,0.25060153224459397,0.24967100406969409,0.24898818034450995,0.24869957468432718,0.24837757594802695,0.2478225815682326,0.24752576238141366,0.2478885841691695,0.24713901395185708,0.24588516220393836,0.244874050426793,0.24267665342130343,0.24221834797079186,0.2435964863402046,0.24304388667239574,0.24230454330349926,0.24172880312448972,0.2394978147334475,0.23840784504190024,0.23894634321961716,0.23840906978168408,0.23715693060002987,0.23656999053270344,0.2361095226960199,0.23555179478528337,0.23582899579507374,0.23495029630239736,0.23351822793691554,0.2325692451646688,0.2326103528929683,0.2327344461401063,0.23249248989582885,0.23276058657029636,0.23124345833669843,0.22878836900666447,0.2281069475100952,0.22802574816457968,0.22756671290782315,0.2280449118862317,0.22823099327046462,0.22837306033746496,0.227585088444667,0.22663558945710624,0.22564123803034122,0.22277053313170136,0.22211514396715878,0.22338398524190634,0.22335754899951066,0.2238868709927826,0.22380885334164444,0.22261143906412367,0.22193292170632614,0.221219179956574,0.22061189874694173,0.22037756987628987,0.21992237299272255,0.21888498613153162,0.21883958990964486,0.22040378391399315,0.21987870715773408,0.21827079397924792,0.21772003780662905,0.21650246399725837,0.21438661873369474,0.21573077198732932,0.2163893160071014,0.2153148160066946,0.2160583383690265,0.21563109774139844,0.21293986115073643,0.21314592815570255,0.21378286130175886,0.21232595714645502,0.21256105904504366,0.21159430871742183,0.20944533992358028,0.20969522048957442,0.21057481964865304,0.20999075033367567,0.208328703192031,0.20813431399609814,0.2080626742896449,0.20791185850257105,0.2093797702617908,0.20946576049445398,0.20783563487815743,0.20696267290915524,0.20602733988252578,0.20569680279816616,0.20593813577622655,0.20571030649004482,0.20578940310389432,0.20593181351126985,0.20570689247964308,0.20517305136387884,0.20486795504769367,0.20440871333471736,0.20302666406288009,0.2028598847195466,0.20393838189175026,0.2034838968234108,0.20260262317289085,0.20220215418724036,0.2008210922216778,0.20048223096934556,0.20168503526712103,0.20156916779788198,0.20034612367929858,0.20042698225801642,0.20141617097266906,0.20125973011080686,0.20105777237251657,0.20106069193151277,0.20047935165041023,0.19956828055489412,0.19838013798131574,0.19853439344601143,0.19722498532987418,0.19503065707521228,0.19412473670571123,0.1937744464167302,0.19410943072444375,0.19502192749179417,0.19794399596655196,0.1998240314087745,0.1983110027295884,0.19746314490004221,0.19650784054252382,0.19451737230044833,0.1941085488730561,0.19539978037637445,0.1970495818689995,0.19625773511932432,0.1929763889390447,0.19130134173457852,0.18994636821833516,0.1872220622460867,0.18714692008890188,0.1882708808515894,0.18790156442369557,0.18775580456407673,0.18749881294814444,0.1864914941182331,0.18467385207621487,0.18251465643930628,0.1824762135364479,0.185448583731035,0.18650177237741505,0.1856223243634102,0.18718498135811926,0.18742409393654727,0.18497057357985983,0.18652186147519295,0.18785719955762334,0.18368544290057698,0.18465342741379204,0.1871643057335569,0.18604637321232678,0.18708747392735803,0.18573846719670667,0.18550018412741145,0.18641315721738408,0.1822971175687785,0.17966532325951498,0.1802243211973991,0.18138624602867562,0.18392093542693932,0.18399935087272845,0.17965681366052555,0.1741632238509781,0.17256578684014307,0.17675541997180472,0.17948138811384284,0.1791364357635231,0.17882381653939422,0.17512936870569115,0.17111445407625334,0.17224271002653765,0.17336792791398592,0.17319029332895347,0.1756636667859068,0.1786221661490104,0.17759049380424544,0.17347648450241496,0.17190267329316228,0.17019273216586867,0.16799495666881778,0.16988372901942095,0.1692428484158271,0.16614365807322354,0.16697689590462628,0.1677239300619921,0.1664342763173275,0.16360226703008163,0.16013807037269243,0.16046781792707415,0.161268871122336,0.15978223448242876,0.15911370875147685,0.15671697455586067,0.155487494017904,0.15787535689367155,0.15712027873369677,0.15698968424535892,0.15833478122362002,0.15609178144524963,0.15715627086894887,0.158178779294626,0.1523202061010375,0.1518597793700702,0.15602516858150803,0.15338328473135568,0.1534746753553834,0.15869647758699681,0.15918917298135188,0.15662970398177078,0.1541512503150659,0.14866155911166143,0.14620344563533666,0.1500946931099557,0.15018506651040112,0.15330021798229196,0.1558605159524695,0.1463785647849315,0.14567432792417911,0.1512885054581446,0.14715444219139548,0.14582732784758717,0.14584646046561411,0.14144398543378875,0.13948949638011254,0.144409034242787,0.14609499008673155,0.1403973849078024,0.14201071785523656,0.1509250731874458,0.15362703661285915,0.15562904224862037,0.15906175899653988,0.16211906943253093,0.15761756754427145,0.15197114382932836,0.14478919918411237,0.13216116278368212,0.12727589372838702,0.1250048336442338,0.12332630530855829,0.1307009007912931,0.13339224471692399,0.1323178760208732,0.14038333693882046,0.13984724554551625,0.14534618991794088,0.15824610126114852,0.14035488631477908,0.12339755508617219,0.12814561233561514,0.1363055875707475,0.14638669963780646,0.14369867822850962,0.1302249910822765,0.12262616370323674,0.12468069124710414
33_6_PETVI_1_T_2_00000,0.10251500125790064,-0.020486444996552427,0.04264104262831252,0.12811610342050073,0.15751482550974177,0.14501516501375997,0.11775691155220606,0.09490098704155796,0.10037427722375608,0.08876966533334295,0.08105080160875557,0.10358203412360426,0.1531942928413632,0.17442759647382358,0.15583464567261157,0.14066526188333847,0.1396281651602698,0.14288700074924388,0.1262128927157409,0.11216846447732363,0.10908988928791806,0.11770608275037259,0.12680981806536518,0.12917043758903488,0.12187156774744425,0.1007133262900512,0.09763712997991734,0.11750020410840763,0.14290978174102156,0.13998306714516265,0.12214431438443066,0.11745980544634581,0.12869869880044799,0.13003316572144769,0.11012731160083933,0.11588842026242642,0.12174431963024457,0.12001904614395587,0.12416240573288863,0.12633706522254382,0.12468814971064264,0.12005857270305208,0.1211197613636866,0.12398823407018522,0.12318463094550947,0.11444258557274489,0.10643043503223228,0.1045962830985924,0.11122352365878742,0.11618408378859425,0.11856952327896304,0.12255735988155758,0.11224721216200886,0.1015820818500529,0.10667474728097143,0.11903008962240817,0.12691820864631068,0.12536187598164766,0.12307845363100386,0.1180222104095804,0.11335458124485867,0.11766488878681329,0.11987872809321608,0.11861001609927628,0.11611878844633627,0.11772575173850143,0.11891172687379727,0.11647694211441291,0.11669210454144044,0.11829091165991203,0.11965036071861987,0.11840851835366524,0.1185841580522039,0.11984509249463104,0.11955769880596634,0.12161362350618396,0.12429574576551909,0.12519937932332956,0.1262167242104862,0.1265827801816664,0.12622556115672523,0.1270846704975602,0.129686293898819,0.13248973000978126,0.1314913431447076,0.1296409401411787,0.12905117750968295,0.1312948897014315,0.13240653695642798,0.13415106138808303,0.1375018641803956,0.13547637423582579,0.13484184374210625,0.13790852941352805,0.13860944831146962,0.13711637076556893,0.13526566162217152,0.1366065802673027,0.13850032432067727,0.13899220341135296,0.13695953545464837,0.13633579294086734,0.13787533936593024,0.14051365772430446,0.13871691555167667,0.1381228463750769,0.14025385135111634,0.14140082751873653,0.14166855940511922,0.14152271600688224,0.1417707760927657,0.14063526828024195,0.13909982359183945,0.13870809749922247,0.14076273934751987,0.14121578345149852,0.13898155182413946,0.14043773678418583,0.14216714159502633,0.14253104110252315,0.14099280058529873,0.14143952433485582,0.14276003571035265,0.1421261574706436,0.14137092299969076,0.14063854540038223,0.1401088413337738,0.14139177652092974,0.14168928844233414,0.1402058060844013,0.13960490710202916,0.13995547646001036,0.14102470277695647,0.14219968432929106,0.14169603374355966,0.14078361714203316,0.1413378393819693,0.14194861667861297,0.14219113283437876,0.14193903727932253,0.14144887186451977,0.1414223824959134,0.1417387324737825,0.14091008054713416,0.14179373993008254,0.1432559756904537,0.14225888886298774,0.14369473653068435,0.1456046562910918,0.14534187203652885,0.14575648512722478,0.14630500377391772,0.14663490420934888,0.14744790070011463,0.14902259041238236,0.15104161730628074,0.15247239614099203,0.15460757157983027,0.15687206606381054,0.15808069651064913,0.15973594140738206,0.16200387182021292,0.16467025037654134,0.16705055861616888,0.16965663633807374,0.17275546728836919,0.1760914558896063,0.17942397766360066,0.18246151440263728,0.18478143017999335,0.18884523551399646,0.19302653009646709,0.19481461613858914,0.1986134741889561,0.2030228366973093,0.20639329878457086,0.20941852617717868,0.2120464146256261,0.2145431618775446,0.2180559701467862,0.22025942105988167,0.22168962025993538,0.22479523619412986,0.2269570073404427,0.22824988310624275,0.2295131027277613,0.2312904443742843,0.23288309129991488,0.23380664961182282,0.23464220424191512,0.23529842898701422,0.2358107200217508,0.23641371378650758,0.23695980165248431,0.2375652098980294,0.2384671462480022,0.23917121235202748,0.2397278613755786,0.24030580827734482,0.2409601514019233,0.24119393871223646,0.24089271089171305,0.24102172914410833,0.24125756783132044,0.24122513002437931,0.24034150974983542,0.2397501906754361,0.23926937238655704,0.23814533292571335,0.23704267200392481,0.23596737057158385,0.23475383206253125,0.23301292552640704,0.23148811481287454,0.23037532638194982,0.2284599776315315,0.22664223247959198,0.22502941147515412,0.22301911248254594,0.22091008760766256,0.21891758970697933,0.21716022266390814,0.21461650216977698,0.21185098348789186,0.20955451400330166,0.20767493335572276,0.20598972199511678,0.20437417137766717,0.20290283867252532,0.20136256444839556,0.19978146508924693,0.1983643910838229,0.19716626552273064,0.1959328382617257,0.19439732687878006,0.1933785093870131,0.19250114521755746,0.19143958322720467,0.19069104779463297,0.18959749600395426,0.1881438258896903,0.18735629163375028,0.1868249356477332,0.18632519956712326,0.1856658222130662,0.18519301826616405,0.18475411185884327,0.1841399415077105,0.18364268080767762,0.18327326110433237,0.18293719672357076,0.18231664934047945,0.18167183950947838,0.18096303234456498,0.17972605266904165,0.17859278790322528,0.17763005947004865,0.17663089278591412,0.1756110557664995,0.17480638795800116,0.17440216286307464,0.17407079862380537,0.17377400646411556,0.17334629023107354,0.1721525082072739,0.1711930067577934,0.17050276250587468,0.16921257451858043,0.16795205756045234,0.16664734672581127,0.16509811367563662,0.16446831356209857,0.16394584218229183,0.1629211451554345,0.16266240459202538,0.16245474797092277,0.16201337713280756,0.16183952747584868,0.161657151658979,0.16143553847615366,0.16127566847356387,0.16090676973615528,0.16061477557203035,0.16071970173112513,0.16054703832446063,0.1602057503135191,0.15979090522572045,0.15908656769928725,0.1583019814419189,0.15758173969573433,0.15706124375425135,0.1561722151158746,0.1549089453845527,0.1535474449701804,0.1525920896772024,0.1515242166834213,0.14994615717181337,0.1489741549135392,0.1479558995071424,0.14672414883658635,0.14632904489386173,0.14578959764034924,0.14487451083393782,0.14387558684180163,0.14295108573538587,0.1421132623760948,0.14130381489575367,0.14046624722184384,0.13968084860192734,0.1389223847472003,0.13775019164924032,0.13668690487911248,0.13578180870594464,0.13438376112198056,0.13323960154622927,0.13247551339461436,0.13191482547686004,0.1311363981660585,0.1304242691268406,0.13009964779112698,0.12981693882735415,0.12950576524897384,0.1291815025620203,0.12901156140021686,0.1288128524742289,0.1287249406474279,0.12917415827183248,0.12932910914330387,0.12933329307030708,0.1295847999193636,0.129611038742439,0.12996728543747005,0.13094611948948817,0.13167415020688378,0.1324912392711453,0.1336181677817712,0.13510843663415611,0.13726303940163095,0.14001711316979598,0.1431346631625557,0.1470426721228007,0.15153140166917936,0.15643421976392466,0.16236902894919097,0.16902095050220015,0.1761684710350326,0.1838236400073027,0.19211900253600023,0.2008712383549361,0.20964194549097606,0.2192109917487492,0.22907106654203188,0.2385487212399322,0.2485628239362824,0.2587016944597445,0.2686585362335668,0.2786686490639595,0.28890254686847244,0.29920664515600387,0.30901844798304856,0.31902658562415037,0.32919825520507995,0.3391886610258643,0.3488436699751517,0.35850931585030843,0.36837608130987765,0.3779689815379874,0.38740753900332814,0.3967389929209236,0.40596256749423054,0.41481095838161147,0.42344653157652823,0.4322426330839556,0.4405647372470244,0.4484874401158626,0.4561868335882094,0.4635349886606656,0.47058661621902304,0.47735768917637267,0.48373630301910037,0.4899333805693288,0.4958359263000931,0.5011269702290142,0.5061980472221443,0.510883563349458,0.5150069286739032,0.5190966794830535,0.5232092104753087,0.5271956966298724,0.5305935431128526,0.5336260897007414,0.5363959815830815,0.5389554320315666,0.5413177796192531,0.543610131877012,0.545937238110875,0.5481332464137878,0.5497879765741948,0.5508613204025674,0.5521414575433266,0.5537445267268498,0.5553681163253418,0.5562849857528818,0.5570061978817791,0.5578140322510955,0.5588606984938457,0.5597982923233936,0.5604605192523485,0.5608801632434147,0.5615432271538815,0.5621530345697715,0.5625494461629182,0.5626689141132503,0.562719008009724,0.5629250266268832,0.5633907615114335,0.5632379254049741,0.5633179129078653,0.5640115202551923,0.5639603257633957,0.5642791767814485,0.5649288802088787,0.5648197604348343,0.5645318520916209,0.5643455661938014,0.5644299791756145,0.5646077488950004,0.564858121688091,0.5651579511525908,0.5654838967081188,0.5654631912251599,0.5652654476179746,0.5655549043482878,0.5655220400075467,0.5654040996547569,0.5656345856557994,0.5657422213208229,0.5659131668675096,0.5661004636892242,0.565462522706465,0.565240484067133,0.5655622539846068,0.5657250023737708,0.5656552427063718,0.5654910235104802,0.5654551597414895,0.5657326227090747,0.5660410327636639,0.5661178337489995,0.5656983987136481,0.5655720479354911,0.5657812899276363,0.5659030129138796,0.5659362717067636,0.565988792138678,0.5661540985326797,0.5663422570436274,0.5662097789105001,0.5658213401967869,0.5659649227068687,0.5657316456771891,0.5653998448814808,0.5657314598268903,0.5660215030606645,0.5661334915190444,0.5660741473296482,0.5659481440155912,0.5660401752371628,0.5662570695808766,0.56603678772603,0.5661437311756046,0.5663774423813294,0.5662562860363823,0.5660033723730277,0.5657476572088095,0.5656370429044199,0.5659494546680723,0.5661367335254343,0.5661392917485888,0.5662520882413415,0.5657871366334265,0.5653355716185675,0.5655198659434548,0.5654249183452329,0.5655484524000136,0.5659149809036232,0.5655842102151604,0.5656288046114932,0.5659863882225242,0.5660819570670858,0.5658446076974137,0.5654574933772845,0.5651687885732553,0.5652754429103195,0.5654963311997498,0.5656519493073138,0.565652360480398,0.5656555813075904,0.5657281793722433,0.5658479775871776,0.5656474255596098,0.5654635281074064,0.5655259407220091,0.5658469579988605,0.5659781582231156,0.565903309884676,0.5658418287299408,0.5659064442368908,0.5658878759362639,0.5657330855066842,0.566105035418192,0.5661542623959518,0.5658337993979112,0.5658463976157496,0.5658190957352314,0.5659397427664086,0.5663361097253343,0.5660999009498551,0.5658084849868478,0.565846007474925,0.5662370235268109,0.566157743922472,0.5657876901769429,0.5657311888878059,0.5659337478544662,0.5659880248282048,0.5657052150827012,0.5654758015321915,0.5657737108965946,0.566244700111157,0.5659780887831611,0.5659651436795391,0.5659447533286995,0.5656753458973386,0.5659687992758862,0.5661387731088967,0.5660436342909304,0.566148750305875,0.5660005900029933,0.5657975528361096,0.565814384534708,0.5656289661636226,0.5656315920018703,0.5659416681934647,0.56622525031253,0.5661611101638608,0.5656618621865447,0.5648983140981791,0.5648830083763333,0.5653008271588673,0.5656478481622944,0.5652603541296057,0.5650603005741657,0.5652911778481864,0.5657496788698658,0.5652692462248625,0.5647671919169426,0.56493067999183,0.5649853784434831,0.5650231131538671,0.5650083396626725,0.5648562006949323,0.5648683697648937,0.564790884057541,0.5644953043755226,0.5646774588691618,0.5644559414551437,0.5639068968722464,0.5639273376260554,0.5642355020633638,0.5642820505229008,0.5638188363573927,0.5641064636016827,0.5636081245124793,0.562627294298773,0.5633250008823373,0.5633639472485495,0.563278484452583,0.5637640750027147,0.5629130362625439,0.5622140636619342,0.5622589595083265,0.5625514923595173,0.562310881890048,0.5617944924150649,0.5614572154192893,0.5610353965998138,0.5608620457458383,0.5610097648084971,0.5612360943514242,0.5605603684595719,0.559670063992011,0.5594422350193244,0.5591663040048189,0.5590008900070382,0.5589522620993995,0.5588242658843454,0.5580309604635382,0.5576252298027932,0.558321636435686,0.5573389571124769,0.5561551449858234,0.5555036438220846,0.5551883346696046,0.5548863367986956,0.55440578694349,0.5537915208415367,0.5538290522996987,0.553601572281506,0.5530386511903238,0.5528651512948155,0.5520740822665263,0.551175648238328,0.5508598335633412,0.5513795546316089,0.5511751677132125,0.5505201427373114,0.5510151357597964,0.5507421772992531,0.5498848072106511,0.5490916257216792,0.5491650028965411,0.5496659737793137,0.5499931294363587,0.5495934450529512,0.549988366417442,0.550196403932913,0.5496201508474564,0.5492144325141944,0.5490849522169456,0.5493352582156426,0.5497843528654898,0.5486754992639062,0.5476891032306578,0.5477335585242926,0.5479933062503336,0.5489241418204398,0.549473194680252,0.5488629970862738,0.5501914547111187,0.5510697774141564,0.5509152771212715,0.5512977387208765,0.5509355699523619,0.5507735871855892,0.5515633636586038,0.5518048635166374,0.5516470481241952,0.5515996221914397,0.5522669066979697,0.5519210070500791,0.5434126151715233,0.5438247190353335,0.5443277468650235,0.5447515289478024,0.5450783718964073,0.5452811106668687,0.5460881120414348,0.5466656526381655,0.5468689210588924,0.5472218906729944,0.546833277015029,0.5465106402722112,0.5463989306779197,0.5461642700069875,0.5467736320078411,0.5477488879636069,0.5480947998712908,0.5483604221248951,0.5482991198472442,0.5479420700561806,0.5479017915945028,0.5483327860114129,0.5492522595960899,0.5502072696467509,0.5502103019571537,0.5496093249221543,0.5495864658366263,0.5498209883727105,0.5500652688392159,0.5503572758041613,0.5510215746608066,0.5511930032830566,0.5510800818183069,0.5510576327820345,0.5510905789351429,0.5516270654731101,0.5511814590154327,0.5501336043940509,0.5498622956705991,0.5495428020845194,0.5496847350319564,0.5508391355840209,0.5513205163587864,0.5514312053612183,0.5514587357255093,0.5513620435696776,0.5509115852966325,0.5511933247623597,0.5514550658152484,0.5516552638226552,0.5528185241930826,0.5533707502625027,0.5531743861332242,0.5527216401623338,0.5518206184699476,0.5514585918489654,0.5512787678214549,0.5519655260111709,0.5530853549292694,0.5529341535259108,0.5530636041648999,0.5533455653826184,0.5531355825576324,0.5521586938751235,0.5529296150539148,0.553490625218339,0.5532763523730531,0.5538829007603064,0.5532088078077151,0.552192422302347,0.5525369667724823,0.5524595838903497,0.5526306856991902,0.5533227823151781,0.5530331154552907,0.5529504196056492,0.5528870820009235,0.5532532344033078,0.5530855224584005,0.553226011285709,0.5532087280303365,0.5526861404380052,0.5529388091451621,0.5532031045803947,0.5533349611612298,0.553901284718123,0.5534270646135174,0.5526573701831612,0.552837091040126,0.5528537670404826,0.5527859269226791,0.5532866427325543,0.5530781941166545,0.5521506012582212,0.5515461013018258,0.5514908584294509,0.5516079285500174,0.5524746368981004,0.55294309199156,0.5522890203275358,0.5514746468799212,0.5506404520843512,0.5500730731885017,0.5502576465955951,0.5509558811004786,0.551325007482929,0.5518922182750278,0.5516774650168796,0.550896700621666,0.5506753231962174,0.5500674538251829,0.5495953696197388,0.5502188457010874,0.5499699005901059,0.5491654903666748,0.549551126399646,0.5497595649138509,0.5491217393360754,0.548992323746342,0.5488619331468532,0.5484928157364519,0.5479338708866138,0.5477281484976224,0.547511608542963,0.5469992034015984,0.5465124275459132,0.546055234078717,0.5450207533916898,0.5443679244756253,0.543994460845445,0.5433120938077186,0.5429402572551383,0.5427971259465324,0.5417306958342566,0.5406142460747213,0.5396560741212065,0.537839130955417,0.5365507036486226,0.5359467385711564,0.5347827101398415,0.5331915609485278,0.5318771786491372,0.5307202440023656,0.5289502947026349,0.5274332517407152,0.5267844375498377,0.5258102187515192,0.5244011249568464,0.523001975871624,0.5218744851315439,0.5208893631495322,0.5199328025399954,0.5192452375404678,0.5181901234012394,0.5172673806011442,0.5162563872447684,0.515604890025035,0.5151968656208892,0.5145509315993738,0.513884022613371,0.5133621040790922,0.512714593967837,0.5122360293635417,0.5122805734147915,0.5122032665269549,0.5114249907221204,0.5109367684136229,0.5109876290157876,0.5105449989523958,0.5101558521187706,0.5103615627374175,0.5103478093450334,0.5100681109456983,0.5098279002399487,0.5097366982779155,0.5096505822696833,0.5093345351812439,0.5091163621435069,0.5091521153246641,0.5091766765232156,0.5085790248364374,0.5082689107979926,0.5081403820890623,0.5080480453204166,0.5081451053942256,0.5078000138240213,0.5072940663761887,0.5071226581700118,0.5070082494393987,0.507073171298379,0.5069745066103363,0.5068553876409467,0.5068011762471232,0.5066597985197261,0.5066530560396124,0.5070344513910305,0.506971045928472,0.5064501440671276,0.5063081940470207,0.506590575956294,0.5066724778424119,0.5068777565153504,0.5070115843681194,0.506661013409605,0.5065746950691182,0.5069009164120069,0.5070945652381214,0.5072370636931441,0.507345165659985,0.5075145605309359,0.5076353854784084,0.5078682034670421,0.5082454467880276,0.5084665432576363,0.5086565147934782,0.5088150791473555,0.5088402369351556,0.509027626597198,0.509315715162726,0.5095223881171084,0.509755530141935,0.5099776903536722,0.5102304246842587,0.5104628182284968,0.5106711918824622,0.5110831739785382,0.511357877654541,0.5115711810551224,0.5117289563351454,0.5117648278650929,0.5120098032173553,0.5124358041899565,0.5125781337584255,0.5126246997250379,0.5128173829913928,0.5128483752032736,0.5129612723675759,0.5133543991945604,0.5135324276844937,0.5137262146262296,0.5141664972068017,0.5142685368541224,0.5143779930257757,0.5144069167897091,0.5141598925839728,0.5142939563010128,0.5148812347670557,0.5149580518601623,0.5147512304998889,0.5148941313722075,0.5150793074259159,0.5151415208041101,0.5154428243054018,0.5155546330909662,0.5151327539736891,0.5151769158175593,0.5157414206113626,0.5159187448903179,0.5160526106229181,0.5161345188112556,0.5159336109897787,0.5157504240015038,0.5159934535043859,0.5162542475206866,0.5160311539445886,0.5157328905277941,0.5156795506814196,0.5154747845169947,0.5153145962904598,0.5154029210166738,0.5154995764950017,0.5154812813210627,0.5154095702257055,0.5156452603822335,0.5156052249880977,0.5150403894829311,0.5148187942863661,0.5148812859519036,0.5147652167531087,0.5146293136681609,0.514491782619723,0.5143634546207789,0.5140219100819532,0.5137528529821267,0.5137359917663459,0.5134868481514822,0.5131505767693977,0.5129947484891052,0.51292319500457,0.5125401392606821,0.5121179596213786,0.5118173989839105,0.5112104678485926,0.5109011815477301,0.5110651629070081,0.5108070432352134,0.5103902846401481,0.5099436659172539,0.5092274696940335,0.5087731110742099,0.5085924995971399,0.5080164092396215,0.5071342821985663,0.5066605579112639,0.5064265425246377,0.5057234243348496,0.5048685702200081,0.504312838763255,0.5037956842101269,0.5028944698617478,0.5020332623825585,0.5015731990771336,0.5008765305657498,0.4997258011502687,0.4987221994494685,0.4980186597464563,0.4971270972367472,0.49580841474013587,0.4948744901290292,0.4945195701074186,0.4934599686797451,0.4919102402411028,0.49078378010234597,0.48960226752548547,0.48837326790022856,0.4874287232077258,0.48633815624002213,0.4850364934442497,0.4837276722400945,0.48240142489451276,0.4811529156191709,0.4799128984766133,0.4786369212986006,0.47704666623055425,0.475703675306056,0.4744159977796678,0.4730215089579554,0.4716280645151986,0.47051668671243196,0.46912657149119336,0.467359771737603,0.4659933027042175,0.4648701728084771,0.4635481650385448,0.4621529078224299,0.4609353904265162,0.459766432749656,0.45854073095781994,0.4574980421398518,0.4563026648569744,0.4548099037477105,0.4535700851917321,0.4525796041981824,0.45134823019298653,0.4500086357991728,0.44879415623766583,0.44758481929493366,0.44625461082814905,0.4448958686335873,0.44368485050109824,0.4423335596161087,0.4408422855680418,0.4392966881984526,0.437739747127113,0.4362567107615877,0.4348107270626054,0.43299451793745564,0.4311424795203587,0.42924261196134417,0.4270793234265819,0.4248231958631674,0.4227038697651559,0.4202800825106845,0.417544306895227,0.4146742814362424,0.4117913892974592,0.408589581334226,0.4050871448476263,0.4013733897133155,0.3974725630220254,0.3933374890468719,0.3889308602655695,0.3843452832729343,0.3795666871508403,0.3746188972496158,0.36938241380138764,0.36412875340748235,0.35874876779931764,0.3533053100679793,0.34773330221748805,0.3422508026638908,0.33649129419472373,0.33048101320920903,0.32472252367658005,0.31883196078003345,0.3131532693990731,0.30759788413419586,0.3022124146170127,0.29690162203693254,0.29171561240412286,0.2866609614355961,0.2818409219971014,0.2770904281445528,0.2725948536458274,0.2683742811006857,0.2643093892539053,0.2603147563587369,0.2566732466520986,0.25340025689244416,0.2501708253622034,0.24708756571070373,0.24424752593156965,0.24158437125120144,0.23905163661107426,0.23672714490475782,0.2345866117070252,0.23265926100628823,0.23073559524835724,0.22886458041316163,0.2272529370292004,0.22586065261149652,0.22440722800757182,0.22300550094198127,0.22186063848250442,0.22079733388150544,0.21971428839049897,0.21874393333339723,0.21806543328234523,0.2172283570268601,0.21620421262221592,0.21551302979579662,0.21505466972606505,0.2144763823017518,0.21394568545932988,0.2134919206389872,0.2130362936008511,0.212627649143506,0.21227915444149384,0.21205896132541935,0.21195639134596939,0.2117338242480383,0.21152149062258513,0.2114413168997407,0.21132117898966427,0.21124409108408787,0.21139398346817445,0.21142984836064696,0.21135225372694127,0.21130381683995114,0.21121434345793125,0.2112608297643254,0.21138232104010762,0.21146393939826988,0.21163838199199514,0.2118040019338844,0.21183733239479263,0.21200993238430438,0.21236299963613345,0.21263985428404547,0.21287202707121777,0.2131987350003877,0.2135735263459019,0.21391249073902946,0.21433528123055817,0.21485025818086198,0.21538318839524698,0.21590803795866645,0.21654099565698925,0.21730031671421932,0.2179813938777814,0.218614504522761,0.21944741474818225,0.22038419032647694,0.22124598272115048,0.22219761573744065,0.22316049039402405,0.22405255480499625,0.22500782674939726,0.22605572810308608,0.22713430756103528,0.22822563322652095,0.22928753612963454,0.23038786450519994,0.23154015150834906,0.23271189285961208,0.2337993662127758,0.23484034305308107,0.23605553710729923,0.23733153020546152,0.23849127763717454,0.23975291169118632,0.24099066117228995,0.242076409756426,0.24318850306615541,0.24437461132061566,0.24558128945936647,0.24666803055778116,0.2478763339219376,0.24933284376383663,0.2505991849754743,0.25166865708923897,0.2529416606592178,0.2543889801003926,0.25561274525944216,0.25677255638778207,0.25802625878665103,0.2591166856035845,0.2602766573825224,0.2616767219480454,0.2629631448835902,0.2641144864958828,0.2653052090864187,0.26651046399910083,0.2677082549111406,0.26890328301085914,0.27008984075029546,0.27129901899419484,0.2725296704313565,0.2737031090271844,0.2748412153192939,0.2760753202075089,0.2773453691514104,0.2785064624903803,0.27967126239210377,0.2808823364916985,0.2820497638227233,0.2831519009567162,0.28430466433488616,0.2854313938080351,0.2864041588669561,0.2875005882518308,0.28875350175745423,0.28985382570756196,0.29084808254141903,0.2919267459728296,0.29301176320640576,0.2940978770030111,0.2952339474086,0.29630395721013697,0.2973775651504235,0.29834896493716784,0.299187171943581,0.30016421957666156,0.30115144585048953,0.30212102364432614,0.30319842667186925,0.3041665981435126,0.304990667656001,0.30593379645589003,0.30690777082188164,0.3079007823034408,0.30903188441779544,0.30996215812228,0.3106323836941643,0.3116726642257415,0.31301697472191137,0.3139105427589026,0.3147146454472193,0.31565430084462576,0.31626924609943685,0.3170633598618964,0.31825964845591637,0.3192185864360733,0.31996289630179076,0.3207459636023092,0.3215356480553153,0.3223511202590779,0.3231446515637378,0.3239004231079724,0.32461243647783816,0.32544706519160876,0.326387598385314,0.32715648563041966,0.3279175357617538,0.32869898288697097,0.3293389532621838,0.33000831902047256,0.3307258944731516,0.33150354713337277,0.3322923209590939,0.33302670235379517,0.33385560510573653,0.3346191776233912,0.3351845519793309,0.33590144193768656,0.3367580711204597,0.33753786101130956,0.33838418443067925,0.3391272800996954,0.3397013816317868,0.34039650208506267,0.341100179042625,0.34183855882517883,0.3427421440591391,0.3434951367310097,0.3440591737115125,0.34479964839391347,0.34566755523161863,0.3463937028237849,0.34711627947805485,0.3478746748243405,0.34848049327898656,0.34918261571068576,0.35012540174853474,0.35089265870711706,0.35151041835004687,0.3521967657076245,0.3528827732163496,0.35350793675472586,0.35409013759010705,0.3547468782097708,0.35540300252650614,0.3560261970939758,0.3566985418313776,0.3573679760041984,0.357911917989981,0.3585908343680095,0.35958208435254413,0.36025298975770326,0.36066628899834324,0.36124958518214645,0.3617202956746962,0.36222974043093087,0.363011577055161,0.3635978326511728,0.36393534644189335,0.36442171371036647,0.3649298746720042,0.3654335694017496,0.36598788428226975,0.36654657810206126,0.3670357684171353,0.36765949573725193,0.36865405585125016,0.36919198846831,0.36930546829931554,0.36978193703591444,0.3703228376449367,0.3706305808101351,0.37103773313100724,0.37148560227725946,0.37160213030492406,0.3718635370205752,0.37251677691771967,0.3729170403737519,0.37303931843530175,0.3733164211771695,0.3736371014044488,0.3739265301147456,0.37437381702814193,0.37458452905334616,0.37442672040160596,0.37462526962171255,0.37508321169710573,0.3752199507661081,0.37527618920421574,0.3755409626803076,0.3757155311484652,0.3757817772247761,0.3760843233315243,0.3762660243576037,0.37608074743515885,0.3760934152270112,0.3763430096864091,0.3764401069255168,0.37644363043580886,0.3764920813280901,0.3765802472953821,0.37655450450225914,0.3764306418226807,0.37637220782180797,0.376253584452921,0.37620229609418665,0.3762322566466093,0.3762543482901238,0.37635943974496266,0.3762929464441626,0.37620936265765104,0.37600802204242073,0.37545084193407813,0.3752828984119449,0.3753583730779259,0.3752496308742178,0.37534020501501975,0.37516456547041915,0.3746302520800642,0.3743274857636497,0.37410169429651335,0.37377624864626097,0.37339886568293756,0.37314278814995755,0.37296378833605126,0.3726194781838251,0.37228113727303275,0.3719466653827226,0.37151867076696854,0.3710242268395777,0.37045462995441475,0.3701372648233939,0.3698994130548243,0.3693912481162947,0.3689337271094726,0.3686017909008471,0.3680476792250903,0.3676346661330763,0.3676234827079142,0.3671683906908075,0.3662943661713811,0.3658601172163425,0.3655594416373724,0.365187057985454,0.36494406336719065,0.3645513613866916,0.3640638522100815,0.3636364806037153,0.3632658623825561,0.36261208585924587,0.36198446389843075,0.36183583880786246,0.3614972142262844,0.3610735754902685,0.36077324466694577,0.35995878776407836,0.3592248116389844,0.3589051695505095,0.35850037342040464,0.35799059641954095,0.3576756301390414,0.35739104048212167,0.35663851958496545,0.35601981827396256,0.35562095670047456,0.3549037726383503,0.35440079018613113,0.3539725181269043,0.3531966400149599,0.35256162914236444,0.3522969464867255,0.3520654401929867,0.3515421847639008,0.3506699852723832,0.3501109746057281,0.3497371715551295,0.3491949174407025,0.34871065252676053,0.3481198975439104,0.3472288695608789,0.34652944250219986,0.34601199359436363,0.3454628085071576,0.3449217386287172,0.34431866897869795,0.3437539666665867,0.3431139704749857,0.342357570110707,0.3416615283268931,0.3409144995140708,0.3402209769149035,0.3396721535342072,0.3390111555471511,0.3381433671585923,0.3376404059642275,0.33737097345035183,0.3366990966405182,0.33617047731284433,0.33560755864549674,0.3350580761730638,0.33444966973484197,0.3338336253491679,0.33338790316819933,0.33267423074621844,0.33199930389663185,0.3318953267057726,0.33171313082685494,0.3311278953442058,0.33080282764521785,0.33069880823242076,0.3302775251105256,0.3299445752199192,0.32988592212439233,0.3294415952971967,0.3288714760456432,0.3287129476473439,0.32840210929191027,0.3280919744451669,0.3283141958533886,0.3282348273322635,0.3280289765121247,0.32804002998465226,0.32808877848797,0.32797314196375876,0.3279923023714555,0.32801465651146455,0.32769838157875897,0.32771947641388355,0.32813183015876884,0.3281683605616191,0.32806032293443604,0.3283059999566557,0.3284853742447605,0.3410365513950368,0.34109620881029795,0.34130912881574527,0.3414019813312427,0.34103406091255406,0.34173876897312405,0.3417866819609428,0.34156587861299187,0.3404024881617966,0.3406138197014855,0.34145180294405947,0.34189723392694865,0.34308342382483337,0.3437288474818198,0.34350816731032946,0.34255392116799477,0.34181010807038564,0.3417422506554126,0.3417094402304422,0.34216956958485556,0.3422278318391327,0.3424683653063905,0.3421533168320869,0.3419427384001091,0.3418295169690664,0.34166597899896134,0.3417497762149907,0.34166430570409423,0.3414557704475823,0.3412180897257462,0.34097773731859715,0.3406336527112509,0.34006299680939933,0.33963058746107355,0.33956829701453,0.3392308959613291,0.3388265078385226,0.3387925866852004,0.3384154860275462,0.33785419842821135,0.33730681911936944,0.3369520082694574,0.3357162163306058,0.3346410691965998,0.3340261266358372,0.33277914990719315,0.3313446039059228,0.330532590730108,0.32912661686739664,0.32766524383635176,0.3261280545803042,0.32519425160813054,0.32332306116622955,0.3209119108726823,0.3188246768828242,0.31655948657723965,0.3138002987741555,0.31088546524739163,0.308257015602864,0.30584433850453113,0.3028806838023057,0.2998916296332378,0.2964376855192878,0.2926708493596172,0.2891152763754231,0.2856038343387748,0.2819909224378978,0.2784885242949433,0.27417083555597827,0.269085478560561,0.2640430810206694,0.25911218158601346,0.2537774746702726,0.2484199665201002,0.2432650796639192,0.23767895307022527,0.23215203869727072,0.22669647995950312,0.2206287364858671,0.21451476516710588,0.2092399753977291,0.20412595356768992,0.19903101224555483,0.1939926938784503,0.18926214680570427,0.18419150169631815,0.17886677225378145,0.1738362750410115,0.1690914528176337,0.16478345566433758,0.1607789170610295,0.15648265921505586,0.1525777483556361,0.14911744044642594,0.14592523743292976,0.142094711990512,0.13909812264782442,0.13659227796437973,0.1334006789096006,0.13105124202588966,0.1293505238258265,0.12748912900115503,0.12599177361849245,0.12420070964525722,0.12218551795608511,0.12055245191417258,0.11921970653564225,0.11797603158907316,0.11712721838041545,0.11604173743718622,0.114949349793974,0.11414038039018977,0.11350445277625112,0.11341614054384337,0.11316535222161789,0.1128115088534205,0.11279577818424938,0.11264901328362469,0.11176395896088069,0.11148619112092577,0.11146244186431943,0.11069286071787678,0.11048546258591818,0.11044049172092743,0.11013484642715189,0.109813279934319,0.10985724030763211,0.10995340856759035,0.10967878443914172,0.10990396068214911,0.11048746639948215,0.1106833873296604,0.1107308967313576,0.11078108664061273,0.1109579658644593,0.11142176865684505,0.1116826962112274,0.11160601890856746,0.11185137801809739,0.11215500095039839,0.11248090793891423,0.11286839777581778,0.11356704064777123,0.11368318172190993,0.11325346557919568,0.11312528501628498,0.11350654776971662,0.11389452331350086,0.11448886207582586,0.11509108066294574,0.11596380561972527,0.11656198747280863,0.11692227008687646,0.11777236081305563,0.11820822288851152,0.11823266897374494,0.11889201376029797,0.11998340190510647,0.1205449953613334,0.12095808032811468,0.12166519062999741,0.12218141448287964,0.12267590325473056,0.12326113066165996,0.12461419091079438,0.12496826644339229,0.12478041948529278,0.12508485576050316,0.12586215349809252,0.12636908530796948,0.12707587794168526,0.12758399208454418,0.12764263418612928,0.12810318241736776,0.12892794138935404,0.12950229082210252,0.12984315378875363,0.1307489055071134,0.1319035308261394,0.132693716167196,0.13333512521073068,0.13428198274153375,0.13526861137041676,0.1361340326955619,0.13678078097871027,0.13746873018209335,0.1383424361409495,0.13901506517656645,0.13958566169117076,0.14054676100315736,0.14128703674734133,0.14133402214891436,0.14196411905989587,0.14297438404669496,0.14410443612903942,0.14508664050726286,0.14622112289730907,0.14689514494766412,0.14716110694016865,0.14776732587807725,0.14814357551755722,0.14885765937220194,0.14990775273435047,0.15107847497704846,0.15206465623181215,0.15255422525920959,0.15309439260085003,0.15418066495867727,0.1548960621065789,0.15567304607443005,0.15637840384200416,0.15663489640977632,0.1572820430549776,0.15849513314874708,0.1592998724672967,0.1597334786131497,0.1605713675905678,0.16180453198924583,0.1623167623258903,0.16276130973114628,0.16374216307054362,0.16432700689917823,0.16439553014812247,0.16474478741833792,0.1650014790229166,0.1657963959910756,0.1671038914059352,0.16774538238097483,0.1684836648137294,0.169234202158438,0.16942412509421348,0.16976763519948773,0.17066396208374987,0.1712470489778961,0.17190481797514245,0.17247713753395724,0.17300052657783738,0.17342611330795626,0.1741140579155875,0.17493208501935423,0.17546766300724956,0.17598220688802463,0.1766684807235783,0.177522815755045,0.17790874643869958,0.17808688388089733,0.1783709484123528,0.17891656948571155,0.1788846153083014,0.17923877906171737,0.1801821671328752,0.18082153996334327,0.18116562655420293,0.181658122393419,0.18251380966365008,0.1829065463751575,0.18261431618354237,0.1830609615093242,0.18406476391076615,0.1844751759608238,0.18477924510107308,0.18553924037206854,0.18568740901137948,0.18479844663970985,0.1852145222946691,0.18616875863269114,0.18688959331043567,0.18833174997568505,0.189026894558022,0.18934590896900189,0.18960312978847607,0.1891445495604587,0.1893487037244891,0.19007900700742544,0.19039787872285405,0.19060011217155068,0.19119346220586297,0.1916065562576333,0.1914166505004289,0.19222343906491063,0.19419024242303204,0.19462900752019477,0.19435737452490584,0.19488338728018112,0.1952125485575833,0.1953282350436526,0.19576212858235167,0.1964573243664255,0.19701420999972283,0.19718390053193996,0.19745799354970253,0.1980784317094425,0.19888338643850553,0.19863406592603666,0.1986718380932616,0.19909479956369605,0.1996119117538203,0.19962995331523523,0.20004599989573468,0.20122409608039302,0.20193722310756942,0.20235315705872206,0.20281225720679621,0.2035461027109777,0.20391081667463945,0.20348471672046328,0.20367530749276455,0.20357298120934517,0.20449024605090518,0.20614480468661497,0.2074674754147669,0.20811274143052133,0.2083549703227046,0.20900048022935724,0.20903759825969878,0.20957801669700024,0.2110301615385677,0.21177548227774912,0.2120861305053807,0.21249573984883507,0.2124452582168755,0.2129899293580128,0.21437060511414516,0.21488476334988788,0.21481072646338967,0.21538649019892864,0.21613687128763318,0.21642009886619684,0.21624216040068703,0.21609996706787915,0.21649644002565044,0.21605365098258494,0.2166330640761006,0.21913487677603258,0.21977487138622803,0.2192462564369183,0.21945060193529461,0.2193294315802566,0.21960885238629932,0.22046517430746213,0.22107456839294312,0.2217962123607766,0.22222997669329708,0.22289157616165045,0.22257000754523648,0.22261005280586266,0.2236537636150401,0.2240706823265209,0.22481140351988713,0.225303825826769,0.22531167430385524,0.22565038199735765,0.22627128036574393,0.22668100223915053,0.2271601648111923,0.2273655037664071,0.2270444938455905,0.22745560058355366,0.22834371204980436,0.22861972223155838,0.22863814528994608,0.2293307541082656,0.23061641748748013,0.23085970778111276,0.2309442257699215,0.23099071612699462,0.23152739657310592,0.23150385403427404,0.23135330889072447,0.23202741786323175,0.23228608103707393,0.2312494291870852,0.23123109545836054,0.23250245293667382,0.23268858084107613,0.2318729223293746,0.2320668100061197,0.2331786937449791,0.233109048347681,0.23222086370597053,0.23247224863629387,0.23281875667760746,0.2327378921383022,0.23351204701596934,0.23410003669250662,0.233850633509233,0.23360803572765437,0.23367230801112,0.23423605853789853,0.23454791147806306,0.23477083746308852,0.23470615015042667,0.23424927215700356,0.23516405241195126,0.23685710017614064,0.23732381586898627,0.23843260487249124,0.23889595582359202,0.23775088886617232,0.23729859434153372,0.23730423057613936,0.23736861530720724,0.2370267015579275,0.2371225442644614,0.23837113974533905,0.23869248656479905,0.23826169270873024,0.23821485060254607,0.23804508533195542,0.23762055657711337,0.23780808326815356,0.238967317000134,0.2396884206250196,0.24079514026273202,0.24122504205837386,0.24160316858727282,0.24134174530483263,0.24045262564053962,0.23979968036961713,0.2383210476709767,0.23795794368868486,0.2384638652375737,0.23831787447896866,0.23852014719677675,0.23820800476856435,0.23687324248675737,0.23656678469278014,0.23702229659068308,0.23689800974674344,0.23713913390433264,0.23678452061971875,0.23523952213050717,0.23461405172354347,0.23456629241729082,0.23416915913511513,0.23387659729261326,0.23321262089041372,0.23291132894259997,0.2323216774704912,0.23168678736372683,0.23144293719102518,0.23081362454667367,0.22950334389713595,0.22870699771618463,0.2282787357123284,0.2275319977753919,0.2266371065300745,0.2259038190828471,0.225154549671722,0.22439219475064304,0.2239069811695518,0.22298908358629077,0.22131728619957847,0.22072420933908504,0.2207357476420476,0.22024283905486566,0.22045422187909589,0.2199036286455868,0.21811067156699215,0.21713710231866212,0.21703325234940002,0.2159687105875852,0.2143193570623678,0.21278456629586803,0.21226692054156027,0.21152143730579426,0.21119537553531387,0.21130086744596713,0.21007617502094295,0.20931518162199464,0.2104165397120959,0.21043861346191314,0.20969036101077348,0.208119987479355,0.2078183080075063,0.20738180845127752,0.20664566320644245,0.20668161448372763,0.2060517080699991,0.2040024443799742,0.20327472354461606,0.2039446199339293,0.20358875320425343,0.2027829799580527,0.2020218018488406,0.2006222823488893,0.20003819033058068,0.19984854666944726,0.1999156500643881,0.20122541236676503,0.2010757074613084,0.19999674712214466,0.19931616152154,0.1980724225117259,0.1972210474476797,0.19635978234362814,0.1961492133514999,0.19664573867306956,0.19651852605594375,0.1964750579892476,0.19720324869846959,0.19638068555008137,0.19445374433459553,0.19394717862082758,0.19396938948701647,0.1925523536874625,0.19153058869680603,0.18995076716626758,0.1874301982670263,0.18741665752411238,0.18806737194952539,0.1876458176722008,0.18787212521999697,0.18874485943304267,0.18829977184365537,0.18749608465831374,0.1864097078186083,0.18611457459462855,0.1846675372594076,0.1850959618948078,0.18808237778318784,0.18817817314188154,0.1878489698279582,0.1864803221020971,0.18220309509141636,0.18169633218493023,0.18251661452689835,0.1829217068283695,0.1861655910396403,0.1862730122584372,0.18312360490203722,0.18287041096829518,0.18458558811914044,0.18267040212381455,0.17880084115280093,0.1784099707153942,0.1772811891978788,0.17606527603562944,0.1779333344843499,0.1790339195615268,0.1790912724506706,0.1778011041238362,0.1760187517559704,0.1758833494573183,0.17437705913603127,0.17343092755952744,0.17584752778513807,0.17607950803449907,0.1732008195744564,0.1728028817107225,0.17415224752750716,0.17451095753657037,0.17537439133976165,0.1753118723910326,0.17457729312928727,0.17387185703853364,0.17363883038523212,0.1722490524167272,0.17085578714765415,0.170918391485182,0.16955288301977098,0.16901130406811757,0.16891852831668727,0.16710054757268328,0.16656067606368333,0.16692967750869483,0.1670240068248377,0.16838727894477454,0.16849491605023295,0.16588558329168135,0.16363259180717477,0.16246786201682065,0.16356786539701906,0.16506093449819376,0.16405008146812608,0.1629415419022961,0.16283019422477119,0.16382790304386108,0.16459694671860875,0.16256500906206814,0.15961576418661128,0.15808096700950275,0.15851716918147052,0.1603851237102971,0.16340288051705584,0.16480096511589248,0.16064275962654123,0.15875666468710412,0.15951141131637656,0.15628927315801056,0.15491473269130993,0.15586455755510603,0.1561875813896789,0.15610596088384351,0.15586880989525945,0.15637701425485087,0.15469791783607204,0.15297106465068294,0.15381211977612977,0.15444272053113023,0.1558705340849206,0.1571162438505399,0.1575718577242805,0.15642248077965054,0.1523187408675253,0.14943581344790738,0.14914779223505606,0.15219666619207356,0.1558080765499879,0.1551456756077554,0.15403510035182563,0.1535532683100166,0.15038541417545417,0.14819164816116184,0.14925025484566234,0.15004611586291067,0.14907066064845392,0.14950781829597853,0.15155123275012264,0.1480175982723077,0.14185740842005856,0.14085423387322252,0.14037585862632107,0.1389744711510887,0.1421100477067549,0.14367433177988775,0.14055557797710955,0.14003207457378697,0.13951140704213824,0.13854546626546047,0.13988245814752742,0.13891874362944942,0.1360880759714678,0.13627747886679853,0.13695996280987466,0.133633907784089,0.1340973672436703,0.13862688896894304,0.13580099388906747,0.13373544554309255,0.13505252727964326,0.12857944982503758,0.1270699592738268,0.13380072917196653,0.132499409609407,0.1320690459365064,0.13646782688096162,0.13146231592558405,0.12699781309523092,0.1302172310467049,0.1285845712079764,0.12382716004267719,0.12628503584733913,0.1273319522867852,0.1227039018274427,0.12438598612422856,0.12426567776425149,0.12068249795444075,0.12362841764250786,0.12333253087753543,0.1186469877946871,0.1184097006805414,0.12145671321586793,0.12294740586857446,0.11680477170156382,0.11451355666368382,0.10641717945822991,0.10438424286322927,0.11356116086004896,0.11611391554963343,0.11247996053704236,0.11421547839094717,0.12010503041786619,0.12193441894311804,0.1252284805554383,0.1251322957701913,0.11974022431447084,0.11765196169115191,0.11118093525372202,0.11640816458270009,0.12932470923914702,0.13070916740618058,0.12479925456968773,0.11736111277860876,0.11165945892724381,0.10755681974890947,0.11066904675964896,0.11351124414989233,0.10460728014462498,0.10904041859586505,0.12344117773834457,0.12443534770858643,0.11866481424827012,0.11750697284719629,0.11645126661532751,0.10872550348885246,0.10939188824631782,0.10882308681743799,0.10107537367396831,0.11493566608297563
33_7_ANDGE_1_T_1_00000,0.16137598061156605,0.0871785615599563,0.06374403437844217,0.09819451960369256,0.1512219268038615,0.16649552685119934,0.14191227126055014,0.10851436229864615,0.1256216556944618,0.13782591427552554,0.14215493287622838,0.14191734063943848,0.10877818805657477,0.08587623342479944,0.09284828833246206,0.1089392335813652,0.1334374305587108,0.15858697938430802,0.17332881635165617,0.1564674292411294,0.13056152734622634,0.11969789301583802,0.08330131392312871,0.06867157678084922,0.09427076428368088,0.09204513681040621,0.0838439190266556,0.09048483737383878,0.1401481318651226,0.12419038456626887,0.09247791709443313,0.12628189568308035,0.12428988525106857,0.10865558168735609,0.10297618541895805,0.10179832481902634,0.10394950202288787,0.10655067609171354,0.10359311142675537,0.11076128027777862,0.12236235617207433,0.12225828100397342,0.13083305951110935,0.13574696878520653,0.12775468823955138,0.1318755007359251,0.1275862498337175,0.11170656050448526,0.11026294342302652,0.1166133138775124,0.121652216867403,0.11328086307388041,0.11096999089380952,0.11557569968933037,0.12199805210062856,0.11949645633362385,0.11492906697407407,0.11396435408738102,0.11697115171063685,0.11958230918948885,0.12046543049458384,0.12115628056480375,0.11798782941533217,0.1162818651163774,0.12229708841067827,0.11734373455327801,0.11041115270443505,0.11058811310997992,0.11254078434304823,0.11513569558200835,0.11700190166762142,0.11505296625214749,0.11405286255371562,0.11635092550521753,0.12303096288153904,0.12396472071407326,0.11943391004635832,0.11367387671582611,0.11681831719002471,0.12126600557807099,0.12150889700490919,0.11973501570924519,0.12022371176471448,0.12364837669509775,0.12731316096370837,0.12954711326840826,0.13072993320647658,0.13206620519999404,0.12983044029067753,0.13101052635972052,0.1390309077112839,0.135776485321471,0.13201591672880625,0.133993692459537,0.1391739537540957,0.141616873470353,0.14137414353128103,0.14280112191711683,0.1437757254509172,0.14396517372887446,0.1435248390338218,0.14281808113934688,0.14351866280853248,0.1457844199648913,0.14464971817736244,0.14492376197858156,0.14740420935935306,0.14769114581066609,0.14613613405069584,0.144968330350483,0.14753842886881377,0.14969043860632095,0.1497550627318216,0.14769884140660164,0.14913919493484673,0.15019122330635049,0.14883929226026688,0.14853803716170874,0.14904330100283117,0.1492697698935246,0.14691963306420108,0.14604971823320248,0.1464938933306071,0.14662267042924532,0.14713254372332255,0.1485504735093832,0.15061394516061852,0.1500965895124036,0.1485350953765487,0.1473788570638068,0.14793568179832492,0.1480047478103064,0.1478096815339648,0.14918145661253804,0.1494116544109611,0.14840381373350867,0.1469413974581476,0.1460557027878235,0.1454809427631155,0.14531420289965086,0.14753019425169095,0.1502576815333471,0.15187261139335204,0.15058406145766579,0.1493818100826596,0.1493457410101444,0.15060494144554445,0.15119516318846216,0.1512131654077811,0.15143886450698443,0.15350265802288152,0.1552213271173703,0.15549058094089646,0.15628834939223477,0.15702026939572664,0.15818458761641094,0.16158693003766691,0.16509399640795247,0.16750470516215904,0.16824244609938432,0.1709932936451249,0.17431903331786547,0.17651172163259563,0.17886655709178031,0.18191896436205834,0.1857327316437385,0.1896881875279724,0.1937987601334372,0.19822914617401896,0.20340733186009502,0.20794172655501442,0.21157352242128113,0.21464375859208742,0.21914823256954968,0.22454866921333,0.22984080508070753,0.23369422798565737,0.23767361446393104,0.24216265437334453,0.24538902485579034,0.2485047970243188,0.25173892420971,0.25482350293697087,0.2587660679913354,0.26221563239583945,0.2635674009475766,0.2651823388832814,0.26683926599993535,0.2683268822217937,0.2706015420113814,0.272735407417156,0.2739542281106911,0.27314988722715156,0.27424926099280517,0.27672328203107865,0.2776158323862613,0.27813254412782523,0.278748313737139,0.2796504918388539,0.2799106529364887,0.2803376542611653,0.281260358341104,0.28133286229186066,0.28149911318782395,0.2819954512368074,0.2823417080064782,0.28199137382686723,0.2809454564019204,0.27953065719527675,0.27814480099755406,0.276925157025494,0.275838621278147,0.2745102767477709,0.2726423996673651,0.2703691267837788,0.2688607009239013,0.2671727089837258,0.264831748570958,0.26168391452209916,0.2586804945302634,0.25586584346639235,0.25295358831819065,0.2502443133624362,0.24733832516013007,0.24417573390089511,0.24260643914924715,0.24131129009495259,0.23938200480344626,0.23666397404339867,0.2343502414078614,0.23270399018356042,0.23130545879945977,0.2291420292643561,0.22720367630608673,0.22677536697077116,0.22494991242534285,0.2229175130042355,0.2218411444132994,0.22092785339971852,0.21970004565260148,0.21808732339160272,0.2166381398925149,0.21512928431963627,0.21375434701209953,0.21292349185866885,0.21155965153914058,0.210207571380369,0.2097172295832852,0.210004614076185,0.20999167373957825,0.20921905378527733,0.20908251072748368,0.20922385162288648,0.20936752292641495,0.209346001019384,0.20813242860039013,0.20649417055942995,0.20608294448020753,0.20569085468317366,0.20551239860281015,0.20581838124348553,0.2057608581908248,0.20561621897072058,0.20547791611861416,0.20486401228395423,0.20351681620844636,0.20146401002660455,0.19904775321982035,0.19591051412384178,0.1929283608795569,0.19121592204917295,0.18951184854260064,0.18802988365404388,0.18705607087527804,0.18629365485387234,0.18566751727037334,0.18516981968745141,0.18500025184269872,0.1843675781173891,0.1833184283367686,0.1824606637954277,0.18145000216557372,0.18107426177985803,0.18196125551228218,0.1811502244942771,0.18064261955432892,0.18142097113047234,0.18006851010355468,0.17892680362817598,0.17853062495105756,0.17739965192775853,0.17615907662515046,0.17480485077346872,0.17313984174768496,0.17141486203820047,0.16962600961784285,0.16776701982042164,0.16596327361282312,0.1646351525881201,0.16374010587616653,0.16228906651315364,0.16067588703379204,0.15931276130032226,0.15873850270915588,0.15775368761800382,0.15652684696753913,0.15552837991728186,0.15369013996342004,0.15196827077067424,0.1509581211743992,0.14936744324837417,0.14785830701262867,0.1465680156553131,0.14489975179986603,0.1433188625243318,0.1418827547080697,0.14050148543286328,0.13966490648971477,0.13894504613159514,0.13793857686946454,0.1374455360636738,0.13696936367333248,0.13630619686973497,0.136077652082053,0.13569386574648906,0.13518090095421031,0.13505262815814278,0.1354955805095687,0.1361050881396177,0.13633276750624004,0.1364301860397883,0.13683948724829886,0.13782190904078206,0.13904428759503085,0.14054128135044403,0.14232754446415624,0.14434194395123934,0.1470518642191008,0.15052576355701325,0.1546241649904029,0.1595280637570426,0.16512196758589223,0.1713013194245582,0.178314868641952,0.18596629597267283,0.19424698012622052,0.20365444608267433,0.2136540669704699,0.22389361891002507,0.23414393315902512,0.2449578272128531,0.2561692394131739,0.26740300607611317,0.27814182591816183,0.2890021111464547,0.30025835097841624,0.31093848575084715,0.32144541302794727,0.3318950736937717,0.3421468780828729,0.3522874556848751,0.3623672712214806,0.37237582352890763,0.38180104522994546,0.391287791321215,0.40120964860516944,0.4105975517035625,0.4198079954272972,0.42883679780330797,0.43721513568497555,0.44568838631270763,0.45435837195761963,0.46300770211514986,0.4704951920434761,0.47752766832924043,0.4849166893550323,0.49213894230362687,0.4986102153493432,0.5043214187906406,0.5102781218708669,0.5158856803547016,0.5211861647015286,0.5265295779376767,0.5311758018994931,0.5353166262051638,0.5392709970084506,0.5427100382763855,0.5459667510037063,0.5492633949310266,0.5526459579213578,0.5553848248090756,0.5575291493588894,0.5597238416018985,0.5618118633178915,0.5638376979507902,0.5658128674412068,0.5674046359874861,0.5684437389370166,0.5692535833003889,0.5714449684011651,0.573042951386797,0.5737127459427992,0.574440269053873,0.5752897231595452,0.5761062761618994,0.5766557762747506,0.5769747869866686,0.57740644714785,0.57802938048695,0.5781834743901682,0.5782375670334661,0.5783850915165356,0.578698412951604,0.5788324271040398,0.57893768141815,0.5792315023785769,0.5790489551808091,0.5790754567746283,0.5796033474068311,0.5795372173202085,0.5795610992077848,0.5796999084967293,0.5793902499203623,0.579091106663927,0.5791144461959483,0.5795673472624566,0.5793462272432675,0.5792636108278074,0.579674964808911,0.5792451258262574,0.578922856960857,0.5789415848007208,0.5789613450980925,0.5790406945068715,0.5790580804326476,0.5788681635670354,0.5784343957279664,0.5781761642115171,0.5782687081936524,0.5783092092500466,0.5780304919791087,0.5776988648568411,0.5780136783771331,0.5779394461424898,0.5775101973537772,0.577113439733972,0.5774395645600835,0.5773095492374953,0.576459435134918,0.57673426239649,0.5770105990371965,0.577013381000616,0.576911549993544,0.5768011503452894,0.5767733935310093,0.5768105454573242,0.5764599852985021,0.5759782608196922,0.5756800766694382,0.5760153109271884,0.5762871012747137,0.5761952360747289,0.5756778657762177,0.5754101182132505,0.5752596278038763,0.5750451012794151,0.5749318499351991,0.5748681866057362,0.5748746999822981,0.57508441223552,0.5746604112474238,0.5741286787047244,0.57432592534503,0.5741991620570802,0.5738871666269232,0.5737031303101283,0.5741289761120032,0.5745216649016047,0.5743938705357685,0.5733886252612224,0.5730303799397773,0.5731605711702871,0.5732013591296743,0.5728655934311642,0.5726740492851387,0.5727491585063923,0.5724675471065652,0.5723173317298597,0.5723589860691262,0.572464555903993,0.5725817963318129,0.5725431545288017,0.5723528212283847,0.5726274895434861,0.5725293917517782,0.5720771827915136,0.5721163706164214,0.5718276088209392,0.5715094425213284,0.5715712102149857,0.5711073215930224,0.5707822739094632,0.570923527568754,0.5711196110441296,0.5710626754281508,0.570810374275102,0.5706449724483184,0.570696024562718,0.5707852385817537,0.5707469228417021,0.570604734200364,0.5705819017145044,0.5707307121852634,0.5709376022463339,0.5705234856188993,0.5700428523500268,0.5701306866712589,0.56986643356024,0.569529423176467,0.5693978607329924,0.5696819772947422,0.5700354496908995,0.5702969847945605,0.5703876176632107,0.5703259341631738,0.570028495345801,0.5695803310524613,0.5695457715838561,0.5693110780605957,0.5690031326791081,0.5692069146083342,0.5690411438420524,0.5687573825754609,0.5687315003751994,0.5689425143094107,0.5689023293526714,0.568567731950829,0.568380811576237,0.5683872540408756,0.5683515519808126,0.5680637923865423,0.5679987233502453,0.5681223140890882,0.5682366719914901,0.5678903027755808,0.567907492363412,0.567941153837247,0.5673539720427921,0.5672317195128049,0.5670549892477176,0.5667388964884132,0.5676885511867094,0.5674843912261194,0.5664676033953046,0.5663660337781506,0.5667421464129695,0.5669476355461878,0.5666147622722034,0.5661354801597508,0.566321001165029,0.5668172231842522,0.56648692752733,0.5663168584563765,0.5662244313922385,0.5660685207387035,0.566251757824789,0.5659741930062243,0.5653304773355595,0.5651768991428024,0.5651016060281053,0.5648476300978905,0.5644479680361221,0.5650525602469189,0.5649006972139322,0.5641740707348588,0.5650137027115804,0.564705430631809,0.5642212309372363,0.5646961001439696,0.5636828877011039,0.5631374621896619,0.563173289499484,0.5617529596745293,0.5618482567811055,0.5625260970465691,0.5622052891713668,0.561513905737629,0.5614270659242299,0.5618905803669179,0.5616536204169899,0.5615911555353961,0.5613961602567321,0.5607296355178861,0.5605496407359605,0.5603814686574897,0.5600332899028259,0.5596888842179606,0.5588089796537202,0.5584871387997392,0.5595062921733469,0.5594332824515671,0.5588645419134888,0.5582168845258858,0.557625128841269,0.5577026390011397,0.5571106408123563,0.5550675947525272,0.5548695553153422,0.5553258940669188,0.5553096638188229,0.5539288471036283,0.5537569070715284,0.5542659852890982,0.5543068948488117,0.5530390203575077,0.5526589566834083,0.5533056523754163,0.5534687082461546,0.5530000602566627,0.5527655919525254,0.5530082609522149,0.5514706690362751,0.5507157071191964,0.5511062678007398,0.5516992746334384,0.5530831769416141,0.5531206577961328,0.5513661997531176,0.5518599781618758,0.552276574498758,0.5523605696420975,0.5525244926908877,0.5517878468716138,0.5517820820061147,0.5527641439648207,0.5524779563482206,0.5523429298382407,0.5524361733941026,0.5525018591616178,0.5527993073124788,0.5529820460774666,0.5526540892489648,0.5514792122023423,0.5519691387405187,0.5529233707440177,0.5528614861778,0.5525346785795502,0.5518580269319687,0.5509845799948158,0.5502387265744529,0.5499400945834287,0.5250391541660713,0.525041770410875,0.5251146293782711,0.5251432146200693,0.5257041349574522,0.5261204898602886,0.5265484073417802,0.5259826048855298,0.5258333843148213,0.5260603264410143,0.526200764087261,0.5265107944663475,0.526536763722369,0.5260169102630624,0.5250214986507397,0.524772691341982,0.5245086718017776,0.524170678908557,0.5249041956763949,0.525841044502171,0.5257004108527704,0.5268555126965035,0.5276006524853007,0.5270846545531707,0.5269739933670826,0.526780278998421,0.5266598041494355,0.5274947634706226,0.5283409303661427,0.5286544015529197,0.5285546343129441,0.5286203719024357,0.5285475636629702,0.5281880995523835,0.5278364887493366,0.5273463218840141,0.5269237282156575,0.5272822044919356,0.5282776240504754,0.5295703978306028,0.5300480444722889,0.5292316743062536,0.5285020914769503,0.5274736746086016,0.5266555816406497,0.5265759052347287,0.5275400766738858,0.5277128744596657,0.5282448254052371,0.5291517047339612,0.5288714561086223,0.529124039986341,0.5281232628336832,0.5267240506069721,0.526869962643157,0.527026487047306,0.5283322487669184,0.5292041907051901,0.5289853484733557,0.5292911543919187,0.5290298803135882,0.5280883769835647,0.5277458821617953,0.527593015792539,0.526434247620634,0.5263694837784217,0.5262993517046748,0.5265604178026608,0.5278236889798922,0.5276896636792904,0.5270672790973333,0.5263011418235044,0.5251596359303731,0.5254712601750485,0.5262759491690235,0.5265518801155431,0.5269339379366792,0.5273998518505618,0.5268187005764103,0.5262741087940869,0.5269440168104277,0.5267624081393264,0.526477970935412,0.5269260687753601,0.5264475783395753,0.5262536463734906,0.52653209740537,0.5260419445437504,0.5263064024144081,0.5270098856810849,0.5272127445726995,0.5275227059438091,0.5276958190753513,0.5275613525519461,0.5270647090482804,0.5270012092302371,0.5268736139392851,0.5271423359341874,0.5273520274157368,0.5271824249273608,0.527762540609429,0.5277065097879994,0.5268873699685048,0.527072514892224,0.5270778893198244,0.5270198520002715,0.5273559686248485,0.5275227699830259,0.5274523560617514,0.5273189250952374,0.5274573408328458,0.527281243749173,0.5272942346586066,0.5272216988581878,0.5269108328935558,0.5272164459081325,0.5273487798832156,0.5269047242221572,0.5270233872098149,0.5267057265934967,0.5264001816942626,0.526284174867704,0.526080129465193,0.5255650393850556,0.5253873113348796,0.5255829548693371,0.5248462520942452,0.5247396883952185,0.5249051130855494,0.5243489781790571,0.5240333806970574,0.5233664708977006,0.5223384237943409,0.5216255917721998,0.5211961553984599,0.5209308098915694,0.5200985874681989,0.5195905640004117,0.5194204381827771,0.518785123870707,0.5180070070557861,0.5172858431650046,0.5163877918943814,0.5150563957660963,0.5145578649699488,0.5143823564609447,0.5136060024805592,0.512853930793946,0.5123741232406065,0.5115159409647895,0.5108830372744706,0.5106984027053857,0.5099177086839327,0.5089337741065102,0.5083770951837825,0.5080403269399657,0.5076592751663769,0.507608663046831,0.5074688701282392,0.5072315680124744,0.5069982870269902,0.5070430006719905,0.506295417107046,0.505600975277031,0.5060843670341849,0.506448700935133,0.5066993344451509,0.5069519754844155,0.5066507711576523,0.5061034524700491,0.505961139357022,0.5058816340622411,0.5059435340930405,0.5059867729687338,0.5062795699301675,0.5062808970479052,0.5061456991671526,0.5061330004793247,0.5060109943709076,0.5059254820595861,0.5061146845058545,0.5060508955679756,0.505819156987503,0.505906489645078,0.5059449497900315,0.5056493276864249,0.5056159191700922,0.5054731300932158,0.5053931778926314,0.5054005957712141,0.5053989920062454,0.5052473333895982,0.5053101372798936,0.5055431777760786,0.5056453258605643,0.505928256657342,0.5060542288643068,0.5061312397487213,0.5058266109265627,0.5056032059241469,0.5056781682850653,0.5054212555854429,0.5051315941379299,0.5052910286529129,0.5055056710026076,0.5057753703165485,0.5062437362013966,0.5063652291958819,0.5060912693800615,0.5060139653650402,0.5058267148170558,0.5059339815282042,0.5063082521799508,0.506460592323039,0.5066602350683559,0.5068980395327115,0.507000588860973,0.5071228185252223,0.5074547663576333,0.5075627793503548,0.5074216725041373,0.5075483195373076,0.5078534068093166,0.5078363941303975,0.5076912436748867,0.507982458941788,0.5080280414566936,0.5078391068134405,0.5079218187668685,0.5081520103507335,0.5083066869012945,0.5085476568849656,0.5088577086138044,0.5094234527467846,0.5094804878898335,0.5090920183114942,0.5091247214677753,0.5091512676396152,0.5089360792421226,0.5093024710560755,0.5099994048803461,0.5099279293719268,0.5097303750735631,0.5098355047457699,0.5097868675805941,0.5097945098503364,0.5100513576748162,0.5101709818099814,0.5100850370434188,0.5100644431694951,0.5100974976672442,0.5101972064815679,0.510323828822632,0.5103728716383932,0.5103873796210784,0.5105588427395176,0.5108799100854404,0.5109401417911965,0.5109927203184403,0.5110384777051614,0.5107706957915346,0.5106033600613296,0.5107848608539327,0.5110284214902652,0.5109224396588266,0.5107980933971058,0.5107569160323341,0.510607763275129,0.5105232607819741,0.5105448682167129,0.5105740924945399,0.5105740093602842,0.5105676967625055,0.5106722155033899,0.5107142029252261,0.5107475248689701,0.5106020237467691,0.5103538461758381,0.5101854200437407,0.5098946158205492,0.5095722678407851,0.5091771848682747,0.5090398617475609,0.5089635618676492,0.5087683346399607,0.5084171677073812,0.5080965072878383,0.5081589344343326,0.5084248569151311,0.5081320743209479,0.5079968773986412,0.5076908944731969,0.506506497559046,0.5061516502627322,0.5066475971489197,0.5064432371365725,0.5059467422689665,0.5056404295649433,0.505083009154833,0.5047908999722472,0.5051620271874903,0.5048009643874325,0.5037307508911334,0.5032622777850905,0.5028484368505696,0.5022865848859286,0.5017971598085037,0.5018649645161939,0.5014916041056209,0.5006616690200559,0.5003726353962092,0.5006336614167783,0.5000917840584527,0.49912218984875023,0.4987516297668345,0.4983460120666983,0.497834804419385,0.49783160333309656,0.49737417814482104,0.4962865804932777,0.49558428303027446,0.4951410447108571,0.49447937138621517,0.49364314136398807,0.493026595789764,0.49255424283536897,0.4919026826294718,0.4913092411700455,0.4906561219051814,0.4897731263960195,0.4889981660866349,0.48844109434892014,0.48761554161289145,0.48682222363130384,0.4861524399208793,0.4852328533696078,0.4841743815529434,0.4832689570432421,0.4822777690000479,0.4813492246878162,0.48057701329858005,0.4797040371877214,0.47863105167444325,0.4778482663757769,0.4773757678590935,0.4765431140857671,0.475583157242093,0.47478170166151423,0.47390092695169544,0.4729659095873771,0.4720578584545004,0.4712941446046403,0.47064462044129957,0.46971945639812973,0.4686994512774236,0.46785739520226355,0.4669600996077562,0.46591954374898886,0.46497879638038736,0.46405788619356036,0.46311755320301135,0.46186180513729297,0.46098253536687656,0.460650688986602,0.4594285877256239,0.4577397998349792,0.45647764734540003,0.45514168808995553,0.4535316467181185,0.45212493727777014,0.45044743449087693,0.4483018103992746,0.44620915429453706,0.4443155206177335,0.44206233876511364,0.43949309595333796,0.43678551440361085,0.434145057912907,0.4309558377311326,0.42717622765957236,0.4235393558754987,0.41979223730736,0.41574503056485934,0.4117112960865513,0.40736303935429463,0.4025398049637202,0.39768165845527503,0.39271537236026177,0.3875961551224682,0.38218326903815925,0.3769444169129892,0.37133442123160904,0.3654041993592713,0.3597632532154572,0.35408456793555,0.3482862303486794,0.3423922643945024,0.33690816704816623,0.33141822956499334,0.3260160485581748,0.3209769320054271,0.31591029050237224,0.31051359663510353,0.30571887318863894,0.30139314984289245,0.2970822573358603,0.29294699820104864,0.2890022197254813,0.2850983430247977,0.2815966354651578,0.2785145384956118,0.27541197355929853,0.27239784653935756,0.26973331072099327,0.26728850202589205,0.2649281846357821,0.2628815005163959,0.26093408182067246,0.2590589065516155,0.25724942934248307,0.2554711815022625,0.2540143762517728,0.2528578387289322,0.2516053122582836,0.25044884931639483,0.24955857800002573,0.24861022823482035,0.24751547209676503,0.24667093652421956,0.24603340584542266,0.2454499042810848,0.24499126467461196,0.2444205945211105,0.243853114982972,0.24347323746743438,0.24311438286710824,0.24274920200469466,0.24249460000782727,0.24238122585874622,0.24228559846013864,0.2421777773831756,0.2422490620843269,0.24232962010713027,0.24234190215334145,0.2423577872767166,0.24246127874498427,0.2426286812812808,0.2428391359581641,0.24290420548384536,0.24291259102645832,0.24308877488599157,0.24315855681545748,0.24332852337080224,0.24376934114914736,0.2441553827125294,0.2445194758265999,0.24484087618640796,0.24505314783862076,0.24549262939899424,0.24603756094595972,0.24655215963808122,0.24724385923596626,0.2479213664494676,0.2486484072184152,0.249281220884675,0.25006750042280246,0.25098818423010105,0.25195157022734777,0.25294145126300005,0.2539795639128402,0.2551334519686345,0.2562875752653655,0.25746843763008453,0.2586028871616063,0.25969591392745534,0.2610030440643118,0.2623789469370823,0.26372279398490883,0.26523438323291637,0.26668941375268324,0.26801720282188574,0.26946246786157846,0.2710778554195066,0.2725735831936898,0.2739899909335849,0.27546659057697886,0.2769353172739447,0.2784487082612082,0.27997178609386975,0.28156466264108504,0.2833325508721575,0.2848764774025034,0.2862160729314726,0.28781859761730544,0.28950867496423527,0.2910681605895301,0.2927778194167505,0.2944024488695069,0.29579067367763967,0.2972661757349954,0.2988247129477069,0.30039131521172996,0.30184608709401667,0.3034538902823903,0.30543306469983617,0.30702960206599067,0.3082740848085038,0.30982467435715505,0.31138926607766865,0.31286161419366043,0.314575311085511,0.31619298427021153,0.31756017376857404,0.31896035487365443,0.32037803508175894,0.32182438518791995,0.32345723907722923,0.32521414144929184,0.32664134750101287,0.3280602283617085,0.329621394638991,0.3310078336792742,0.3323895964034784,0.3339990620845185,0.33549042037138127,0.33673407805631506,0.33804212790880683,0.33949387485938826,0.3409244282174874,0.3422359167750431,0.34349727486201037,0.34484169573485374,0.3461939318101653,0.3474259143014181,0.34860959663948654,0.3498691025612689,0.35114408079853954,0.3522747116079096,0.353436130676689,0.3546979751305533,0.356011858341241,0.35727867854593737,0.35850378692604545,0.35989204065588615,0.3611405838664931,0.3622458097770292,0.3632844005110952,0.3641719532756234,0.3653322233223095,0.3665576389667439,0.3676800341371033,0.36902902920045644,0.3701928204602233,0.371088844091446,0.372072451173542,0.3732263047239989,0.3741100640836282,0.37455946401063567,0.3755186900612839,0.37669321590165517,0.3777388850472756,0.379190987001362,0.3802219515156637,0.3807830017041727,0.38159071708469794,0.3823708685183245,0.3832228974922505,0.38421339011123046,0.3851073473837696,0.385979987562925,0.3868436902675053,0.3876094475153903,0.38849327646913034,0.3895419329164386,0.3903967953043098,0.39118365913874403,0.3920019568370285,0.3926912008281845,0.393427513756108,0.3942089948840264,0.39503488902268274,0.3958864409353377,0.39669850804531986,0.39760792333412015,0.3984096312719959,0.39896499080693415,0.3997716803071571,0.400824400829903,0.40163211425521494,0.4024129968353328,0.4032240769296622,0.40389853693584105,0.4045356322560375,0.4051446482541191,0.4059015332992641,0.4067248441449467,0.4074080384005348,0.40812574997539325,0.4088949814268333,0.40960230050461777,0.4102109184865311,0.4107279948103303,0.41148028126128916,0.4124585901981524,0.4130600383627351,0.41343871799613974,0.4141712143244529,0.41482724533450577,0.4154306321408166,0.41649236059467065,0.41732980118548074,0.41769460240865625,0.4182568816725327,0.41892714430012157,0.41967727913512864,0.42076513655960873,0.4214091198646221,0.4216488301588862,0.4222439875026962,0.42274357889072744,0.4232518955560141,0.4242952810319597,0.4249258190948361,0.42485466202571304,0.425312485748012,0.4260817015261723,0.42666018012409435,0.4274303529868145,0.42816091262072203,0.4288757575764457,0.4292933326933249,0.4293834836669788,0.4298218509215559,0.43028855864911075,0.43059363902150855,0.4310287329534451,0.4315738338383921,0.43203375272071154,0.43235719640634107,0.4327094167561053,0.4332533348108659,0.43383553401853514,0.43419119258946964,0.43453468346106294,0.43503365727336935,0.4354001263403484,0.43572481496608273,0.43642208277018313,0.4368335819243606,0.4367175292694023,0.4369292565570544,0.437318899293412,0.43758117390988094,0.437966972453374,0.4382304780641603,0.43827821901585584,0.4384865801065125,0.43885347428119,0.43898770966966333,0.4388491888810827,0.43907623757334036,0.43956471588710117,0.43971919089549943,0.43983995730549436,0.4400885890953528,0.4399964821317721,0.4402095579564546,0.4411182569436443,0.4414031501677653,0.4413525110493268,0.4413486709487671,0.4410441173502125,0.44083840314732925,0.44055367674152734,0.44051206583660535,0.44072021764031755,0.44067304479869074,0.44066130904124523,0.44067287781309455,0.4404745011016866,0.4403067969168405,0.44034436765756757,0.4402391272168051,0.4397739923551002,0.4396835227075546,0.43992972333938635,0.4399180406640085,0.44004549077298816,0.4398948714111306,0.4392104433279004,0.43904965924664713,0.4392366955399016,0.4390569967424151,0.4390339760964516,0.4387933306177859,0.43792503561924184,0.43759254807012643,0.4377552207928114,0.4374049329092981,0.4367468152294016,0.4366010961377939,0.4365475801891889,0.4363245203356861,0.43643977136665446,0.43636842779458984,0.4359115542801118,0.43556197929052476,0.4354848391861481,0.43510961642544976,0.4342084932534869,0.4340845191134048,0.4345938754348012,0.4341219466926841,0.4333730741550901,0.4330201902958155,0.4322825396732393,0.4321317977312578,0.4320045065542499,0.4316833228162261,0.4309149318924501,0.4304031891546885,0.43060496805212584,0.4303340189488982,0.42945073722063454,0.4291197861382901,0.4289886934615165,0.42832971354376753,0.4278604779699858,0.4277134001499632,0.42712285020736385,0.4268322302608692,0.4268240369215326,0.4261271089385924,0.42535776313906853,0.4251623524601379,0.4250145142527936,0.4243956233297221,0.4237641898695265,0.4233835076363309,0.42291149181105386,0.4229163788035293,0.4224906915053103,0.4212810393097804,0.42064198000492614,0.4204829561700708,0.41992980960510295,0.41941693802783403,0.4187803850824473,0.4177512458140322,0.4169329172465392,0.4161065365529713,0.4156320625045161,0.41545584678250025,0.4148131046629465,0.4143622649813823,0.4135456065525412,0.4120205556663116,0.4113064316135767,0.4109189023068114,0.4104080596692036,0.4102505250301785,0.40942999050654577,0.40815931857036564,0.4075648478525281,0.40686326295221126,0.40701670949685975,0.40680639491673104,0.4056426328120642,0.4048172465571992,0.40422720331049594,0.403588773186456,0.4034694210534815,0.4032709892231416,0.4024387941150337,0.40157415971373833,0.40126002089056984,0.40135660671795076,0.40120368720737054,0.4007364512526883,0.40034790963038225,0.39987793839961566,0.39967629670260374,0.3999154419653433,0.3995785899287817,0.39908376337347357,0.3991843382863444,0.39893140033719915,0.39844207904608525,0.39830046423038795,0.39804070981428963,0.39797820215136454,0.39887069650163204,0.3986909432468763,0.3973225158218692,0.3972101807463873,0.3973217780759164,0.3974267224129449,0.39852091238038334,0.39828864835651,0.3978960768608944,0.3639872453876712,0.3647589677245116,0.3646817179838244,0.363652439360278,0.3624715036664082,0.36227567644748226,0.3622421687560719,0.3623595695607847,0.3629814748975879,0.36340872677832653,0.36410419607331224,0.364451096136672,0.364886754470808,0.36483881546296393,0.3648863263192703,0.3639978098711214,0.3629545692917979,0.36307818002507336,0.36305725933867633,0.3631184539653877,0.3635065245830189,0.3647300099826847,0.364971471073352,0.3645783256682753,0.36431212107921984,0.36409704874570314,0.3633658675293734,0.36295888690268724,0.36337897998095686,0.363155125473649,0.3620348094233568,0.361792331819998,0.36222402180345764,0.36189559637974705,0.3620031034305178,0.36207642376676247,0.36058311434510065,0.3592342750233486,0.3585295922654049,0.35800327457948483,0.35706197096400094,0.35654058142852463,0.35592113319440377,0.3544042468896595,0.35323184726912255,0.35305028919624615,0.35255874286910927,0.35181236476553107,0.3507940465798286,0.34939798437715014,0.34768478165817823,0.3454704492489321,0.3424168712058075,0.34038926586220825,0.33835218517415494,0.33610885109255645,0.33523274703697775,0.33286446367872974,0.32915301090955507,0.3263450249830444,0.3231535543261255,0.31945846150136564,0.31553728350976956,0.31288445265560855,0.309639752972145,0.30488293475872774,0.30182896376392915,0.29817429694263736,0.2917511891841081,0.2871860029131176,0.28233039928443976,0.277034524508473,0.27020366660626816,0.2655154407104897,0.2598470606746193,0.2527321498352829,0.2472510197808665,0.24134948260743536,0.23492316223860107,0.22933049618065354,0.2232508756915729,0.21701144219091906,0.21057552349608957,0.2045258000838861,0.1980963257938768,0.1906509711720705,0.18356528248557186,0.17824533688967534,0.1730970606707388,0.16755013159291018,0.16268745268728801,0.1579723451326791,0.15325560649590259,0.14809167359902548,0.14419688380074674,0.14134331276573295,0.13792757438902242,0.13413075323795456,0.13133424066502924,0.1287579211097915,0.12596528499196843,0.12364618560471512,0.12212816348991859,0.12066870506467117,0.11947875261851124,0.11804631482019863,0.11684470218520797,0.11523739464108328,0.11352440752294274,0.11206452161801508,0.11022028208234096,0.10896250043162976,0.10854029452466094,0.10887301272765547,0.10889635538736431,0.10982775114407198,0.11009274852122389,0.1093156357527912,0.10859736056433666,0.10843317698188194,0.10836422775635544,0.10813693594667845,0.10805636444887272,0.10832246013284724,0.10916604875557062,0.10884934978063439,0.10829099082815473,0.10768315844951866,0.10733603209025694,0.10748763697632398,0.10852821124726277,0.1094522508692362,0.10894529332701319,0.10852572842866207,0.10863967959586208,0.10947108353942166,0.10940882095624697,0.10845995943002221,0.10867363463400637,0.10876789971334498,0.11014047296261954,0.11154017988682824,0.11242409997066376,0.11205528866492795,0.1120089255765879,0.11264177313039173,0.11231257239569784,0.11243002226207274,0.11256619554603668,0.11311455570432115,0.11394693623447687,0.11476547403291747,0.11638717204612761,0.11694644016691641,0.11685467018137405,0.11703599422169261,0.11774189460729705,0.11870804131471015,0.11956147259129321,0.12113829166165388,0.12187906652908403,0.12148273874800213,0.12200508469989474,0.12281505324952835,0.12355387935474396,0.12380167414601703,0.12466265808604071,0.12505036535587472,0.12544287043129793,0.12604396068758442,0.12717130534671503,0.12828732857421934,0.12923498074105103,0.13021847554043234,0.13214889271742025,0.1331279840900449,0.13323824985297453,0.13352093912229437,0.13480603511693923,0.13566032545621842,0.13638502651417025,0.13717041052418924,0.13803626214697876,0.13807001995262178,0.13900525171322597,0.14132392477227557,0.14243872309702543,0.14283391010356175,0.14361706663116858,0.14407058720870697,0.14451612921473292,0.1461706581136102,0.14821316448318403,0.14942324517415473,0.15021104727398102,0.15127414523166757,0.15202195505448296,0.15263224034845016,0.15312089200862622,0.15413818407083094,0.155095022289901,0.1559005632194911,0.15679265390179561,0.15853910362767315,0.1601227249786275,0.16035972109171398,0.1611186710480374,0.16347737794134437,0.16479786508326968,0.16593303384769473,0.16664293445258146,0.1667302421809424,0.16735835507634164,0.16772830054641372,0.16857458225848365,0.17040979587010502,0.17137787371085278,0.17166922031957232,0.17240703583538478,0.1732284896396719,0.17435373942905086,0.17514752579213433,0.17584623600926524,0.17705788691353205,0.1787350931215175,0.179579029604062,0.18026712425618885,0.1812273677630377,0.18151358136865783,0.18204367064636442,0.18280069293307602,0.18453875459624203,0.1851830518960478,0.18542293846472485,0.18638136217405285,0.18783258699913133,0.1887683820932797,0.18987234463613897,0.1905261956922825,0.19061365376744058,0.19105178701638623,0.19130442348222287,0.19195258338945229,0.1930820145568322,0.1937378310886639,0.19394119922345732,0.1950795062064297,0.19624765581985337,0.19624465454527987,0.19668947123376798,0.19729839138710323,0.1979249992495669,0.1982716201507327,0.19893859904384206,0.1999743807700977,0.2007472689760272,0.20157383553046068,0.20220248461338164,0.20225804484305415,0.20309263541086447,0.20461704443579085,0.20536175429217762,0.20647424162640626,0.20865220343463217,0.20916050761753868,0.20821622775290505,0.20864612466013885,0.20889114289614494,0.20944232505535987,0.21120862601341117,0.21205995438355607,0.21256391794080376,0.21283868209291099,0.2117562427161531,0.21218350776688816,0.21380416474863662,0.2148285309072497,0.2151383225748287,0.21569476106632218,0.2165931917057117,0.2165670374129741,0.21698321157987613,0.21869196302572078,0.21940431491081544,0.2187304158189018,0.2191669917918676,0.22047094414939555,0.22122329598073978,0.22193626741416517,0.22267385693993358,0.22326471461717498,0.2237605272931696,0.2242563226394025,0.22497101612159628,0.22502503002969607,0.2240215144266678,0.22483063547078488,0.2264464388803318,0.22715973560354322,0.22857097445849267,0.2296531653378598,0.23006518200397158,0.2303386559075527,0.23096077225530146,0.2312568663124046,0.22978513070358308,0.22992278983637468,0.23053330913986322,0.2328248126452677,0.23379525114098704,0.23449896780400847,0.2356479222279091,0.2365326394110731,0.23692005027096144,0.23756278775901354,0.23825534684899632,0.23808094119608272,0.23831051513090792,0.23959496814673292,0.2400319559245644,0.2392604105358822,0.23939251369969244,0.2403015703394254,0.24046517375479157,0.24021758513172295,0.24048930734108828,0.2403788490295412,0.24057051630284262,0.24124499515726713,0.2430782544395562,0.24381658689058888,0.2437090152818254,0.24483133103997293,0.24736318740563143,0.2473745216045761,0.24575818672553143,0.24638013582133955,0.24685272827118857,0.24677298191939442,0.24798350387339255,0.24934495724724537,0.25009030496581125,0.2500329426819481,0.24972056931071374,0.25096220411945924,0.25199119305659085,0.25148822472064575,0.25121420446461096,0.25181162887854885,0.252385878038318,0.25171261129747546,0.25198541470179364,0.25411201950680573,0.2547953468081518,0.25446248706362184,0.25427309990934827,0.25351774640986713,0.25368042322531187,0.2546749659876572,0.2545815122481171,0.25376408405970036,0.25421520370928047,0.25467462963494497,0.2548613019811888,0.25538781989674475,0.2575415756929427,0.2584037204471599,0.25837806669666386,0.2584776483653906,0.2589517243902425,0.25892921647944306,0.2579683587262722,0.2576665091406558,0.25799396965107757,0.2572581269033792,0.2549307043629038,0.2552514289143118,0.2571071550366068,0.25743723667502866,0.2592574881010598,0.2598593046288038,0.2574417294080301,0.257060554959106,0.25841595280331925,0.25873459283912936,0.25877046642798146,0.25962105371593425,0.2593076354842967,0.2578548728543707,0.25784745090560585,0.2580171384846029,0.25834023448687293,0.2597252230571139,0.259902872249628,0.25933301185264807,0.25936150253354595,0.25944642721977534,0.25927777802931284,0.25907100832684765,0.25892460815389734,0.2579848603703074,0.2581589987438704,0.259682440320793,0.2602702905929404,0.26144878788387954,0.2615539499179626,0.25987516746703576,0.2594122764613608,0.25994560601328454,0.2587927760998548,0.25841401650595996,0.2584629949004423,0.25773236191938687,0.25566690317244783,0.25552913039671504,0.25649563131278663,0.2561996986961131,0.2556374753024148,0.2561583361075616,0.257119651945528,0.2569299806879598,0.2571923038369315,0.257300772722411,0.25585295624542714,0.25499894346928376,0.2551721415927708,0.25498563125413637,0.25440690289008366,0.253775396454438,0.25330230262136827,0.2526662893353599,0.2508839555386433,0.25013315042441947,0.2497802013791839,0.25079856294962166,0.2500000128703143,0.24964868048917135,0.24848308640547795,0.24712978393931972,0.24695468721563793,0.24787177826180465,0.24799249349105057,0.24867990010100752,0.24850007170931934,0.24787720463592303,0.24680278137482684,0.24465195695888534,0.2435236654866553,0.2423408922417106,0.24172737949757553,0.2417224322033287,0.24221083339334273,0.2443748627042797,0.243661426727622,0.24091366947024798,0.2404803462129589,0.23983864545822517,0.23864262124134705,0.23938684116225342,0.2390435853281678,0.23662370485610515,0.234622821832718,0.23283547023113804,0.231201122685841,0.2311678852992064,0.2313708609404134,0.2311658349028153,0.2319315032006678,0.2320961772985739,0.23007433061659693,0.22873419429165573,0.2277977001519937,0.22675296284650848,0.2244128827699385,0.2237537125667633,0.2245074790390948,0.22483742345100605,0.22610275867848947,0.22527363800393388,0.22291843580370488,0.22218630721502233,0.22046613555237746,0.22029316654063852,0.22308651600381316,0.22337947189684018,0.22221119709097542,0.22193743556067724,0.22164168950415072,0.2209002764915548,0.22030970641571695,0.21988909518448224,0.21865001073063328,0.21761950657306248,0.21739443371789813,0.21678985795746963,0.21551095994607997,0.21461894770429346,0.21427981853071995,0.21370079947676132,0.21232432526730724,0.21220703207505187,0.2137745106769114,0.21267019565035153,0.21069601454863912,0.2098076273172284,0.20861170728113226,0.20881121555379512,0.20909680847548717,0.20787208515321925,0.20676966025427598,0.2051392014017135,0.2046003300736982,0.20614076678943377,0.20584987433271526,0.20428816555395304,0.20428201401317697,0.20452000715338142,0.20437532537441738,0.20580907569162876,0.20522862990998034,0.20221188550235022,0.20155761973706834,0.20239549343521254,0.20045726127747354,0.1972067422037732,0.1960885231611359,0.19356415211734576,0.19289779162000464,0.1957758163728981,0.19664976233734915,0.19617587749693174,0.19702198357491835,0.20009848977535627,0.19904971610796518,0.19504965636745508,0.19393748160402793,0.191655376074606,0.19065896364041776,0.1929365971595825,0.19312030439409514,0.19139817614612448,0.1906140287697768,0.19049608397978426,0.1899675849400777,0.18961941319889808,0.1883912830808147,0.18610023749485158,0.18530610178426096,0.18406229633041163,0.1834200003751284,0.1846928252284575,0.18498841073233818,0.18451754446771595,0.1853269096472887,0.18698617754180838,0.18517511268031686,0.18316146608419442,0.18495216710417212,0.1858108789027162,0.18483204827955615,0.1831846461270014,0.18055745192601094,0.17973994425594442,0.18213937932902763,0.18146388569634964,0.1787435983762873,0.17528698584359906,0.1715964349399328,0.17315197994711737,0.17352836871782812,0.17295970950418152,0.17311804207818562,0.1714582348223638,0.17291138894503616,0.17235452984173485,0.16849717180353654,0.16940937180428836,0.17221599807608004,0.17074850774801878,0.16734982302736842,0.16627818718209833,0.16576742069333755,0.16527851495806908,0.16889032803609855,0.1687631866348569,0.16057963292070732,0.16045364289336517,0.16484252160298044,0.16153943658741787,0.1621550600323109,0.16568574380508694,0.16167653351592068,0.1591569582422092,0.1628260440392634,0.16526042479350014,0.16300615650843472,0.16332090523091067,0.16440050474849144,0.15814646496775395,0.15578876899712182,0.15739663786551047,0.15458738175854006,0.1537226339148796,0.15320257078247848,0.1493520250946701,0.15093922582904631,0.15366558037829364,0.15034590990649907,0.1531833058103288,0.15475592371245947,0.14756249676479802,0.14908009945218703,0.15169854045894499,0.1485508249162265,0.15076721641681032,0.14985548290244563,0.14411629428878228,0.14195261428401365,0.14051226850092013,0.13689764421238254,0.13220447219650566,0.13291157022428943,0.13592851833350267,0.13963351261926,0.14541400297474327,0.14407790229214212,0.14092433521712194,0.1425701600377837,0.14333387571784556,0.14197252014647826,0.1394208135671256,0.1367157931214739,0.1362752124952157,0.136621954955177,0.13477936519350564,0.13265594535326752,0.13061967776943267,0.12890722265656487,0.13079036156191118,0.12973789255351903,0.12718201950742605,0.1288073449163871,0.13098505078621483,0.13425807311780943,0.13349137511184897,0.1286411776770075,0.12522749130305846,0.12151552256238041,0.11694546008382478,0.1135136476412164,0.11432528692681274,0.1170475057474356,0.11664295889201517,0.11829860470078059,0.12221992250949971,0.11942927624576401,0.11871357197428724,0.1254407489863127,0.1183766225649445,0.10574935775375839,0.10977671606849786,0.10890093483696751,0.10700043613109445,0.11885041376364877,0.1103265417067353,0.1062229397224877,0.09910731849778207,0.10144892001154701,0.11827470206703716,0.12040609463170127,0.11881101650368774,0.12162964145439892,0.1156367913009586,0.11428842567982399,0.12389329769570703,0.12136337710389118,0.10632958192998551,0.10058944120628802,0.09839159673356428,0.0929038307871846,0.09265439656413457,0.09650059573486454,0.10465943312156202,0.10583780803420255,0.10906676900398786,0.1160044504118848,0.11198134076027329,0.1156748198455136,0.12190013756337881,0.12256100011650325,0.12329841217780496,0.11173098742362232,0.09653013175983742,0.0882870559532113,0.0852856954570142,0.09622794817670836,0.10851462730087612,0.11099063641049928,0.1050846572057659,0.09897263237899023
33_7_ANDGE_1_T_2_00000,0.17559616602047745,0.14105976796865782,0.0004733964210458659,0.013430152626088931,0.14973515409984398,0.15174524346171497,0.10298693956915313,0.06425633351605864,0.10708447722650918,0.12212358019887377,0.12803252325661577,0.14773689245463445,0.10019355451807177,0.08568899301846333,0.1292037315528465,0.11905975764068061,0.12088404502025657,0.13163055927125608,0.11019611526443232,0.08637497895507856,0.07937311246308824,0.0931277917404614,0.0851916014058127,0.07527393464018312,0.07730267337549321,0.07575986041871655,0.08274466014741644,0.10572362659218397,0.14691523992633854,0.14358273404540728,0.11968276357606024,0.11880536218935123,0.11017122518546801,0.08865169401570969,0.06209886588649735,0.09333299259934322,0.11970663034087171,0.1225381685312376,0.1250026313953275,0.11828387882182231,0.10539840269929629,0.09712727194561288,0.10208705092234052,0.11102811941946499,0.1139168250338845,0.1044168151945726,0.10813666085926059,0.1260998036540489,0.1173734161360674,0.11036096175730681,0.1080133554854094,0.10031039484327171,0.10668680176482453,0.1147117826646728,0.10852774168820195,0.10333499993785585,0.10813475737068615,0.11944118777029052,0.1052933359198638,0.0992201700076416,0.1057595805918755,0.10299296859772267,0.1082906973862082,0.11349625598577492,0.10535189416624605,0.1098808916855334,0.11228870427996054,0.10148311101171356,0.09878879917342848,0.10388231026800279,0.11092696550569105,0.10382118918578148,0.10026027651420849,0.10310025550918066,0.10790643281786001,0.11028601343851215,0.1127147999165748,0.11737236402741971,0.1128961360050178,0.10910521957116971,0.11193741410948245,0.11501302587943368,0.11643843222339738,0.115613019452008,0.11294160440813794,0.11359347851848917,0.11644174808379405,0.11788940318505899,0.11975313914908395,0.12150327072000237,0.12267822027468527,0.12456999669755266,0.12372608369306984,0.120968887668897,0.126269465690207,0.12841565682088468,0.1263338838646037,0.12548514270944233,0.12613477073256193,0.1271996116859984,0.12742207626398247,0.12974872573300197,0.13177574599248876,0.13174981854206724,0.13171205228376498,0.1306911104113762,0.12948340332956706,0.13174668159477848,0.13287415754504756,0.13246211969068572,0.13210609792437059,0.1320222480884409,0.13266492026041415,0.1340001617422156,0.13339099745917474,0.13292817223338402,0.13415289920071946,0.137575184694362,0.13681704308015993,0.1327294007960798,0.1333340544203463,0.13324221233529102,0.1320245627839393,0.13104686808792482,0.13315203710879428,0.13464415947174035,0.13281593806141184,0.13276750177926852,0.13311181236638467,0.13296882937792473,0.13236995839256846,0.13408436100446816,0.13610153655452586,0.13297197246870507,0.1323015144022843,0.13401704944349774,0.13553433806024517,0.13315670477139543,0.13141688347040736,0.13319195871650719,0.13364637673819785,0.13466193153278633,0.13650817750836522,0.1372508775665732,0.13759973034770825,0.13725202668027184,0.1355839771924478,0.1350066801254952,0.13698795321689036,0.14148668678633658,0.14200631727548668,0.14147010304771981,0.14213562022173845,0.14273918887158188,0.14450450989532151,0.14724525699658383,0.14926902170617593,0.1520527558083554,0.15481551370580865,0.15611384957576568,0.1581990816761406,0.1614887904605687,0.16558229843154199,0.16785647906812132,0.170728705303333,0.1752557556857739,0.17960220870593688,0.18379611173474478,0.18769974620820912,0.1910978323162306,0.19601505723018509,0.20134712410623326,0.20522752854016307,0.2105784588881754,0.21625023997387086,0.22102914479366187,0.2255960147028051,0.22949428534667815,0.23290041442650344,0.2371749452253748,0.24119730157121946,0.24449412883716465,0.24692247998372358,0.25028679864945014,0.2535976724277502,0.2553375747379376,0.25705954741149817,0.2588789635703168,0.2607270288289534,0.2625632527108111,0.26455042544174967,0.26641443595561104,0.26707665154884797,0.26785317034136913,0.2688672106276861,0.26966508699566966,0.2708161117507906,0.27204141517265706,0.2729217903006734,0.2735381387464686,0.2743179654791933,0.27529328323707064,0.27537426341304516,0.275267315910549,0.2752973522333939,0.2754975530530484,0.2746878265974061,0.27325485291517077,0.2723341290484169,0.2716571756744087,0.2707518381985379,0.26927361569557684,0.26797487885098337,0.2660048888069585,0.2632302211164481,0.2614370566602305,0.25939620989615114,0.25675810710986224,0.25391585904768443,0.251002995785658,0.24810436403941774,0.24528018312635605,0.24250437091205768,0.2398854145604155,0.23744807213400798,0.23473205149525722,0.2320325806008734,0.2295935236839873,0.22753205305300342,0.2255672300180946,0.22358426969373182,0.22157594689738372,0.21932428824294375,0.21750243340327852,0.21682891566793377,0.21562449223302,0.21387486089334637,0.211953167129414,0.2107357404594199,0.2092167096672304,0.20716388119451612,0.20559409640869186,0.20407927072972865,0.20251912051772042,0.20095706343806927,0.19961681783991791,0.19840824568274026,0.1973190665801276,0.19741967355420795,0.19785910469846626,0.19786713783226056,0.197205379041776,0.19711870858888572,0.19760618075442699,0.1970708708133952,0.19601196206578708,0.19497116469913048,0.19459359256566922,0.19444214078765315,0.19471083700298872,0.1954434140207994,0.19526861738874904,0.19469022670689956,0.19405809342484703,0.19306221500344564,0.19163715111317006,0.18950030769451565,0.18612919104583214,0.18216703277541382,0.17879110381577878,0.1771340845020151,0.1757568055199632,0.17438800268352947,0.1731339008097075,0.1727792643809979,0.17255702181271748,0.17195583765262518,0.17078504907853803,0.16985809706132973,0.1690686692910706,0.16770487398585002,0.16689413650774243,0.16680008506725874,0.16717776109430707,0.1671288077299564,0.1668985927283392,0.16664623888531718,0.16579645572868662,0.16525431954333508,0.16492364099653434,0.16346202861951173,0.16232531522397714,0.16123510068211977,0.15929976480372726,0.15814419530906676,0.1566227712903779,0.15383281244534325,0.15237430660846965,0.15102583295122582,0.14921163746188956,0.14803137275775402,0.14673980968762906,0.1453088776545019,0.14423390180218593,0.14354857488806455,0.14269600025728768,0.141040498044621,0.1392368448646999,0.13775234307089515,0.1366408646418474,0.13479205124352525,0.13297060845782854,0.1315755849651841,0.13066350307322042,0.12912781443416804,0.12735861082280395,0.12649594054484903,0.12547815003057838,0.12441466599172389,0.12360238116614508,0.1230268131869371,0.12228217756212029,0.12144519738685008,0.1218478256975531,0.1216558902358284,0.12089830923523937,0.12110333173434988,0.12121636667313428,0.1213937800330486,0.12205568619801085,0.12264850368020797,0.1231904256541243,0.12384638494318582,0.12495511173021523,0.12652246383038498,0.1284099344549897,0.1302026562931877,0.13273792806383175,0.13614082489770243,0.1401786800603673,0.1446798143992936,0.15005335730774957,0.15662852923246118,0.1639085191338534,0.1716510221751647,0.17997928409834496,0.1898633337491878,0.2000285260819337,0.21022936627168406,0.22092708874684033,0.23211686400397585,0.24366530801132918,0.2553268705179571,0.2663011023289292,0.27714416515924734,0.2882621654453035,0.29925457491199,0.310167118048799,0.3208905163552429,0.3311419713360688,0.34139203981689276,0.35144430188481685,0.36094549734305603,0.37069464402791846,0.3806103909598044,0.3903479571418967,0.39918504790572057,0.4082619738385579,0.4176230940822213,0.4258140629278222,0.4339843331522851,0.4422448663505395,0.4502932270709321,0.45775816255685964,0.46497188447177307,0.4722168859456654,0.47875599011825054,0.48491824605538,0.4909111274080993,0.4967206844667055,0.5017771171587646,0.5064110240192763,0.5114897206226267,0.5158286959473953,0.519738758652171,0.5237151708375084,0.527233935702145,0.5305645994827414,0.533781774128652,0.5364516637318484,0.538923753106535,0.5412285269524933,0.5431905795422132,0.545395340153516,0.5475788821016438,0.5492703138471461,0.5503956576490601,0.551257701640428,0.5522296377242849,0.553917201917726,0.5551059036199049,0.5557177978948208,0.5566240926891681,0.5572506746765757,0.5577650609255298,0.5584983170577882,0.5594408657912308,0.5599712999139496,0.5598661866897471,0.560022748835443,0.5600097832511931,0.5600277631468145,0.5608677183272991,0.5609791936204019,0.5607499129376283,0.5610342087529536,0.5609767346464272,0.5611261526466992,0.5617199687265968,0.5618696714708917,0.5616813420262492,0.5614354417398354,0.5616289169864377,0.561785398621374,0.5618074208715862,0.5617194414719615,0.5615607295073105,0.5614490399724067,0.5614257097305395,0.5613347015118592,0.561235615365678,0.5611264173548399,0.5609562019773986,0.5604580325275388,0.5601342505990993,0.5605224298731224,0.5607480655456737,0.5607212730723884,0.560510888197891,0.5603472248867121,0.5602087962760273,0.5601197608187913,0.5601266925190023,0.5600643414761562,0.5599025035905246,0.5596783559589059,0.559541022466031,0.5594890805806044,0.5595136981614078,0.559655382374364,0.5596219464634717,0.5593544059491578,0.5589622060407655,0.5588798293810621,0.558865940431119,0.5586432320353311,0.5585334516378764,0.5584597728080823,0.5584242040863548,0.5586478134531881,0.5583035163777945,0.5577436337853561,0.5578485360071879,0.5580947023033713,0.5578940668709896,0.5571792556627647,0.5577758207904758,0.5577462818628957,0.5569604868283818,0.5574616342945552,0.557330101847028,0.556804294186851,0.556741327353576,0.5566148729978329,0.5563056499385355,0.5559430753983609,0.5562198438061641,0.5564158219967097,0.5561959183737302,0.5555185086094346,0.5554221008320692,0.5557302463878788,0.5559168550937134,0.5554733398179259,0.5550271887506534,0.5549539923545067,0.5551857821080993,0.5553485853117435,0.5552055428624807,0.5546979193640912,0.5549585940829918,0.5552797059150978,0.555092708077543,0.555208377940894,0.5550288351297614,0.5545663101144315,0.5544167763263421,0.5543365135521758,0.5543265328648456,0.554358084382851,0.5538680049227285,0.5536812550230721,0.5540533391653912,0.5540695509942946,0.5538488082415588,0.553385745609092,0.5527340150748283,0.5526917413582942,0.5531226639668579,0.5535911159009117,0.5532462313561359,0.5529761684927958,0.5530456274171406,0.553147623374188,0.5533846666234074,0.5535434951298634,0.5533921244318221,0.5530153221003797,0.5525680115451729,0.5522726668442619,0.5525086606275759,0.5526638101977567,0.5526870513151603,0.5527307350513068,0.5525051942391241,0.5520801205960951,0.5517402784146282,0.5523025712817071,0.5524965147225185,0.552188805970491,0.5520266445828094,0.5521475494354521,0.5519266809238971,0.5511006244758027,0.5514198153367414,0.5512576105269051,0.5505039388857726,0.5507287120569045,0.5507729789824763,0.5505354425934162,0.5502601421194275,0.5503368643828453,0.5506219551966496,0.5510122430904325,0.5515822694355537,0.5513200221913974,0.5506079546997887,0.5503235985076429,0.5501325196135021,0.5497382022360257,0.5492541730389547,0.5498457531422979,0.5493955511918063,0.54844190978816,0.5487834214216726,0.5492385566637189,0.5495684364951572,0.5495829831536382,0.5487061333815961,0.5484355954607005,0.5487424687087897,0.5485681763706758,0.5487167491487822,0.5488172608985982,0.548554618815158,0.5485976025375423,0.547781328175921,0.5466673067687942,0.5472414692316238,0.5476210397454934,0.5476661603027668,0.5476448095907016,0.5478497718226487,0.5476452469840295,0.5472756741235826,0.5478581924869808,0.5476274466227529,0.5469287549013387,0.5463806482716994,0.5451029958747963,0.5448242218143051,0.5453967182686467,0.5445369518138949,0.5442596453218599,0.5443802842220935,0.5441978879089664,0.5434175454260393,0.543000674196141,0.5432179860603186,0.543500696193932,0.5434094419911393,0.5432996152207635,0.5434759314853161,0.5427265322193252,0.5425223478247763,0.5427854579321738,0.5415970699274298,0.5413657564174665,0.5416918799470576,0.5415090677167447,0.5402858277114656,0.5398925662040619,0.5402672167187488,0.5392589876636533,0.5391211150809038,0.5388302892813335,0.5372959472830342,0.5361863775458773,0.537123302967124,0.5387039027024271,0.5368293316706768,0.5355277605301314,0.5354257139679117,0.5360995028819087,0.5364198756500347,0.5358618529317675,0.535012614907625,0.535183642714381,0.5337097279829454,0.5326010296320272,0.5333906949031931,0.5339763259811263,0.5343584801072155,0.5343896984724988,0.5340261440485824,0.5345440557999311,0.534755917882604,0.5340328160392482,0.53366742868773,0.5338158157094068,0.5341986626925215,0.5342189267074443,0.5330693759487234,0.5326446951271763,0.5337061464890341,0.5349504817797165,0.5346281079373131,0.5336960000736659,0.5338123370592018,0.53491803948251,0.5345011597435333,0.5330234879126703,0.5341376900246306,0.5345528014209615,0.5340963518623816,0.5334970932215849,0.5341095226371532,0.5336500727947997,0.5329000256653128,0.5343546342624026,0.5343999995472374,0.4842157116557408,0.48397583955859963,0.481553335129267,0.4813650172415865,0.4818838055668642,0.48328438726922335,0.4848192175168797,0.4861206262135195,0.48685745599922453,0.48589039358836533,0.48486992285172276,0.4844235041762341,0.4844097528980913,0.4846141472103924,0.4844988872213,0.48514640245357377,0.48548859033242364,0.4856879098144608,0.48565460741038646,0.4859978598226058,0.4857983142529783,0.4849889821083312,0.48411682874725737,0.48355544275805834,0.48361452237022506,0.48479081802256774,0.4860597651935476,0.4868487554538117,0.4872868327654263,0.48782966973496045,0.488282972665389,0.4884111742167553,0.48867519579745433,0.4882391239068024,0.48735222061514377,0.48696971249172555,0.48632560978102274,0.4864457499361433,0.4870748442290079,0.48744192965058036,0.48896208685910236,0.4895878330209041,0.48928084019695867,0.48842786698026136,0.48722114257869054,0.48695197501189014,0.48733518890465066,0.48783659484650077,0.4889249154236988,0.4891277315944071,0.4882978465072468,0.4889127984652066,0.4884447734905056,0.48820121702349617,0.4888241122944298,0.4880161665729857,0.4877675054938981,0.48729701974261586,0.4862411183170136,0.48647211818215547,0.48663246665639026,0.48686201368358656,0.4875284639591164,0.48846091839819195,0.487760758421175,0.4870502556905978,0.4863233788895218,0.48571368657499164,0.48675011163435994,0.4874369649433205,0.487717067419737,0.4879233410105917,0.48715808420360207,0.4863869634497476,0.48564712758156825,0.4855063684489343,0.4855806760344137,0.4863036952833262,0.4870967588620852,0.48769906747223685,0.4878010296585714,0.48748988902848966,0.4868299207313408,0.4867469856143819,0.4871043565030731,0.4868809675925858,0.4874228160034346,0.4881055717370179,0.48787342019639524,0.4883356043622767,0.4886493763143612,0.4884543133272056,0.48846792855211446,0.4890001954035137,0.4889156658782512,0.4882645909069111,0.4888078634446156,0.4895418410618405,0.48978553349195386,0.4895946083455977,0.4890156959023457,0.48882089505901505,0.4885683875640275,0.4883440742680469,0.488705666161596,0.4890792501868663,0.48935936375495226,0.48937719043768696,0.489736893881411,0.4897183686936941,0.4889935369070381,0.4885432993699797,0.4887393879733249,0.4889152661568954,0.4891080504289642,0.4891992182166102,0.48904641777711,0.48881049106427027,0.4887148682271534,0.4885277880796325,0.4883402771076583,0.4884651228506645,0.48830536000772534,0.4876392588289845,0.48721886975906165,0.4867850599038901,0.4866596584230236,0.48645570778238556,0.48640905575341425,0.4861058645584911,0.4851141222398927,0.4843328836219197,0.4843648380272454,0.48423814306771784,0.4835876301851381,0.4826089289644371,0.4814491703160304,0.48072003888302245,0.4802634378276074,0.47984793003793313,0.4800089060952125,0.47943545041549973,0.47849080744108624,0.477564282434503,0.4766909150680308,0.4756097607841474,0.4750832143985353,0.4747671777384636,0.4738897696876759,0.4732920696816479,0.4731359892390209,0.47265037818486855,0.47209548209248386,0.4720791884661182,0.4717858980973485,0.47107021786498154,0.47051027433384685,0.4700976910087254,0.4697971749773727,0.4695137477616906,0.4691937726635395,0.469035822130918,0.468851338163053,0.4684240228876849,0.46815491939892556,0.46850319901124343,0.46858366746103447,0.4686734451573904,0.4694403016674396,0.4695762406251675,0.4690047342926757,0.4689243989402668,0.46862555134764916,0.4684654128953728,0.4689502921689042,0.4690239424885589,0.4684742012344079,0.4682612600247291,0.46821045207805684,0.46802119763678596,0.46786550083281164,0.46838549712981553,0.46853449783726614,0.46816247284136353,0.4679624231234977,0.4679633923331207,0.46798974063531457,0.468163347950035,0.4682994716882179,0.4684130637616866,0.4684157765208765,0.4684771045352067,0.46847572769233864,0.4682567289941022,0.4683359251366551,0.46849193844880194,0.4686163249601581,0.4689918286269949,0.469210750816566,0.4685983520632818,0.4685166618731919,0.46891951695271716,0.46893380852615896,0.46906575024427405,0.4694525559142438,0.4693247245313069,0.4690064268404054,0.4691149734851717,0.4698482263646651,0.4699670973470935,0.46965691527783393,0.4698483594871594,0.4702929485153954,0.4703648935774246,0.4705057876464784,0.4706991893180334,0.4705841082995659,0.4704564337939621,0.47023795804461455,0.4705388749337852,0.4710893894592664,0.47134269392262573,0.47110298515430543,0.471159625103645,0.47148262407823216,0.47124230823140506,0.4712905058747248,0.472072263592895,0.47237729989965577,0.4720930285670801,0.4722296527185473,0.47271406316127723,0.472921528916305,0.4731327982536575,0.47318867818594074,0.4728479506215081,0.4729338852725242,0.47311042895166944,0.4734274395493911,0.47359691277703503,0.47367695449041897,0.47368760350302247,0.4734475835645054,0.47343756254005487,0.4740150340384805,0.47418986817089404,0.47413180885289863,0.4743852482601478,0.4749133070470137,0.4749440058682281,0.4747610189111423,0.4748781474149004,0.4748544107039103,0.4748295073400493,0.4752296876060375,0.47530519785404673,0.47474599825680736,0.47467554920569976,0.4750211607541486,0.4750884394799535,0.47509893829641014,0.4751864633497997,0.47544683211283917,0.4757851734981999,0.47564833144427465,0.47539935782966536,0.4753929893224708,0.47503234966292773,0.47485306664177024,0.47521620636929673,0.47524421582814214,0.4746859632733175,0.47461865138544784,0.47508330229005463,0.47510760041250744,0.475023425472407,0.4749749976004093,0.47458178458345734,0.4744762581829525,0.47479327217323974,0.47474188250272104,0.4745243771656464,0.47440926906552283,0.474458481341826,0.4741286347391901,0.47384532175667443,0.47384671257886696,0.47381721717226083,0.4736648885952848,0.4734682519330973,0.47348118602141437,0.47328846853088985,0.4726888514957824,0.47244653665986086,0.4725027512108707,0.47231816292090323,0.4720766474503245,0.47186011678183265,0.4716670146939671,0.4712881278855225,0.4706431774795609,0.47031215402210247,0.4700875937430132,0.4697586288797328,0.4695497083536533,0.4694008961290519,0.46912777094372166,0.4689704740401845,0.46874016732642654,0.46841764866891505,0.4680326816378841,0.46731673130959783,0.46685402706689805,0.4664718796466038,0.46623723391182065,0.46619146860027444,0.4658567672575246,0.4656494770018859,0.4651811716095894,0.4641907139039982,0.4636477123906518,0.46342643204742456,0.46287344606770037,0.46231606040889744,0.46170186600892266,0.4607794067027281,0.46004252355848124,0.4594125707818567,0.4588239317362078,0.458514447831164,0.4578161249120405,0.4568672185803719,0.45603328361997114,0.45509149447175146,0.45405922078657523,0.4531793396958057,0.452564032437738,0.4516826788458936,0.45067845220735603,0.44971746772041565,0.44868754180881326,0.44772835308622433,0.44676944092645454,0.44587952290195493,0.44511091384489443,0.4441900510524188,0.443082706095616,0.44230163007722806,0.44179163625869616,0.4409245182710063,0.439978668035415,0.4391823039119743,0.43821123825044295,0.43727376443392957,0.43656739992313787,0.4358164422479377,0.4349451027628625,0.434028085809669,0.4331277468025547,0.43235645099051334,0.4314134031241005,0.4302742564226687,0.42930301596392995,0.42849690222618586,0.4273505672674776,0.4260423302096179,0.4248462724958895,0.4236735542144612,0.42216336654050635,0.42065532498903346,0.4189232330471545,0.41681767851190177,0.4147401053406929,0.41273894198415045,0.4104275131679426,0.40783076921199773,0.40519126762587904,0.40256680499168085,0.399537583501399,0.3963042326737283,0.39283335632247574,0.388979317614982,0.3850258736497148,0.38097596844605547,0.37668857392586624,0.37217030416361696,0.3675133607059455,0.3626913393056309,0.35767220447617754,0.3523540288148841,0.34707084228663415,0.34170096061593946,0.3360874237038274,0.33070827602403474,0.3253760373030521,0.3200673204825797,0.3147969325729816,0.3095594104593687,0.3043080401809032,0.2991775630340261,0.2939898731952028,0.2891593429679459,0.284483681894791,0.28001275300404715,0.2757025780494093,0.27175057819551385,0.26820967593436723,0.26452071647343006,0.2607859234163511,0.25761543331389647,0.2546577339292853,0.2517960970914939,0.24947824148398684,0.24712648289717418,0.24450065077626829,0.24234433855320758,0.24076542035182427,0.23901257065234266,0.23722543900008383,0.2357141703769372,0.2343358231789514,0.23298920824637911,0.23168438070100755,0.23082975182615775,0.22984418511601626,0.2287852756405097,0.22799213659913287,0.2274700110040706,0.22678250483423337,0.22606694340301198,0.2255458773375243,0.22505517658907445,0.22466668336493786,0.22453993201278982,0.22421002264597906,0.22372550339282296,0.22348756311719256,0.22330859536823255,0.22318304727549937,0.22320989567558805,0.22325016047845547,0.22334987561241892,0.22338597552486056,0.22340314545610507,0.22354698283772098,0.22377156225558267,0.22386982299726324,0.2239855886286804,0.22415597845881677,0.22423137713074953,0.2243288500326457,0.22441725026417123,0.2247188524357498,0.2252300643771634,0.22551363300959734,0.22570018063091113,0.2261538572814311,0.22667247158855156,0.22704363048518603,0.22749068118010418,0.22810610283550142,0.22853335644966483,0.22911255118427776,0.2298589963398834,0.2310192159825135,0.2318533382374906,0.23252576552648213,0.23345713160527992,0.23446890136948823,0.23549392866609983,0.23662921721087996,0.237784792782815,0.23894939032727122,0.24013398814868137,0.24139186444832716,0.24266676440487273,0.24386222167375055,0.24526649229286882,0.2468901113970679,0.2483560377300648,0.24989693350457734,0.25131258674167645,0.2525196169246903,0.25394370032698577,0.25542657972259997,0.2569293068321296,0.25855202547214545,0.2601334024036829,0.2617023559387078,0.2632775824047113,0.2649666505181447,0.26646330243153,0.2676824656799398,0.26922455486477165,0.2709076782671763,0.2724656248935517,0.2741773292713761,0.275827901295881,0.2773201431018024,0.278824080082246,0.28035528517677316,0.2819357362044816,0.2835358726080952,0.28503345960549903,0.28642706736803725,0.28802319883286864,0.28978005023666425,0.29129954277712744,0.29278553401443275,0.29436968806080593,0.2958508044329424,0.2972424316294544,0.2986667654693727,0.30018816313121166,0.30169587234310696,0.3030383450458633,0.3044949733117867,0.30614156971601797,0.3076470333632915,0.30901198930629675,0.310470683687894,0.31202169151829096,0.3134942538591198,0.3149359734510135,0.316300521808424,0.3175943450945793,0.31900501170479023,0.32042718435760503,0.3217555018389084,0.32314691219006947,0.3244579137570528,0.3255469689905103,0.32688779134559554,0.32851613581069133,0.3297062189846169,0.33063987395000405,0.33190458235372494,0.3330681278011313,0.3343375842569035,0.3359922633838808,0.33733344800509485,0.33847885682106604,0.3396123143840094,0.34063479706524863,0.3418204685242709,0.3430169761323299,0.34416602047793504,0.34544485494620686,0.34662557431725904,0.3476331034003273,0.3487467091496871,0.35003611893094555,0.35108431649691113,0.35196547060153077,0.3529298535719126,0.3537538462071173,0.3547173337555067,0.3558044055890371,0.3568738122012984,0.35801903485598907,0.359075902167226,0.3600843451321273,0.36113546445448186,0.3622684949715222,0.3631828892569866,0.36393841390178205,0.3648304206865309,0.365585804270981,0.3664492079073159,0.3675919974343623,0.3685078752348428,0.36932920732515817,0.3700840765237768,0.3705445555281159,0.3713369609736332,0.37232078508283845,0.3731903083814063,0.37430350468308204,0.3751909805288232,0.3757139047025557,0.37649051702164726,0.3774071670814507,0.37821533854928907,0.3791345307023384,0.37993575003428093,0.38045399169505756,0.38120548320747,0.38214786532003525,0.38293788932568035,0.3838004904617871,0.3845704168371069,0.38503808454540994,0.3857589608909477,0.3866565050146864,0.3874788657510411,0.38845137935024127,0.3892963283349164,0.39000165876210224,0.3907350154449679,0.3915015951735443,0.39215641969120013,0.3926043174524091,0.3932591203209025,0.39399980310503524,0.39469142584722483,0.3955772112386923,0.3963301402770316,0.39687452578203597,0.397494311311615,0.39822441921064095,0.3987922270512967,0.3990568280214159,0.399693670111573,0.4005605521926044,0.4012570816645215,0.4021485568854262,0.4029705180438729,0.4036363493664668,0.4042143662943839,0.4047813202155571,0.40535375842663324,0.4056406738301395,0.40617778528176063,0.40711453092810285,0.4077255635336607,0.4081188176327843,0.40870926508047356,0.409293024017075,0.40977196997564325,0.4103539469255118,0.41095612968629314,0.41141251620128627,0.4118651345825594,0.4124566435215128,0.4129445546402378,0.41324361480264943,0.4136444158050606,0.4140751557333112,0.41453867623466367,0.4149695566739594,0.41554482786114094,0.41638669663594613,0.41698944775853497,0.41749165300057456,0.41804563244773063,0.41859344458791264,0.41896957433125864,0.41931363266715527,0.41964346935875513,0.4196394527952523,0.4198505619900899,0.42038083046669994,0.42067675680262784,0.4208474486880151,0.4210637926322007,0.4211190489198391,0.4213466981119452,0.4218034528050183,0.4221066540885269,0.42232912386800797,0.4225936172114777,0.42281300255454946,0.4231158203983012,0.42359202418016884,0.4238886194588686,0.4241533121289638,0.42428183192572644,0.4240250059153295,0.4242024229227018,0.4247080319493868,0.42488455470929304,0.42517299379891893,0.42538019929938253,0.4252307774972399,0.4252179865400071,0.4253144380101104,0.42542878832468106,0.425495477294165,0.4255948977475843,0.4259468738549512,0.42596855865179883,0.42569187654066054,0.42561865623369105,0.42547430386975005,0.4254250606695993,0.4256370995892929,0.42555365113753,0.4252586117685988,0.4250792536951954,0.42481021821440745,0.4246850582914505,0.4246999912539559,0.4245925544475814,0.4245699515939346,0.4243212575358358,0.423743814473776,0.4235491805067463,0.4235139963627126,0.4233781269398411,0.42339620863983995,0.4233068875931184,0.42306711686591547,0.42279844348868867,0.4225376173658118,0.4224751446461996,0.4224652273776646,0.4221228910056314,0.42176143485486967,0.4215605055986327,0.42108350905569625,0.42085009021541414,0.42107351730257014,0.42083101176414667,0.42023676836850327,0.42005258355663205,0.42005138745769055,0.4194861010745123,0.4191967560840333,0.4189109086659649,0.4184526356061848,0.41823166742860723,0.4182002244793134,0.417814536298915,0.4171627332585611,0.41670835754421004,0.4164507565340469,0.4161557647251822,0.41559229059387337,0.4151938326502737,0.41478908127509134,0.41400409868517957,0.41372578288417644,0.4137467080319375,0.4131881766954068,0.41270708825105806,0.41268744747737424,0.4123228968949751,0.4118648558477445,0.4119128190990249,0.4115735544341878,0.4109829675097576,0.4103953007469184,0.4095134204325137,0.4088057149524565,0.40822908063349056,0.40765258685238503,0.40715609126770913,0.40658027348829573,0.40593494541091574,0.40528410101514056,0.4046048803099275,0.40402665803788623,0.40359521415750516,0.4028560289968117,0.40202045196918085,0.40117407519977993,0.39984573476317814,0.3992356054799332,0.39922270772344376,0.39861722667659855,0.3979969130812094,0.3975787620501079,0.3969762119435244,0.3963303987309405,0.39577625128043725,0.39507142310221216,0.394302873715661,0.39390758885819027,0.393600496502954,0.3929578282800166,0.3923303574007893,0.3916667033405438,0.3909002594098483,0.3903703586774195,0.39006242609719477,0.3897323262569119,0.38942494732443506,0.3890938765673999,0.3882439241012817,0.38792007523332644,0.3882714380882762,0.38797265337875203,0.38788276507013986,0.3878736013409101,0.387499433827107,0.38757952152223935,0.3874516908220966,0.38682158078167217,0.3865094322243909,0.386352203245547,0.3864508098376217,0.3871286741738407,0.38699522157343624,0.3862520179180736,0.3862163526658622,0.3862667417333306,0.3861124846846019,0.38640400448038276,0.3862187664971174,0.38578604699352265,0.3524457465722909,0.3519404126850273,0.3517138569379977,0.35104064796912193,0.3505362048674623,0.34984278281662295,0.3501926837125106,0.3503267317462731,0.3506565676644732,0.350838375076398,0.3511968119090021,0.35121376696004525,0.3509338238708977,0.3506871731297508,0.35103681550965776,0.3523204312773543,0.3520271527249164,0.35151377693685243,0.3516872354515014,0.35152939119637905,0.3512238755724834,0.3513298290506934,0.35196330355419114,0.35142704750225495,0.35075114237289534,0.3511609530873873,0.350502302065042,0.3497218937789743,0.3483351350573919,0.34804533475663624,0.3477948751246476,0.3477032165774267,0.34914518439201175,0.3485013206551816,0.3468832192834059,0.34665588998070945,0.3457739832504454,0.34525394211067706,0.3448816313369329,0.3450317567194563,0.3443224882157546,0.34344204432336733,0.3425356968386508,0.3408841263057915,0.3392848286591161,0.3384873199210692,0.3375471200487442,0.336182799687729,0.33515093499500087,0.3338379764344034,0.33247311449361155,0.3301257579618291,0.3278607091469629,0.3267882559785049,0.3253070036517642,0.32263559437965694,0.3202829087470405,0.31731025559799575,0.3137985972077075,0.31141173874862393,0.30832579183397296,0.30533847808051273,0.3013771715203976,0.29750195422249115,0.29366613714033196,0.29028305692913114,0.2866293945273574,0.2824369828720568,0.27769021636158836,0.2719749265716286,0.26652405495113884,0.2609889148176323,0.25560245934628173,0.2504022629545929,0.24489515479567964,0.23847538967060147,0.23241682798573837,0.22587868139675346,0.21901520200335609,0.2131134287776419,0.20732821094055032,0.20120054160702988,0.19470115362289883,0.18866847713773838,0.18241646626676158,0.1753360987721324,0.1698197687342342,0.16512252833752536,0.15956000957549488,0.15499549423645514,0.15006913994423854,0.14386624431252584,0.139099431533628,0.13537590491744816,0.13223218812954274,0.1282985270946187,0.1251789575050001,0.12217919754519817,0.1193184103102123,0.11728037539651666,0.11469530299947926,0.11247357749611751,0.11034702015920017,0.1086782571041477,0.107114397299415,0.10628252576907103,0.1059237091964893,0.10394384736320579,0.10176973323376347,0.10135631192702735,0.10085521972289466,0.10064992483879993,0.10051605400914015,0.1011571376884992,0.1003322814825767,0.09840799833296414,0.09751568648320424,0.0979528094790687,0.09819711856652534,0.09840988627287497,0.0993908823417119,0.09895683735465008,0.09741705606397105,0.09696598168780449,0.09759986892697868,0.09758995638551034,0.09693402566264536,0.09757984773785706,0.0988431341996568,0.09867227793624224,0.09839131042753282,0.09914713735790644,0.09862021322651958,0.09842754095974791,0.09926425626071454,0.10182626333503925,0.10167507822046637,0.1000710302842218,0.10033274804306953,0.1002710485444624,0.10021145930377702,0.10089586833250308,0.1019012227983194,0.10149362893495516,0.10080877929092202,0.10147310844827788,0.10258039752042308,0.10325190792262262,0.10366584244306301,0.10394416166517206,0.1036574637703233,0.1043201676633656,0.10567761495453676,0.10642726928230688,0.10715975515295784,0.10794462518321547,0.1072276553304849,0.10714870846089364,0.10764624447308448,0.10890598655939493,0.10941983154090623,0.10995938352116406,0.11089062046412955,0.11193896673164483,0.11226879155253909,0.11380846349849516,0.11501228119439229,0.11513268402068783,0.11607416013708248,0.11652724177703515,0.11645050953743308,0.11706422136755432,0.11780916284499225,0.11869041792770098,0.12024725584944214,0.12125871626234057,0.12175187340799638,0.12291588752310147,0.12403188569271806,0.12459394544671591,0.12491968240851185,0.1250414849047948,0.1261919002602265,0.12823772791283797,0.12922764723564434,0.1304493214259157,0.13147106483660434,0.1314383213419131,0.13192604367188826,0.13292274850332234,0.13399177849024757,0.13468719910324528,0.13545361460208535,0.13606163643470162,0.13708759740247353,0.13824465099601246,0.1395371291028995,0.14036677512230142,0.14135637869639783,0.1424136130546904,0.14297565445690677,0.14377801150086886,0.1448919433452548,0.1461154939073308,0.14681866190854903,0.14776912820054783,0.14859036186277458,0.14885399666339783,0.15001258584397015,0.1519568180765448,0.15292700634489353,0.15355347216504847,0.15471431750009676,0.15549998602760964,0.15637631585843545,0.15842935963290278,0.15967959153677003,0.16035503710496304,0.16039693463620042,0.16054264178423247,0.16092129783174516,0.16168448658564943,0.1628253487567282,0.16378144056726732,0.1649762472746044,0.1660305355838817,0.16692985826305473,0.16785396919676557,0.16898799613425644,0.16999290590867855,0.17101020436382247,0.17182196081128528,0.1721343066941583,0.1718518422441727,0.17267263644861092,0.17359679840663642,0.17465135019812028,0.17685730753023612,0.17825258860508053,0.17931171591469433,0.1800074143440452,0.17995892544496708,0.18069223415066887,0.18166106632511345,0.18231154148022738,0.18322624784678354,0.18435116410820757,0.18480309336400513,0.18499036809600303,0.185355934169885,0.18572062336461032,0.18645388388309836,0.18744444055193565,0.18813633110225347,0.18896219378055173,0.18986039213684483,0.19075381220897028,0.19117419632193866,0.19080596166893415,0.19175644832819377,0.19345017580652135,0.1946001620855724,0.19540665841548238,0.19715267224442684,0.19809317180191993,0.1975839437419443,0.19801294517420018,0.19910204635061943,0.19987103026150818,0.20062013143864166,0.20093438971480534,0.2008053357837939,0.20145431542885697,0.2020905969259135,0.20262661736869542,0.20393639773175895,0.20496683354807682,0.20567953344430018,0.20566376390949448,0.20633633692361175,0.2073531522963163,0.20808787111042445,0.2088865867267295,0.20949713125294625,0.2098459967676242,0.21037979991102201,0.21085597615584908,0.21144913177632613,0.21180451860601507,0.21278298516492417,0.2154411745158948,0.21612978241851136,0.21559573998719572,0.21516701267184446,0.21595559558547603,0.21636256212892804,0.21672696444694653,0.21876107219120822,0.2196252107799924,0.21881237182711374,0.21872588624047418,0.21904961460228342,0.21975870782189,0.2206114590024761,0.22114103228926904,0.2220810270033198,0.2229801607308429,0.22311574445411653,0.22354393224009192,0.22605993285427328,0.22766886890412238,0.22809818368884616,0.22781660572374776,0.22806895083731282,0.22710711289148222,0.2270854000698251,0.2279048495604696,0.2286675401901891,0.22958471600740862,0.23008385100663323,0.23066822206797583,0.23149751724558032,0.2320791534326229,0.23252130273089028,0.23345324281313412,0.23407825870063284,0.23368727966966768,0.23430224955486972,0.23433554398516923,0.23426317975273137,0.23430933695033668,0.23419981303894372,0.23438703679387188,0.23454364285819346,0.23546225314599362,0.2373806666576076,0.23803027271100646,0.23823022035891087,0.2391649746746009,0.24013058369427182,0.2404043004795994,0.24075922059852517,0.24143241767229706,0.24174904759084084,0.241474864535912,0.24195011704020922,0.2430190241329677,0.24336399712482412,0.24291207617949262,0.24317505258216143,0.24378556728385295,0.2440795441677529,0.24442168006423265,0.2445964623531607,0.2447338962664895,0.24466333642715066,0.24420534491616636,0.24404267578389707,0.24360448753469885,0.24360611450686306,0.24398738857167915,0.2445824883071299,0.24602374634270685,0.24655932027568092,0.2465330719306899,0.24681188877330967,0.24714419158956746,0.24721497247170063,0.24701819727832003,0.24710669514504396,0.24677178746892703,0.24535297215950103,0.2450973353008851,0.24544294669012875,0.24568530902421892,0.24657778868523356,0.24667385066861594,0.2464798172112867,0.2462691718436982,0.2449132971476825,0.2449411195528049,0.24676993667783076,0.246811182449045,0.2458454090225238,0.24597782803321927,0.24570630646613775,0.24526360857968083,0.24537941350335837,0.24727133436903084,0.24731239722596576,0.24597724281947728,0.24581224672263807,0.2455328214769353,0.24594076717707616,0.2476544655195937,0.2477299752289718,0.2469653311689543,0.24721253168858595,0.24753726955476202,0.24709190866598818,0.24676615299622678,0.2467502489068986,0.2457055005878143,0.24519073812286427,0.24616271763814476,0.2463329709320316,0.24536048332515906,0.2451028060795723,0.24520161299767862,0.24545930395570967,0.2451934950024899,0.2446111211431163,0.2452503452368217,0.24624198018886076,0.24684245480962888,0.24895446532931217,0.2487387711919232,0.2466392227187405,0.24567016079954498,0.24414292418403963,0.24303399989444782,0.24202297969712835,0.2417606196443914,0.24203462778007678,0.24202253842251942,0.24282376601239336,0.24310175948537086,0.24269978725504332,0.24251955002665557,0.24331943885974616,0.24262630434601629,0.23924699522578208,0.23871666487803606,0.24065342625697633,0.23974112154886976,0.23878102132490947,0.2402819450337819,0.2387869294624301,0.2365837911834669,0.23586515555724022,0.2367821077102664,0.2360205150039922,0.23458108033443842,0.23415527360266794,0.23426616896476232,0.2328539025970144,0.23054987924694803,0.22988437538466722,0.22954534993223788,0.22819805251954278,0.22681544306631185,0.22677776441465203,0.22633658455171626,0.2258914289154951,0.22743105117450205,0.22831437587470335,0.2288909146614288,0.22761360110959436,0.22461312110302423,0.2240092043896115,0.22323117592775749,0.22184391771298737,0.22180550181983677,0.22245750636998857,0.2218395787550638,0.2202130446624237,0.2199850477210244,0.2207315883899023,0.2187462795669481,0.21670233734609734,0.21647396804302788,0.21588808868073228,0.2144527110134679,0.2124398969858358,0.21144147190808327,0.20987080238693326,0.20966669285611664,0.21142739295699897,0.211156743920545,0.20992915282304384,0.20980408097312198,0.2096801181275496,0.20953933046306103,0.21049705303212154,0.21023957997644127,0.20860702420229793,0.20782823261365313,0.20640657284403627,0.206512194763237,0.20905999340340395,0.20894300009745523,0.20786477168045323,0.20792638802710767,0.2072734578756308,0.20552212661757724,0.20368288116166197,0.20299912668664152,0.20110711631317515,0.20025936988867613,0.20254394852239996,0.20315196419386686,0.20104136336680586,0.19753671121927183,0.19293988021579417,0.19242045357304602,0.19569940755929743,0.196232030236602,0.19576130665230895,0.1972268101200697,0.198125374714916,0.19578058621057293,0.1915994784595729,0.19051673905324618,0.18951394007505346,0.18842287945355912,0.18787548523458147,0.1903173693358525,0.1897362044131234,0.18694715079444982,0.1860433613623153,0.18602082354174107,0.1854944652431342,0.18466072680837461,0.18365670328240774,0.18263514155494856,0.18208761070482682,0.1810696605125317,0.18158072930395888,0.18345071273854968,0.18385720507715567,0.1853681662372749,0.18484053014910676,0.18168651314865314,0.18128427547653458,0.18069248127469173,0.18074802427653927,0.18319396817224967,0.18409117167754446,0.18585798979381418,0.18452462245790902,0.1787602276444561,0.17716675660635406,0.17745234891233824,0.17555748924165074,0.17377154142282744,0.17411879398732522,0.1747118582766949,0.17233797086320835,0.16849366624109804,0.1691269401201971,0.17128580201060117,0.17049496681585324,0.17283229489331106,0.17272781585029803,0.17048477856912703,0.16993306078154402,0.1714488223783974,0.17291404801387122,0.16847356042618117,0.16422474169721277,0.16532935949287098,0.1659718795549039,0.16797978312961406,0.16876446684038696,0.163902820703986,0.1619754650026927,0.1658441247477167,0.16532907312734474,0.16276148598828172,0.16630465914707368,0.16559589314688328,0.16115237278025027,0.16408937930612277,0.16520731837477676,0.1605975246378027,0.15982205028802504,0.1569644415550568,0.1527370979043115,0.15732946477819681,0.16127568162294198,0.15983802510196138,0.15915148474508387,0.15902579985840629,0.15660414386523264,0.15582904284713697,0.15739278961397815,0.15374440568658784,0.14922621146976509,0.14804193176735633,0.1484908974938682,0.1475241007923774,0.144522649386584,0.1437671397492124,0.1423489280530323,0.14277786774205534,0.14700872060043413,0.1496773209240142,0.14861577363764872,0.14472726593589955,0.14389456720580043,0.14191252917685226,0.13837554285000303,0.1427411796376459,0.14385861190369023,0.1398432044769886,0.14250436611634412,0.1410680528319563,0.1384600658032604,0.1430699921625809,0.14181084987888137,0.13917499995104207,0.13874260124735335,0.13715374343844328,0.1359726898205092,0.13064687175466924,0.12807130215103155,0.13062641176690834,0.12866433355771925,0.12307427399743094,0.1246133078944247,0.12808328898458332,0.12345306516898889,0.12020310563657541,0.12091540994591149,0.11982983347031309,0.1199064839379992,0.12130184783333338,0.12435232930312871,0.12996081159363793,0.13209670263050644,0.13468957080252592,0.1350741473035776,0.1271006593999737,0.12040652622763755,0.1200898555181631,0.12248712192875578,0.11765172924347048,0.1132862202404329,0.12295074862504039,0.12713589155237287,0.11943223004170246,0.11710292061160411,0.10963991089422263,0.10093478567358112,0.10793647191232661,0.11387957532975626,0.11382175528456154,0.11113377376295164,0.10488136852562904,0.106023888104143,0.1107940047935997,0.11098317594060848,0.1131742450236388,0.11261703187853933,0.10351731555407843,0.09656769747446503,0.09537877763921634,0.0939809097447337,0.0979403827786629,0.10473677810935526,0.10400023438381431,0.10551716952378437,0.10912977980583995,0.10619847044794109,0.10182018774641058,0.10212294557823491,0.10476900182502354,0.10449790502308738,0.10594840809149741,0.10747876182653608,0.10106670499537657,0.10091374790435864,0.11284084144698504,0.11379869486180119,0.10800427846380582,0.10791676699275292,0.10292722437733912,0.10076884256158013,0.10568111880433885,0.1077118057586072,0.1086869940135824,0.11338160785462789,0.11188732907593057,0.0916004939598305,0.07636395894783986,0.07990169219004013,0.07624984739780402,0.07324809415467247,0.08678844829878583,0.07748747238912543,0.06649843996004189,0.08377847554357946,0.09088199078499168,0.09994608764807984,0.11825293667482757,0.11717679368051621,0.11169470672024569,0.11088338510328533,0.10344215478618579,0.10373779251588851
33_7_PETCA_1_M_1_00000,0.10500370800914575,0.0394000044293931,0.09035958640282019,0.12069056182143902,0.08988850305667478,0.07029926504168447,0.0516849206200293,0.04565820362927763,0.07099902494273254,0.06397200157324358,0.05927378308250647,0.09007986046359752,0.09519479245653857,0.08789069382668181,0.07928093489421534,0.07217244715244021,0.07210268688511892,0.07348052614503808,0.06337291977205242,0.07311308282145897,0.08515817630860074,0.0777415583538343,0.08857916374462034,0.08909295232584674,0.07023861966114912,0.08118384827858369,0.08954113736488038,0.08453420440086437,0.06992671551709048,0.07456644761903408,0.0821736829294004,0.06537627271664342,0.04997027608501665,0.04991666401700432,0.06748471416410531,0.08353645046528922,0.0783640969776545,0.05621833690290708,0.049475513955555495,0.04401875278596328,0.043270547474988034,0.05419505885503985,0.04836848295684878,0.0436476335581909,0.05713443262981765,0.06884178277676069,0.07843599723566429,0.08192779484206784,0.06320668183292168,0.0615826710232484,0.07211091973366088,0.06369124454781488,0.06413019731143979,0.06788269270632637,0.06489464855899428,0.0656867055623563,0.06625722579908497,0.06416004708384024,0.06286358575730529,0.06231322128745707,0.06122607381127834,0.05645940697549138,0.05748911637532984,0.0621972184288914,0.06458994250790552,0.06359920825973302,0.06422823208515842,0.06835525167533334,0.06373545478135835,0.05871530932957839,0.05830174739265539,0.06389625743028483,0.062474970200976684,0.05761820810258434,0.06223566924307415,0.061091970521414504,0.05738873986832899,0.057415690180747686,0.058896179151495344,0.06120491066989467,0.06331300899932599,0.06262578369930502,0.06152106533681485,0.06085658960129107,0.06007264970365329,0.06012128841337217,0.06174070146907152,0.06505538300101028,0.06304864845077235,0.06032431286582572,0.06160646026812771,0.0643185523251043,0.06404902657256231,0.06089309595737146,0.06342106991071524,0.06620086848510975,0.06638350402470118,0.06228976829783299,0.06176519636873468,0.06293315691299307,0.06163713425626903,0.060911507537470926,0.06186599007254717,0.06411429751169413,0.06346354119833995,0.06210654508946896,0.0617905471098658,0.06423817659869777,0.0653606958312993,0.06504594276362187,0.06521361304948559,0.06773508164785513,0.06962821628454706,0.06805479628660524,0.06724467565291947,0.06711407234804795,0.06734421347886226,0.06784982140709986,0.06903973819961311,0.07035282401026487,0.07024368381926414,0.06882865031286871,0.06738139787006217,0.06756202382489404,0.06883470500655327,0.06950538221247521,0.06882180491204393,0.07056197787297834,0.07113424840118453,0.06955116195023826,0.06954685949819693,0.07054965267074625,0.0713294264797864,0.06988984282766063,0.0706840156882206,0.07235907285081514,0.07228630147417901,0.0719956510771089,0.07284870491567474,0.07466448195889493,0.07240394811369597,0.07122775145212144,0.07271869576149552,0.07390044507054241,0.07425923115473922,0.07458707029096513,0.07642630412905133,0.07576311498592828,0.07434905481377152,0.07479964456913107,0.07661945221491875,0.07829193735648542,0.07905930202636192,0.08007643309813692,0.08053343250853925,0.080767170576667,0.08244513802350796,0.08331219846510635,0.08383720036140652,0.08545183418795292,0.08645292693806356,0.08722646607553662,0.08842137351507127,0.09005087391532042,0.09197024793185804,0.09406913340804984,0.09632218554287421,0.09854657726791584,0.1006412969542806,0.10255730575159942,0.10451610324406974,0.10657853798246365,0.10876873857495727,0.11142244190155438,0.11370029500587656,0.11522545651253967,0.11792662874527798,0.12050486985506507,0.12229382685556033,0.12368470313035353,0.12522879558043715,0.12697611575966739,0.12864224990752285,0.13011503004084943,0.13132809586917757,0.1323071521556622,0.13351986412647535,0.13447545434655914,0.13505173619675553,0.13669853869386622,0.1378792764562927,0.13830750137104159,0.1395779272367361,0.139955436907635,0.13983683565722058,0.14070065840828994,0.14110271615390152,0.14145516337327993,0.14236049900699116,0.14276183683433324,0.14309344390378234,0.1436309936621334,0.14389423318062147,0.1440908553917899,0.1442075381709616,0.1439500934436067,0.14375759916723524,0.14352855575253962,0.142949639049304,0.14268452569317835,0.14231286991887585,0.1414251437151338,0.14088122628182917,0.14033842375651914,0.13957331022444489,0.13882403199956542,0.13786331926147738,0.1367186049640045,0.13566558579616503,0.13481436249802345,0.1339983487196829,0.13293310115537615,0.13159317982623034,0.13032833054818851,0.1293437532159667,0.12785810710002812,0.12655754968479901,0.12574575522376621,0.12492231767009847,0.12413911341001975,0.12339693122141304,0.12267975361566018,0.12178675434044156,0.12094640485266095,0.12045292938552252,0.11979911737051023,0.11915315108276014,0.11862778582050348,0.11776751264912479,0.11719590216694614,0.11706573751114828,0.11683239516715997,0.11640842392633056,0.11600233135779349,0.11604002839120313,0.11581806532225053,0.11529461861632431,0.11462920530518937,0.11398765349689831,0.11353163806840277,0.11334733870168137,0.11336851899644713,0.1135697488044127,0.11375710638999588,0.11346154854216717,0.11311047634902503,0.1127432298510307,0.11224400634857763,0.11189419399529213,0.11172974361092802,0.11169860869743688,0.11171810097718245,0.11119888513575514,0.11003171280358738,0.10930324340845889,0.10852234210705271,0.10767339071290837,0.10717749896657539,0.10619911867680396,0.10502315116952211,0.10428917438039716,0.10364355723073045,0.10276150367221813,0.10163607366653772,0.10139428560411053,0.10122720714141092,0.10090719820159229,0.10134348839745147,0.10145597140281624,0.10131333456806418,0.10172473202229142,0.10177703326354771,0.10170176963972086,0.1019084445439497,0.10161347779142095,0.10092245751993918,0.10017489692891787,0.10018823090741072,0.0996551119740571,0.0984783810326256,0.09796352174719422,0.09740032844103742,0.0965650340331263,0.09542229012416008,0.09445134792650256,0.09368835167263363,0.09301186864107414,0.09204984994599305,0.0910877525557821,0.09029924887004313,0.08961157514028935,0.0887853606093872,0.08798097237512863,0.08769994621131881,0.08730496893895637,0.08670112478251046,0.08596132523542664,0.0850429425618557,0.08413552958239416,0.08333025831850076,0.0823424525621938,0.081317241904147,0.0803263342139403,0.07935807331105878,0.07840214231142231,0.07747686987335416,0.07663094670603753,0.07605887536887965,0.07559021934803904,0.07502674169660979,0.07445921201834983,0.07389902073323726,0.07340705670075245,0.07315950112151466,0.073188102155221,0.07339208264926035,0.07354664031643224,0.07349510477121017,0.07343709684814925,0.07366620480700539,0.07401859422587201,0.07447217616389021,0.0750612044629302,0.07593219100138368,0.07704156913363365,0.07837652922445772,0.07994588661746402,0.08180883541816003,0.08427047597344965,0.08769623220603616,0.09131200033765392,0.09527398203505875,0.0998141459083436,0.10464550833665358,0.10994163155834492,0.1157724655464691,0.12209694741013556,0.12847562373911486,0.13483223200054745,0.14138758538273274,0.1483911021727939,0.1554733255853566,0.1621985245302561,0.16888144133710328,0.17557209338592727,0.18222760436365454,0.1886615888868005,0.19481465032234535,0.2007805966557588,0.20682118040711098,0.2127811021893363,0.21855961106467925,0.2240418688588872,0.2292838972638988,0.23441298221631218,0.23949721768178606,0.24445910308173904,0.24918989423609167,0.2536714597752028,0.25804715588029914,0.26213729017648524,0.26610786238880735,0.2702741792170803,0.2739744488254187,0.2773989567846425,0.2807835480364389,0.28371962482450847,0.28644278656854316,0.2891014904201327,0.2916390011492182,0.2942963353074711,0.29685475736810285,0.29880829497748496,0.3004671307483676,0.30213887305534437,0.30400876116415826,0.305605716111888,0.3071058222661456,0.3085680304840505,0.30971236360724846,0.31069067182328064,0.3116293471527018,0.31265688919178475,0.3136689530508366,0.3146102543116673,0.3154390914611339,0.3161331284069754,0.31659707362244494,0.3169409698969815,0.3178309306221307,0.31851087627595975,0.31886464156846805,0.31929367476565945,0.3195054098360875,0.3196559505289323,0.31998493469929756,0.3203306497028311,0.3206191539596234,0.3208576095398217,0.321296468532946,0.3213225062588321,0.32112524074257043,0.3216602757768254,0.32174905301640255,0.32159356661739463,0.3217602370594709,0.32203045887003756,0.32218679515171406,0.32217356136560094,0.32236180825236754,0.3224601543399672,0.32250234296269,0.3228236262055099,0.32290478156230124,0.3228565061005236,0.3229416095786317,0.3229200159797798,0.32295560128840056,0.3231189520696566,0.32315512759397175,0.3231586282789167,0.3231957721244265,0.3233213752092397,0.32333821633034593,0.32334450627071387,0.3234659032681616,0.32334950990082517,0.32327079517030166,0.3233724225980809,0.3233762200034129,0.3233362788043286,0.3233217874479056,0.3234278697569779,0.3236023569175303,0.3237876603120025,0.3239026799196657,0.32374877173089744,0.32363445075853436,0.3237142546401291,0.3238050711522815,0.3237786421806048,0.3237034870538722,0.32376639116144085,0.32345342279680567,0.32320317780001784,0.32343970392998894,0.32357475630227617,0.32354755837326893,0.3234489522809146,0.32361563683524835,0.323533563965787,0.3233177271279198,0.3233643918994631,0.32352915324810205,0.3236945862258619,0.3237469689446655,0.3235669639258859,0.3233874513303495,0.3233038000979307,0.3232509292253659,0.3233406291929219,0.323414019068383,0.3232937162165016,0.32350334099212036,0.3237017650190851,0.32363535350830314,0.3234234875934666,0.3235688580051782,0.32386897172475876,0.3235766319650277,0.32349125719384497,0.32349476922947146,0.3233607363662044,0.3235028728406574,0.32361080431597294,0.32355104685273256,0.32351208319772295,0.32363944881165396,0.3238230000975034,0.3238325273320202,0.32378901734742893,0.3237907230018762,0.3238665478178891,0.3238210249168232,0.323950407847498,0.3241885207880376,0.3241153172222651,0.3240084114291266,0.32404330187542296,0.3242780017350988,0.32423004724948096,0.3242916685114719,0.32459414778482204,0.324693647043247,0.3246941301976419,0.32465579670764366,0.3246306917144185,0.32446885511399476,0.3244696190986593,0.32473983674362855,0.3245493545699936,0.32457883706717094,0.32495116479831815,0.32526946264823986,0.3252236520503145,0.3250823566975663,0.3252097126005833,0.3254912849681104,0.325535883647428,0.32534782919259414,0.325608013198194,0.32580599679172306,0.32592796539512964,0.32609098502897194,0.32571053158316193,0.3253803374707451,0.32547555502913234,0.32546916454455693,0.32563838355738595,0.3259034328276578,0.3259640303850094,0.32612121246488646,0.3262988043287067,0.32635903599864996,0.32618180777162087,0.32625079088545245,0.326517073122123,0.32634500622041307,0.3262705989737519,0.3263266304132833,0.3263735879635184,0.32612462063648523,0.3261074610964306,0.32638499086503,0.32620715943613093,0.32612501399906535,0.3262432784388532,0.3264562613110355,0.3263814257469677,0.3261321444329121,0.32599137317619553,0.3266316938162368,0.3264907741796871,0.3258968287852263,0.32609950354214534,0.32637471717571304,0.3264206757012601,0.3262090772455281,0.3262584753377949,0.3265213787896974,0.3266766243217979,0.3262540681831926,0.3262315938456521,0.326448949812024,0.3266312142063302,0.32693842247860644,0.3271222602008914,0.3270474979503266,0.32670358176856334,0.3267788395585877,0.3269292978471476,0.3268146766295245,0.32718529452973133,0.3270451681831312,0.32635112300488,0.32604878578161745,0.3263309685835594,0.32667617710291863,0.32657413418230724,0.32655005028661394,0.3264119605811159,0.32624141148548286,0.32643834692278473,0.326656889045244,0.3262520195559576,0.3250603271967141,0.3253216994975029,0.32597716774838115,0.32639603614171264,0.32657647472277784,0.3259488493595237,0.3253292432665416,0.32552934123311245,0.3254364946553498,0.3251760893788917,0.3248922708474565,0.3247040964226672,0.32471191182597364,0.3248085075637432,0.324793954587751,0.3243585668648758,0.32396163127785316,0.3237809700444189,0.3236651966705019,0.32341652958840855,0.3232819843918165,0.3233926452318978,0.32292929073508764,0.32250360527551525,0.3223837029950282,0.3224594736706175,0.3220287559954409,0.32154709291740863,0.32148396249986244,0.3214305378906158,0.321178895238372,0.3208990829455017,0.3210236866378448,0.3209626536487346,0.320848899761279,0.3208897544876058,0.32113629737051724,0.3214019130728856,0.32121810098978076,0.32017601099891907,0.32032630479660595,0.32114125331755455,0.32176048196376006,0.321355837481,0.3210384714634172,0.32119465211741743,0.32174526736384396,0.321677149471598,0.321617821726047,0.3219300681875902,0.322358027251129,0.32151841023474265,0.3209389244131105,0.32224424155988335,0.32223717674646285,0.32244088692793704,0.3230959908348586,0.32288405929948993,0.32242759077266697,0.3223444359391739,0.32281889790875595,0.32255683260505963,0.3225455353332717,0.3233209104427257,0.32488324635221255,0.32519635001590286,0.3477109226113272,0.3477588658073249,0.3474495205062782,0.347518091348539,0.34781851968932886,0.348004566600614,0.34851891951153674,0.34933437602286516,0.3493527684549069,0.3499000893331288,0.3499059836364906,0.34932954804775374,0.34928230915079855,0.3487646576436211,0.3484075798247991,0.34846281167823917,0.348729014322136,0.3493143102211613,0.3501086750690742,0.35054146309592144,0.35084257623590215,0.3513441123021841,0.3516209210227221,0.35178753348827435,0.3519819174582789,0.35182725293596073,0.3519376656229,0.3521767582718206,0.3519733393044982,0.35204255156682934,0.3518544950710007,0.3520117857448399,0.352294125676494,0.353411904429006,0.3538216422733548,0.35434802771991514,0.3541898427321635,0.3534784197791107,0.3535314449497906,0.3530641229063576,0.35326938516639633,0.35417999182279225,0.35440772515285823,0.3546415027078618,0.35479752288738414,0.35492023698123676,0.35471480983274895,0.3548630291119521,0.35481753516497144,0.3543883260228177,0.3545452532356296,0.3547045864403042,0.35511058251856514,0.3563021082071816,0.35659380981429123,0.35618937362555736,0.3560874784645521,0.3559985774696903,0.35618370631233726,0.3567597006460338,0.3569090290978063,0.3570509800211099,0.35654982857445494,0.35596631724775407,0.35574197425520093,0.3557428985766739,0.35642384215601075,0.35727740809747244,0.3574719941804638,0.3574220130538275,0.3569570854691499,0.3566120683231314,0.35665039623651074,0.35678601498885204,0.35728357090667767,0.3573038588791026,0.3569816463088362,0.3567000249365123,0.35692958561040905,0.3564783705207082,0.35652928949210455,0.35690867258499137,0.3563300792347242,0.3560265901820815,0.35630695752614233,0.35635441878371715,0.35634521721359436,0.35670372920019827,0.35691400849620136,0.35671659513011433,0.3565377653321231,0.3562656648366554,0.35605738116549274,0.35567302851425703,0.3555826964661317,0.3557059628589657,0.356198023380278,0.35638359558211974,0.3561250135494648,0.35595631792740795,0.3554425499396515,0.35522591123459346,0.35555095135769893,0.355375494198762,0.3552887262151203,0.3552213928289974,0.35461019028116736,0.35455847692607795,0.35491146797093087,0.35554579959152116,0.35527427191886896,0.355523647757745,0.355392266849561,0.3544153086698193,0.354472674992197,0.3547635779217331,0.3545910399251653,0.35469939831737435,0.35439086026471533,0.3539315205316903,0.3537301511058004,0.35365643694144755,0.35335992530493837,0.35321757647306185,0.3530803790213133,0.35284989715004134,0.3524644357140271,0.3524033201319657,0.35184652371413616,0.35078937970985935,0.350515191989804,0.3505448336788075,0.34974243796038357,0.349004981923614,0.34861094654549835,0.34782849229701196,0.3473437870006802,0.3466235664042289,0.34580466758413164,0.34485207144295715,0.3436064029763534,0.3427752021636081,0.34207004129779695,0.34163368929475,0.3410723980691908,0.34018225984052297,0.33907346914628483,0.3377968783100782,0.3368874137651676,0.3361306052703615,0.33539475585570977,0.33514244664727366,0.334648021616523,0.33358820390800065,0.33295864085477955,0.3324021727548732,0.33186886292562784,0.3316480829601387,0.33122827766085383,0.33045171408223484,0.3300054351576827,0.3296679525734175,0.32936980533972227,0.32950401336834034,0.3296556974625204,0.3290963387203694,0.32874710470966406,0.32871891404060605,0.32830393427508753,0.3280342500111428,0.32815920594113723,0.32808012281400417,0.3276169763696734,0.3274737366473077,0.3276770458134554,0.32761719030584746,0.327436685150635,0.3273386161941006,0.3271944703403296,0.3271579919907891,0.3271871417924236,0.32695943594632476,0.32678832081202314,0.3266343533612345,0.32623899986427884,0.32611803384113963,0.3264111381486153,0.3262992413309979,0.32616550559353835,0.32604425740708404,0.32606250826321764,0.3260320803669195,0.32585006661423893,0.3256391850680688,0.32561957538378267,0.3254985991733469,0.32542501309889393,0.32564561364768263,0.32576634438258156,0.3255433129016728,0.32549896005550183,0.32581243745538924,0.3258560615497125,0.32567112906916973,0.3257477867992094,0.3258705426074261,0.3259846441888084,0.32607134917646435,0.32630639382979465,0.3263925739365332,0.3262443181886788,0.32638198466171153,0.32679339455203016,0.32694541899322715,0.32687533077720704,0.3271003297779192,0.32759064368169777,0.32772944751514516,0.3278069512810719,0.3279524068663163,0.3280050380803459,0.32801897401008495,0.32853767518708465,0.3290862377762055,0.32900957968206834,0.3288332704131225,0.32899460400331687,0.32921757707149,0.3293874337324736,0.329820600819771,0.3300634800421066,0.33000747460913404,0.3301818719364473,0.3306993059643844,0.33082109654463265,0.33060219156337695,0.33068501593557686,0.33068756252238957,0.33080277264083435,0.3311918807322834,0.3314509043913151,0.33148676897920604,0.3315881703311673,0.3318213088309804,0.3320736059695159,0.33213272754244183,0.3320528112894133,0.3320737504873941,0.33199297740603473,0.3320370111668128,0.33223503726700065,0.33231917685998674,0.33230461294272273,0.332405923928702,0.3326039958656863,0.33271657609735467,0.3328560957643513,0.3329534799544044,0.3329054234674995,0.3329658610460565,0.3331738007239105,0.33325285998329673,0.33319781739003923,0.3333963185583269,0.33344650956403027,0.3332089631895747,0.33321362783559777,0.3333052639878777,0.3332794759845958,0.33325631699167724,0.33330075064035547,0.3333673152141232,0.33326025463100056,0.3330484485099303,0.33304197196972163,0.33306124234696416,0.33296072319514747,0.3329408829360548,0.3329337807485228,0.33277423823709973,0.33267294871337755,0.3327802307537446,0.3327423493196928,0.3326439977533699,0.33235254989143587,0.332000883274715,0.331966870141662,0.3318099723724103,0.3316327445768779,0.33147637717953815,0.33135981451234736,0.3312031054704669,0.33106646992433164,0.33089204833560326,0.3306850611448566,0.33045222383084516,0.33026771624775686,0.3299136578107066,0.3292862659052937,0.3289536564963019,0.32872698094876057,0.32842271361402003,0.3283877223937186,0.32809888155085815,0.32750083560854637,0.32698668746584963,0.32624236987223365,0.32590893193808435,0.32559506261675464,0.3250346282093902,0.32462889764611264,0.32439678247087894,0.3237901495913164,0.32299564149595705,0.32237044660068326,0.3215814385258231,0.32088050734335166,0.3203568267174371,0.31976145070780676,0.3191401978077125,0.3184211356220395,0.31772557961994463,0.3169550700185729,0.3159783023947376,0.315123407216346,0.31447076845015787,0.313572601054589,0.312398932439139,0.3114854913933417,0.31069606038428127,0.30974988768257694,0.3088828266344659,0.3079547461336433,0.30721462380808484,0.30626737895597994,0.3052526324045703,0.3043192445991809,0.303414657758221,0.30228551626232797,0.30129339917899434,0.3005324133723641,0.29964991450277034,0.2986467598792626,0.297679614358803,0.2967228023370583,0.29587113561239486,0.294965501098398,0.2941855058159415,0.29368754065308744,0.29295411693485124,0.2921529017402097,0.29131124652865903,0.29029267300913303,0.2894118257257927,0.2886281163755483,0.28774490740506026,0.28686928479080737,0.2859899268896916,0.28511671688363177,0.2840770574281593,0.28313447738232494,0.2822298927100282,0.2813278869388737,0.2805047838953964,0.2794024804415054,0.2781786631403613,0.2770638214641785,0.27590329622246684,0.27455736056486174,0.2732946360409572,0.27181545607061475,0.27004453953969587,0.2682852263555474,0.26659745270271795,0.26464353452068506,0.26245141964756846,0.26021831073362134,0.2579984719212571,0.25542227713355226,0.25255286901774276,0.24968102712352436,0.24666397791062697,0.24344032012517802,0.2401796337013657,0.23672471224136307,0.2328762744340164,0.2291116867383719,0.22541916020464858,0.22152544799703427,0.21743436860546453,0.21335837900234317,0.20932914476660075,0.2051374582137062,0.2011609180140873,0.19738045073203986,0.1934215302225177,0.1893227032656862,0.18549331552202344,0.18169282640196846,0.17801539402530844,0.1744482783895486,0.17110639170315237,0.16788248218824106,0.16475560316035828,0.16181062237179344,0.15903126497128284,0.15635265446668914,0.15376478213320063,0.1514073739391732,0.14908772155779618,0.14660469103658277,0.1445638671461076,0.14295491997703771,0.1412334169074264,0.13968520388442995,0.13818835207188018,0.13656246153553342,0.13518403687101527,0.13414843649491473,0.1330008716394401,0.13177308707889007,0.13077204158243969,0.12988933411227802,0.12903285329188488,0.12819543655850293,0.12752497365895302,0.1268494791495295,0.12607466268962533,0.1255050007354247,0.12517501411326656,0.12468832957959435,0.12415572618432939,0.12371918300276513,0.12327914301055999,0.12293234733947543,0.12269219646507908,0.12242877953906867,0.12220852467286637,0.12197428311971006,0.12170614639460334,0.12153913866522817,0.12143431248343875,0.12131829539749021,0.1212517075435103,0.12120133238264652,0.12113360203046566,0.12111093672043523,0.1212070385082326,0.12119819324498676,0.121079369712909,0.12108477944164872,0.1211792714113667,0.12116093777945633,0.12100837738294239,0.12111106293537606,0.12136022068863103,0.12147733936426873,0.12172148098531523,0.12196330559193777,0.12199560747532723,0.12213765181295874,0.12240572873863718,0.12276043491909928,0.12304673726315109,0.12329570734701371,0.12360139309691344,0.12389836490898193,0.12433839573304474,0.12490468043638547,0.12530743593077712,0.12566989368886813,0.12622393398101212,0.12678237452456526,0.12731289042337596,0.12798887343089368,0.12866435202241827,0.12922369631854613,0.1298772135547959,0.13073844909758126,0.13145407423982847,0.1319946388257696,0.13272495007260268,0.13361912449023733,0.13435077079433363,0.1350529116906896,0.13578187471341738,0.13641059576347656,0.13712103596496864,0.1378513881724382,0.13870693725470698,0.1397409196295569,0.140570764258114,0.14137004580528312,0.14222168382899023,0.14290952265100262,0.14371348619291166,0.14472437432701118,0.14562263644229553,0.14646370631566183,0.14729489137738278,0.1480835139760402,0.14890792494175106,0.14971691082418137,0.15054785327769954,0.15140033109635265,0.152282440434939,0.1532050463857321,0.15409918398998468,0.15500352692650524,0.15591582726261116,0.1568811893728505,0.1577323005434616,0.15844943201829137,0.1592794144348837,0.16012408515027612,0.16090420400492556,0.16177071938751542,0.1627827430648776,0.16364935805642603,0.16444343432864997,0.16526716280932244,0.1660829892644183,0.16689539909256,0.16770409660153868,0.16849215550503846,0.16923175648482416,0.17008512266854084,0.1710386672029339,0.1717910791048402,0.17246173681118204,0.17330423289393662,0.1741562973285646,0.1748466025537886,0.175617521485372,0.1763385569272502,0.176795500764282,0.17743850285500584,0.1782312219439151,0.17904226495040812,0.1799099810925242,0.18061674695937233,0.18136610053383043,0.1820537831917472,0.1824505561968019,0.1831449587335883,0.18412970283670327,0.1848430556001469,0.1854802851987645,0.18617858645236218,0.18677039432863096,0.18741404788402846,0.18821314461238278,0.1888529300838468,0.18927774713277892,0.18992776358363084,0.1907397150337821,0.1913594967549154,0.19194515466210918,0.19260208738360798,0.19317599745005642,0.19374920825040162,0.19446173934058464,0.19506619800197103,0.19545861917865318,0.19601844458243237,0.1966823330349938,0.19732102433182003,0.19808926852542133,0.1986665976379456,0.19907504748968996,0.19961511477083835,0.20015192236296375,0.20063191523977558,0.2010893096077814,0.20167291491897396,0.20230065424328902,0.2028438833866539,0.20352068714193192,0.2040868866732017,0.20439406465788484,0.20487820533567064,0.20546635115299267,0.20604653553198854,0.20679735362040408,0.20732040142261107,0.20756736211894347,0.208091933104093,0.2087468889478675,0.20922129078649912,0.2097112695267571,0.21031164930323415,0.21087043554376744,0.21131773779702454,0.2118472941767921,0.21239145518667102,0.21271129881471174,0.21314093357539873,0.2138616866498292,0.21437801608546456,0.21463516057327947,0.21508401145866476,0.21564556453992703,0.2160940180001217,0.21654929864279474,0.21704534860139865,0.2174795254446563,0.21790021896477674,0.2184156270785832,0.21889597899080862,0.21926912509266946,0.21966306086925955,0.2201037324671498,0.22051003210161926,0.2208217245260054,0.2212540309972429,0.22183535937738033,0.22226184699757195,0.22270224464932362,0.22308137023541338,0.22318195748052416,0.22349990062259695,0.22400397229515503,0.22439369047383229,0.22483144815933448,0.22525198612637104,0.22564452286595796,0.2259480348143307,0.2261058948254256,0.22644078846407173,0.22684477286304955,0.22715538748267483,0.227612818944396,0.22798420905856873,0.22807104439506962,0.22834512550923805,0.2288786508658079,0.2291796801635881,0.22930744745076276,0.22962075312198002,0.22998035676309017,0.23019264754322036,0.23049762634322646,0.23075156217276768,0.23071071314079328,0.23083539295758754,0.23115134289378444,0.2314017371593851,0.23172519225397933,0.23189952809706554,0.2318710134844259,0.23200922590335155,0.23223511615958897,0.23231728426676734,0.23239721809179065,0.2325194112058275,0.23252003379768377,0.2325539979809709,0.23273087553902308,0.23280481909489226,0.23283676974201584,0.23277521833508033,0.23247083074165859,0.23247456636910438,0.2326814121821367,0.23265725611364124,0.23273918502549804,0.23276866927407,0.2325022698856316,0.23239646481859083,0.23248950652841144,0.23246535710705976,0.23245992202773116,0.2322696023925696,0.2318079554103066,0.2316750913705549,0.23165869600536063,0.23149608988898915,0.23156242922312312,0.231385048601227,0.23075644522913294,0.2305305455329249,0.23067219541544828,0.23034618429371154,0.22971903505692665,0.2295281103772051,0.22941486390772126,0.22909987864403228,0.22906423573165743,0.22881080085350153,0.22801142479838168,0.22764873596612917,0.2277418084381954,0.2274506448682339,0.22694284440500687,0.22664557024391374,0.22627559831474275,0.22602611419216143,0.22610494375511261,0.22577254455894838,0.225147221227137,0.22488506472582465,0.2246370820635298,0.2243016537651698,0.22420178063628957,0.22387192238560305,0.22316203645953,0.2229089431200085,0.22296400083450238,0.222679432888016,0.22238626702921258,0.22212202186213373,0.2216836818410338,0.22135743579956227,0.22119671057238885,0.22091178027970607,0.2204688560954574,0.22031908932074726,0.22011939655994844,0.21942120577578764,0.21896712216561656,0.21869853043293522,0.2183429019232047,0.21826152803613807,0.21803045025409099,0.21737311153138125,0.2167659780076232,0.21634418753969573,0.21593042829064754,0.2155385360678039,0.21530299816179949,0.2150524964441108,0.21480004920123036,0.21460738382818467,0.2141643355387138,0.21375532243277776,0.21350263766316308,0.21300766119137066,0.2123743327629511,0.21179153081089597,0.2113740280180042,0.21129177650736353,0.21095755607193584,0.21046518260661076,0.20999399569107147,0.20952973100685235,0.2090235561095393,0.20840595770726286,0.20800114758808483,0.20766417049891808,0.20713443637975165,0.2067213737767492,0.2062901635219628,0.20560782607598788,0.20509646784418428,0.204783211810844,0.20436002042945,0.2038762116885828,0.20342750864338144,0.20306101472268875,0.2025411324969633,0.20180059172181025,0.20134347700160948,0.20099223177067344,0.20094565873836054,0.20073256099955064,0.19991227585960158,0.1990566485970477,0.19877047564932424,0.19865058339889388,0.19841416981367238,0.19815114230572697,0.19775187602623895,0.19736093767571208,0.19730451077356062,0.19726069402893148,0.19680551631829216,0.19617702317279423,0.19566429120325327,0.19546826226061667,0.1953583417930121,0.19502676320493886,0.1948999066684284,0.19499615999673078,0.19484396562612433,0.19463367879312854,0.1947450069065059,0.19475238283864327,0.19509857844418202,0.19503741368286687,0.19439257863873485,0.1941691611695927,0.1939646818575442,0.19395401756668282,0.19433682260244586,0.19453544301122416,0.1947469431899055,0.1946759981731194,0.19440087861193395,0.19432700591808405,0.19436985408590046,0.18137312891040924,0.18325255870735271,0.18336386289617945,0.18181866001305644,0.1818210611874389,0.18148630338247687,0.18145021745380674,0.1815880320322809,0.18280389148033285,0.1826845947882028,0.18152930769716283,0.18141149924353525,0.1812292836055326,0.181641444655302,0.18251538094164563,0.18224183638557737,0.18233672461165776,0.18273165425944018,0.18278895765576197,0.18302654326939358,0.18312383539908886,0.18295083913808063,0.18257199696321702,0.1827449990547437,0.18284635586341313,0.1825838220199166,0.18260450971324885,0.1827755789580798,0.183079825705955,0.18310278917238323,0.18356809831014034,0.18328807031549588,0.18218652257628273,0.181356933408656,0.18086572107218632,0.18054045328068077,0.18083203619613245,0.1812452865058363,0.18107845612453016,0.1805447109690444,0.18018105192185577,0.1795726902152426,0.17876790639893278,0.1786577938338077,0.1787971902065562,0.17867369549492793,0.17804167679694424,0.1761955740166571,0.1745279094249363,0.17353763328814534,0.17265922519515586,0.1718552610861179,0.1717179374768192,0.17095234000496173,0.1694675679666795,0.16827779355466066,0.1665872212096104,0.1651275153234215,0.1636712581896073,0.16149355626578918,0.15958299668505568,0.15794161184510982,0.15618024126764118,0.15409046254375178,0.15209164643979356,0.1496995180492815,0.14703096253589623,0.14433631068254996,0.14154010421023358,0.13867608182184898,0.13591405218028638,0.13324349499784846,0.13058533873002304,0.12768904201658565,0.12469632488452244,0.12180706957490732,0.11850371123533342,0.11522521104756223,0.11229934878220238,0.10913584550328402,0.1063395494425287,0.1036249916109053,0.10121092453783788,0.09834975000061082,0.09537052826988215,0.09215846756491207,0.08863717403294322,0.08584717514211078,0.0841243688971606,0.08229599869052759,0.08017049641608873,0.07845864938544463,0.0766747054467474,0.07458486910493163,0.07257615098150322,0.07142099704284138,0.07032469924122868,0.06901842917037238,0.06833286233796784,0.06741489134357104,0.06574272054662661,0.06478437751815251,0.06427512949865186,0.06345912574990122,0.06260644230602745,0.062407721687769126,0.06195930160971989,0.060671829559889416,0.060296685720420545,0.0607114182322295,0.06028501932041159,0.05951284854419644,0.05910499841623648,0.05834715729744487,0.058025079271469195,0.05794009540113612,0.05847171145792481,0.05894984746092556,0.058878925757301755,0.05827108070762144,0.05783485643932387,0.05777165560604782,0.057592699866465306,0.05758988562958315,0.05808148217240622,0.058478106408795374,0.058986864335577274,0.05908855559893751,0.05897535226138142,0.05897551752736701,0.05855237020664172,0.057889267273331484,0.05803049283016521,0.05838114428272523,0.058409324989706586,0.0584872920163528,0.058355167891531695,0.05758709249242108,0.05759819122433123,0.05787319279251484,0.05841476912794185,0.05889529502172121,0.05917388617994627,0.05869968220119475,0.05810341944956313,0.05853310744951068,0.05892530133662082,0.058981419703218324,0.05911311944767255,0.05925690564951247,0.058880274397152134,0.05883427812666191,0.05891778361991763,0.059482848715437873,0.06013919087625605,0.06059245937524938,0.06078878282088853,0.06081819614715746,0.06094858999141315,0.06048464844257838,0.060656018619146566,0.061759365485841496,0.06204304988111834,0.061970977540895464,0.06196890038278962,0.06213049665478661,0.06186015549527531,0.062088940355160556,0.06286996259883607,0.06310181218086011,0.06281372462754836,0.06330069677068818,0.06432033583332442,0.06456725458500845,0.06469815998442109,0.06509179652014188,0.06512902854467228,0.06527731111121511,0.06574701860739533,0.06579216699034227,0.06530519526826375,0.06520443865421208,0.06537880164891048,0.06603376691519737,0.06642733974576635,0.06691569804750053,0.06731348030931573,0.06769551400924838,0.06804246696335409,0.06832795289942163,0.06864423577929771,0.06948097303297197,0.06995343974314779,0.06996415685920764,0.07012086287555964,0.07037517248823164,0.07017791152146619,0.07026205877437165,0.07070409519473167,0.07122061820600742,0.07172010237550784,0.0721469839830368,0.07290448119177934,0.07361319837257602,0.07378964051250664,0.07369448955410746,0.07371830179950453,0.07361940886047107,0.07392159489907678,0.0745843783900376,0.07484132815486667,0.07490867059863947,0.07543165912485275,0.07625017886369316,0.07653278716518792,0.07670011662235263,0.07721098539502787,0.07762856266114486,0.0778150977014451,0.07771641925264855,0.0779145754231218,0.0784080580677828,0.07872035420444484,0.07890131016759556,0.07964203048946193,0.0801531244735113,0.08001696919871266,0.08016781517238666,0.08087555967837932,0.08116925721726985,0.08075749219387199,0.08104600086176045,0.08150895297160878,0.08216797506301778,0.08237086637581376,0.08245460071127401,0.08271044923276065,0.08275092052711358,0.08289108763560565,0.08348026022732997,0.08374936664748027,0.08344391644942789,0.08353785135094162,0.08398906193201704,0.08425508056014998,0.08429358574382666,0.08472548850580698,0.08540038181959839,0.0856847964009718,0.0861543161998147,0.08704502382585279,0.0873784734393725,0.08718582216603055,0.08742606140055104,0.08749816262504355,0.08782005742842443,0.08899453205271653,0.08926319355280497,0.08890739264516133,0.0889172040222818,0.0884483065533083,0.08818074477992256,0.08836305311463344,0.08913228163054625,0.08950911468478813,0.08994728839586602,0.09044500773655686,0.09129615906510137,0.09132550696333883,0.09069328874836927,0.0907093675296465,0.09035768065046133,0.09039952275461023,0.09130069488603905,0.09179772229732075,0.0919352075707136,0.09229388791855912,0.09271230744693305,0.09327530441786437,0.09373471617105661,0.09430249774789064,0.09467463418124747,0.09502683405145251,0.09516535895050031,0.09497680383248629,0.0950297469250182,0.09491587992507224,0.09507055514080436,0.09571467945519745,0.09594781734886304,0.0959083673650154,0.09611744386813433,0.09652190147027565,0.09643653273758383,0.09654806434768,0.0967771353145663,0.09718366318742917,0.09776677762131251,0.09782068358994661,0.09758311932914979,0.09786630475044243,0.09809094406165057,0.0982529451491377,0.09893225526242269,0.09935525627670838,0.09942783306618391,0.09936649185024393,0.09872543677774995,0.09918564517357803,0.10002873765436802,0.10030512554388483,0.10080143651910811,0.10218885153511556,0.10247549183804937,0.10167387187112475,0.10176435266171241,0.10208577504475184,0.10226249198906934,0.10242003403021882,0.10291122297997253,0.10388389293402664,0.10415437492009062,0.10414956567107048,0.10445507171968399,0.10464371792034906,0.10444595002040417,0.10381638614083906,0.10407867600611885,0.10448338053373514,0.10483064359827837,0.1048798602717325,0.10516769556091464,0.10598591952300368,0.10686533078351411,0.10704578416108688,0.10781527689420571,0.10826080568852718,0.1071265560766378,0.10708487037544544,0.10838164600127555,0.10885934406870201,0.10892297303634339,0.10917051435390664,0.10954448693043908,0.10945296312493766,0.10940297842358591,0.10952553719539318,0.109643434562338,0.10942335071797758,0.10997652070990385,0.1116030665851021,0.11163924424833792,0.11081733476701112,0.11117152164252288,0.11122601740209216,0.1113249078870215,0.11298188932856658,0.11325120797084741,0.11163836654945641,0.11135574200448592,0.11139548211346996,0.1115836730063194,0.11263991907841148,0.11327440860629938,0.11401726733604978,0.11432039323890043,0.1143805935367731,0.11408564795617437,0.11394583953658317,0.11355880251921084,0.1133482907422772,0.1133528433696988,0.11301550892471292,0.11203516141793851,0.11211297186969552,0.11279354849435835,0.11309752248583578,0.11365895245094222,0.1143388955124117,0.11530559782182938,0.11552737170235493,0.1153121403542153,0.11572903984158332,0.11603441794951155,0.11596063706468444,0.11626579741413379,0.11665435829042896,0.11658334098158425,0.11541831343147169,0.11541123263651072,0.11632731759070708,0.11613084743750433,0.11530835183545889,0.11549507695958286,0.11576362232581015,0.11580112904765312,0.11668581660824566,0.11682312718281251,0.11562819689847237,0.11570116005651265,0.1166336229464353,0.11708890118348472,0.1181823024275267,0.11845317225121661,0.11783317012858156,0.1176190297386838,0.11696989089141142,0.11671098916056928,0.11684907884625606,0.11701482024737955,0.11727051206315235,0.11765978188000308,0.11794207995442982,0.11850667056292685,0.118266872950099,0.11738632449958157,0.11724385358250902,0.11662541273945984,0.116790885581467,0.11840434131332903,0.11858252042370115,0.11826567906001409,0.11800929679304745,0.11681828266868634,0.11627742232403737,0.11655548447281913,0.11610431255778057,0.11494591673680338,0.11462122944533748,0.1142234196277453,0.11409030082168735,0.11493251774974031,0.11545396900931802,0.11618407546754828,0.11650742967325743,0.11540599941950457,0.11422149226123161,0.11382515818214003,0.11272403660894262,0.11189549055206342,0.1118684582365403,0.11161511387030194,0.1107795998934543,0.11037397400880754,0.11070538219196363,0.1105087966816733,0.10968370790182135,0.10940351832279596,0.10988039627860025,0.10934619499512487,0.1083143867584803,0.10763394710674323,0.10592435072151007,0.10553252812351538,0.1069198951316953,0.10664828139664191,0.10563537977721331,0.1054786853259556,0.10502169284674535,0.10429758452519383,0.10432911534321448,0.10403916316380687,0.10250057905625971,0.1020865172772932,0.10234733827379325,0.10207273947404669,0.1017908744726083,0.10120699777603276,0.10033721702342198,0.09968999428167426,0.09976772102159025,0.09988246673621505,0.09960720651719433,0.0992189792843094,0.0992768132980449,0.09948094236633087,0.09906485257309583,0.09866783905211064,0.09837390418329904,0.09714323518642286,0.09688045202237276,0.0979541643823835,0.09804292028854261,0.09771587110787137,0.09753940591775741,0.0972767992647803,0.09678506988333667,0.09579731089646405,0.0956247144298061,0.09607850920981116,0.09554262637141081,0.0944666645668482,0.0946291165466905,0.09501037009075822,0.09504012664787517,0.09660959879503503,0.09690326966332767,0.09532577431951002,0.09447627943393867,0.09400091877133504,0.09272885686862659,0.09250133811742837,0.0927398334541456,0.09268297642884814,0.09324225437103725,0.09257032108950694,0.09157210644476632,0.0919370833472524,0.09198623443488091,0.09142189543138761,0.09182161135764573,0.09113583240212994,0.08964397729110592,0.08946043042232554,0.08918642406062302,0.08918196711361034,0.0897849856151866,0.08894428081991607,0.08721724407085996,0.08704293573410059,0.08666619101982409,0.08675059130633225,0.08862417866113234,0.08878465499301459,0.08705649685677744,0.08752108545477404,0.08940396295394988,0.08980515273145726,0.09089246431120275,0.09054030134257327,0.08780735537226016,0.08722271388925973,0.08762850573270699,0.08712745839608242,0.08702058053710386,0.08624317358845454,0.08381908399547436,0.08342344880566081,0.08472562639721239,0.08452018114611778,0.08401623893854032,0.08392679890912244,0.08319470720254231,0.08304639456093812,0.08435891917567243,0.08436746373880007,0.08263091891236445,0.0826951771619417,0.08368807921951468,0.084163285243629,0.08719071162171478,0.08683624778270133,0.08350319397888677,0.0802073094132693,0.08000951050279086,0.07915872409810064,0.07917299499402064,0.0818828965301027,0.08341127441976966,0.08353213845995613,0.08340221723990586,0.08318821410397871,0.08329441996572462,0.08224851121454142,0.08249591419700347,0.08392113799540969,0.08097420999925811,0.07744934343532793,0.07614282657639451,0.07641985478738479,0.07975447992042443,0.08093234571613463,0.08120849512675284,0.08139840825974111,0.07979742014895297,0.08054440290652118,0.0801045446933935,0.07768989838424728,0.07604511970419565,0.07438052782769067,0.07404099917944543,0.07413760957786125,0.07531601465196879,0.07687949057659489,0.07523598290805482,0.07471435008687974,0.07623200022385827,0.07526222920493549,0.07449648756397252,0.07549600275515604,0.0753085861818408,0.0753805873295945,0.0758193496184776,0.0743614474116995,0.07356036493470086,0.07296049337090128,0.07226834035109948,0.07294169712640945,0.07141473855844245,0.0701031371291241,0.07100939846132405,0.07144259242322647,0.06966073671646368,0.06663142014127034,0.06679112064121993,0.06946827134759848,0.07383828198549489,0.07658787845345322,0.07446855757283556,0.07199527591799547,0.07163120398898522,0.07022837355938967,0.06794735129711058,0.06897331369929312,0.07099028759002393,0.07113248406177995,0.07047623863709378,0.07089821247609858,0.07142594955789502,0.07013723299168007,0.07038873710429251,0.06888602788953181,0.0626297318233581,0.06025850022618173,0.062067848744801556,0.06436742818993636,0.06904252940296984,0.06907169900544946,0.06726788678797843,0.06782893830066766,0.0631633468301546,0.061791233547737176,0.06536223539436617,0.06404770230690117,0.06039101763450536,0.05983956675622848,0.0609106377930157,0.06073189724083858,0.0644610104554938,0.06762627380670974,0.06370134935028772,0.05945817967603302,0.05617023749068343,0.0564023513775164,0.05889811756052099,0.06159900846131681,0.06589571897632583,0.06418084310678111,0.06125307473961196,0.06048738619354121,0.05847369234101158,0.0586361131730291,0.05684766180822509,0.05427098120144458,0.05490800961659646,0.054723357530897916,0.05755512834887746,0.0598015712531889,0.05604147281363033,0.05734608146890243,0.06057546435294669,0.0597433840201296,0.05883879989165802,0.057129460733739666,0.05779387949163869,0.0578955496960787,0.06186667383442518,0.06478194502735805,0.06413911494644013,0.06334592783981538,0.06640162978184805,0.06662490651844839,0.06043908861830973,0.05958359918916182,0.06202629739372415,0.06086589531706406,0.05951011835598679,0.0583409121230297,0.05724039749535343,0.05379161240364776,0.054544026710569855,0.05391384122794672,0.04673202175534281,0.046675246842798335,0.05143532191715064,0.05607272606705014,0.059983314581144434,0.06607427132875945,0.06586878627363307,0.0537258892886501,0.048544129963657916,0.04800472183059705,0.04362783841229221,0.05185005612970913,0.061115216447375,0.051785658987379496,0.047633216112822716,0.05230639952316074,0.043894599827342076,0.041002657830194446
33_7_PETCA_1_T_1_00000,0.11345752071710827,0.04179635360414165,0.07612185717576889,0.0831037187560519,0.029875977071073027,0.011478249752532773,0.02860870185282892,0.06035986953721811,0.0683730663612229,0.040614196710940784,0.048868888359669474,0.13063074375331032,0.09420134949599292,0.05749165393830701,0.07376703999768876,0.0757706115216516,0.07413389050675645,0.07061081017602734,0.06402544370579323,0.08515250015669816,0.09843238011257818,0.0671075411520123,0.047615879914054304,0.057027467037655655,0.08492446546289459,0.05695896801480273,0.05428232439314554,0.08145413148272948,0.0821795804357162,0.0775630243633829,0.06884044256069044,0.05564089799751252,0.06869076271494758,0.07856819973308157,0.06587510476938767,0.0609594805742031,0.05780701196270939,0.05672754631839689,0.06758797343207448,0.06386449901674338,0.05585612309587917,0.06626596244565709,0.061702741121052486,0.05651480109757754,0.06426389996720921,0.05924184516123407,0.05591957383955791,0.059126721810958634,0.05649265410580821,0.05409256397386452,0.055113301387322663,0.06130899771015705,0.06098271199503705,0.05591888734911249,0.051311947830794125,0.051221753387964176,0.050385717016368035,0.04718561480538465,0.05003151677330008,0.055262205105872805,0.05888776320905966,0.05568624177192594,0.05441537399902686,0.055612724523881635,0.05665927821475132,0.05318551492108496,0.050556856133478045,0.05236483379308492,0.051072237458354874,0.05447803314020518,0.06131033057068881,0.054772110812217646,0.05168316369572251,0.05324056442704222,0.05264394511685146,0.052703129329650225,0.053735965316429,0.05516070204693559,0.05389657768064368,0.052520769497486235,0.052464369509663426,0.051212680870638606,0.05096991144507487,0.05218473455833079,0.05375848760472284,0.053631470274433164,0.053190924464708675,0.05489055110616203,0.05425162002342425,0.05256075543410811,0.051813664436526644,0.052797543782807085,0.05379001897518549,0.054058979931284036,0.05491608994816977,0.054077594846045095,0.05265126827781293,0.054210497068129644,0.05527210859094124,0.054799380358735356,0.05293277171639413,0.05316101534778772,0.0542482746031121,0.05503142093521396,0.05664400093066301,0.05673997775285845,0.05570886259081259,0.05804523493501291,0.058571542403996125,0.05729326134696781,0.05661432623763746,0.0553467572635732,0.05479287440572635,0.055863329398547525,0.05444110041816479,0.05407484369689861,0.05639631100496779,0.05779012379444609,0.05877753993231217,0.05936912520017054,0.05919729688805123,0.05890674549476685,0.05851326364914665,0.05793539142987977,0.05886533156034428,0.059927047946273425,0.06000029211787327,0.06099091221068393,0.06177977995765559,0.06178128412322855,0.06127682341178574,0.06145384324963036,0.061635012821273816,0.059781486026671826,0.05871101106190484,0.059281460258200566,0.06130562202128922,0.061305235393615216,0.061444790654399735,0.0630817369892672,0.06311171357878409,0.06319977015670855,0.06374279812099284,0.06336629391826744,0.06307591291410718,0.06293207443121662,0.06261365358446777,0.06336970900320431,0.0642986886780484,0.06428506076679548,0.06383566684998027,0.06423839399015012,0.06577145408628537,0.06632388366756403,0.06632361712489036,0.06630322008510828,0.06703765825404391,0.0682567671778907,0.06938369163027819,0.06976052892138779,0.07044983241564946,0.07147526645371799,0.07263734748479374,0.07365007999268183,0.07476783186473158,0.07610505971507885,0.07743428238601345,0.07892774364833322,0.08041581908173814,0.08141249350868549,0.08279426956722073,0.0845761529963337,0.08648207579346637,0.08853841392179589,0.09032929007343439,0.0916445286048972,0.09317386631027437,0.09462390942609025,0.09579385563477677,0.09653688486208661,0.09812522967241519,0.10003392243069263,0.10051298629363918,0.10175382816626106,0.10319321540634549,0.10371467352656152,0.10430189361180348,0.10497895265365077,0.1055650699175067,0.1054848080503756,0.10580958797729777,0.1067274818175339,0.10720676433449448,0.10745622462667315,0.10771884423018635,0.10831704966567603,0.10863113983632786,0.10883649492709573,0.10921211943789935,0.10933920881986241,0.10969111937423634,0.11037696135875105,0.11036656874564504,0.11013426348210531,0.11002268604637151,0.11035771590438977,0.11015516062322786,0.1095977191929426,0.10937702404120633,0.10879265572771228,0.10809078605726724,0.10757171446211836,0.10679209530346251,0.10596759517812265,0.1052779642541327,0.10481230671926507,0.10410059708894355,0.10303217033711719,0.10181697767454045,0.10082995357369008,0.09999365197179098,0.09904409055338599,0.0980260655361939,0.09709344581625963,0.09634303755317905,0.09553387570816098,0.09456664727875148,0.09358585919019487,0.09328697556746403,0.0927152453694028,0.09172451634569327,0.09073893652037804,0.09009269835645506,0.08985482247796259,0.08986151813176325,0.08906715201304125,0.08817045046193062,0.08782425558650614,0.08775122083699297,0.08737978299181742,0.08672577922944451,0.08680280207796473,0.08667860226791571,0.08630963329190405,0.08612055363447191,0.08593479317077099,0.08571269362384543,0.08542885027541006,0.08490171022960817,0.08468758945394902,0.08496074639969271,0.08469380410777755,0.08433884118587928,0.08416550055542764,0.08433233795292643,0.0839962741954497,0.0834130010595814,0.08334860322548443,0.08273748805801287,0.08223367588889667,0.08257806166269187,0.08295158363093116,0.0830065477449193,0.0825886874355657,0.08181948579907755,0.08121311745539776,0.08081624689815821,0.08022287942524994,0.07946473015692906,0.07877491912317407,0.0784068371242786,0.07782135976040348,0.07698215173112127,0.07604533945623126,0.07553094825255369,0.0751327916213432,0.07482425931389011,0.0751759259737441,0.0753678016619169,0.07549997997853249,0.0762699698380755,0.07637523090236505,0.07618866629028308,0.07645008248028677,0.07667011328165522,0.07667876047287671,0.07647108485491474,0.07642505317050956,0.07603789916850613,0.07536653757187768,0.07512857984495272,0.07499080189497613,0.07476008677957197,0.07427362058584468,0.07349753636461398,0.07292331847106097,0.07286656054801223,0.07246767126016396,0.07174303628870675,0.07093519927974919,0.07070794978940846,0.07038750110974905,0.06981944758491573,0.06920767434903685,0.0689009223996857,0.06864765890075317,0.06807157056794245,0.0676977554733948,0.06739462524730125,0.06696473980748907,0.06624128468230096,0.0655847130296609,0.06505794531198375,0.06428490588046751,0.06381136060491084,0.06353880046573389,0.06306164187668388,0.06258838235999338,0.062237523097226896,0.062061476173346786,0.06188073556206892,0.061519698803503296,0.061087971321432274,0.06137045334138221,0.0615485642824587,0.06152395522237094,0.06175390545331281,0.0618512154213253,0.06182609081951666,0.06183381442439454,0.062142752152278394,0.06246003029050389,0.06261568297076915,0.06302667689132059,0.06360222682111986,0.06427956650568628,0.0650065613944113,0.06598757654226853,0.06731739284578596,0.06902691873978503,0.07106773812523469,0.07317567514146228,0.07527118868788012,0.07832520784188636,0.08164123273307688,0.08487341665132166,0.08844110222585128,0.09267241943740889,0.0972989920037308,0.10161491925395427,0.10670195656779079,0.11201079069433022,0.11679740302721658,0.12219419150966371,0.12762761496957997,0.1327446489157961,0.13818163862502636,0.14360258775289383,0.14897547542426479,0.15456973126460916,0.1599054451233538,0.16509809806666045,0.17043245753467107,0.17576474156592625,0.18115965219899768,0.18659349719057988,0.191704795839558,0.19682091548025726,0.2019663026869799,0.2067388037929753,0.21152478533662042,0.21635967559177374,0.22113121587550505,0.2254718891855774,0.22962965447995082,0.23384366287641117,0.23765291564368554,0.24135491555589123,0.24501662199815086,0.24822295191635077,0.25132673559897317,0.25438053608096506,0.2572673197812399,0.25975507113086743,0.26217242876363,0.2648045798271954,0.26696239977679004,0.26887061517502686,0.27069373695073423,0.2723313111396054,0.2740118291988131,0.275632124003289,0.27683942944597745,0.27811213647673955,0.27945161932830714,0.280684401178779,0.28140778691609414,0.2820247782941517,0.282820173421852,0.2836942031579402,0.2843047655479459,0.28469714780976646,0.2852577562707684,0.2858336389938332,0.2863793708531322,0.2868680417879712,0.28730219862256196,0.28747729883025386,0.28741065225113444,0.287749818710354,0.28795950826694633,0.2879878054370914,0.28820971852437066,0.2883839988342195,0.28853922203308097,0.28877926693964706,0.28917636356224413,0.2893674161362689,0.2892392030965041,0.2894341965339671,0.28957839831798715,0.28955271065574933,0.2894452475700834,0.28957312458074125,0.2897893278404357,0.2898251227119168,0.28980720001899485,0.28982957309051816,0.28990918285458367,0.28986980621902736,0.2898487945111198,0.2899321435514939,0.290172621874733,0.2901217217173828,0.2899440701901329,0.2899505250540718,0.2900168415091105,0.29009347007638453,0.29014191432873243,0.29012799203930695,0.2901217424476802,0.2901186128755492,0.290060422713663,0.29015904765785905,0.29023570268150123,0.29010514088710854,0.2901884681693048,0.29022005731856554,0.29013646867518306,0.2904233762640942,0.2904517653869039,0.2902246698404861,0.29012553017525633,0.29005292086178414,0.2900486824346757,0.2901238984839399,0.29007042357464347,0.2899301649265823,0.2898493794129241,0.29020004505377783,0.29016571192440627,0.28985613965475715,0.28981083692425014,0.2898778386135203,0.28992489778649644,0.2898671437320486,0.289791603725063,0.2896838941176713,0.2896088140751089,0.289734568292757,0.2898424679972521,0.28985561262049847,0.2897746179901417,0.28981512620978284,0.28969714940108143,0.2893829301207131,0.28959314388138047,0.28972198693867557,0.2896498743639478,0.2896026362957889,0.28937142363276896,0.2892734128382759,0.28956765770395937,0.2896045296508214,0.28956158014703803,0.28954781210658975,0.28948212427228764,0.28950931380652106,0.2895919443648974,0.28961295804215254,0.28964662774371314,0.2896553011771431,0.2896300545423726,0.2896993520255482,0.28978064760047295,0.2898059779780242,0.2897173459479506,0.28989505496577034,0.29002873815341523,0.28975581840713815,0.2896497234688275,0.28975532194060943,0.28999222974316846,0.2901490718421911,0.29001757177941345,0.2898789247028923,0.29020626227156937,0.29013919047315645,0.2898662062866912,0.28971238277755446,0.28986940243774123,0.2901888318053282,0.2904828008518539,0.2905198645360384,0.2906343283919784,0.2905532859517944,0.2900750758557008,0.29020804499350367,0.2905421483832065,0.29074792138921257,0.2907346056542499,0.29057128273536315,0.290508337882994,0.29076350232875064,0.29036600987347977,0.2899496815133036,0.28998845872870876,0.2900486514884868,0.29043650848962593,0.2908254383518973,0.29051270518887146,0.29066149957408294,0.2909635816597255,0.29096423499482726,0.290801376693641,0.2909297065990927,0.2912285668580008,0.2909456205975515,0.29072404781040967,0.29063576786715145,0.29058669677797855,0.2904848783620053,0.2905705902956833,0.29075893435408134,0.2903868672856245,0.2902907332311073,0.29037424633862646,0.290249385100851,0.29033276929781404,0.2905079647081785,0.2906441633125066,0.2907184461472093,0.2905084599854756,0.29017706004284066,0.29009822494744286,0.29035787570438776,0.29056732221226694,0.290442867097403,0.29009036013892453,0.290233783803159,0.29068667232347023,0.2906336108988612,0.2904421043908888,0.2904615359890002,0.290786448578734,0.29067370414681665,0.29061451692857543,0.29058695110242877,0.2901496514422665,0.28996238828676263,0.28997178391496925,0.29002591254045706,0.29033590403902404,0.29032494963508026,0.29001205747085834,0.2900230775161512,0.2898569883603954,0.28972975235559095,0.28986360546565043,0.2897147950655319,0.28972284318272684,0.28993573103586817,0.2899413049177992,0.2898672972414658,0.2892773732490568,0.2881538364079609,0.2889947047830284,0.289582703812302,0.28923274997638543,0.2892095490948268,0.2890934384506831,0.2887419210314416,0.28814736119464335,0.2875808968071828,0.2874119449942339,0.28764319242926145,0.2878610097721705,0.28794959632121864,0.28776818042306634,0.28735912677419034,0.2874481545708778,0.2876682878108487,0.28753227659630676,0.28648912267369625,0.2857912680707975,0.28569214388888675,0.28590670290434733,0.285152314486648,0.28497611536900774,0.28533666677635483,0.28469788283329,0.2842679270325311,0.2842858108044451,0.28454191627183034,0.28401520425516724,0.2837666798844577,0.2842624209838243,0.28537626961057844,0.2855242339251574,0.2848330585064919,0.28401546982568165,0.2844655829018337,0.2842652281631005,0.283832427209752,0.28472661639891234,0.2843673015050988,0.28401468395261303,0.28440418937698103,0.28384592557513944,0.2840489837518748,0.28455731821048424,0.2842136855374168,0.28428993035037137,0.2841973421622946,0.28394596066922106,0.2847786141726336,0.2850901914838441,0.2844362796316452,0.28327528826199677,0.28440247087522413,0.28467359305374224,0.2838091300072294,0.28480866972997726,0.2855273798552914,0.2854838574231743,0.28505754959516805,0.2862870945917847,0.28676838558239326,0.2858960379230863,0.2845858113167035,0.2857533409779107,0.2931829891892704,0.2929869312021885,0.2925445764447108,0.2923181869342445,0.292350218736118,0.2926653032026968,0.2924008669222099,0.29301776535932733,0.293394358251657,0.29331369115983613,0.29339468382334605,0.29320910354591667,0.2935860576000705,0.29388967598902055,0.2942094636940779,0.29462987771726984,0.2946081965221397,0.2940979841610496,0.29374994468599985,0.2936057204409445,0.2932454939299813,0.2930523527399051,0.2932584224982346,0.2934964595634218,0.293665412873104,0.29379410841383297,0.29381602283091895,0.29365517226317006,0.2941080436918205,0.2944115983602222,0.2949269008230614,0.2951115400186488,0.2953414833286665,0.2948517626622955,0.2945878945076625,0.2950508060441134,0.2953748611809412,0.29569372729699517,0.2955240057348489,0.2950463916157184,0.294783516420203,0.2949188501651723,0.29569985763013945,0.2963429413374312,0.29686881686707933,0.29695958155442026,0.2967238474720136,0.2957222440577702,0.2951110306382915,0.2947531316959617,0.2948474031178088,0.29572660753512614,0.29652321743535065,0.2968962139432516,0.2970796587641923,0.29727985697804993,0.2971443608138519,0.2968433380086093,0.29622390612407556,0.2956117099113677,0.295529997466975,0.29582597819029116,0.2960807841028196,0.29652234802286015,0.29679467440418095,0.2964390934749328,0.29642562587763926,0.2966779670014516,0.29671678585205197,0.29659618030475804,0.29663242887522306,0.29632622907908396,0.2958540153201979,0.29609434706179466,0.296244354473713,0.296275975639682,0.2963591187131697,0.29675897886076946,0.296610846700202,0.2960083549817869,0.2958213385662665,0.29579309335193593,0.2954444392997046,0.29557376588653583,0.2961026605378639,0.29617318744810633,0.29593987511253683,0.2960517676455195,0.29598155651880215,0.2954795929847631,0.2953726175858111,0.2958781719329534,0.2957922443454182,0.29529062300062214,0.29546695828375447,0.2954060453363945,0.2951605379382619,0.29564939330794315,0.29530598937911334,0.2946099315577138,0.2948197852067295,0.2947165092125831,0.2947394101763052,0.2950655780003785,0.2946289076383613,0.29444920768517313,0.2940454864895845,0.2940395370332996,0.2943706927107285,0.29454768992115243,0.2942430750031644,0.29399670472886386,0.29353134469213077,0.29345332172077815,0.29396788628901027,0.2937459490689064,0.29311997432494213,0.2928735706643046,0.2929055759449232,0.29323115788429827,0.2932822353480701,0.29378804728959956,0.2934750610100769,0.2921376773038065,0.29174527031621733,0.29156717304106167,0.29149759212407167,0.29150195860938705,0.29122208495838886,0.29050860994953487,0.28974924758512327,0.2893131797167406,0.2891661299584728,0.28898831671008074,0.2886771364080055,0.28810975405379463,0.28735436302910294,0.2866274816989878,0.2857105234474072,0.28494615615995406,0.284334613372444,0.28356813050102814,0.28269063398761285,0.2819181475940669,0.2812303623567942,0.28073235631469134,0.28053457893238143,0.27997009931345124,0.27911474503005423,0.27820030183799016,0.27739152134446715,0.27708825817890526,0.27670258096734957,0.2760218490645833,0.2754715647493312,0.2745977914899411,0.2741083017611847,0.2740015223078251,0.27371643555411296,0.27345330110774135,0.27312651033412955,0.27256206741353595,0.27240238741208117,0.2725754000016258,0.27249517709363225,0.2721711206322712,0.2718739677491774,0.27160621919746836,0.2713954227688414,0.271378699864688,0.27133348316224365,0.27127646464354194,0.27104187727881235,0.27087440196745377,0.2707636305593945,0.2707780800853947,0.27093989647988337,0.2707590762701355,0.27043893059324636,0.27034081746585037,0.270147827466931,0.26978083319626955,0.2698569836809371,0.2698327903741451,0.2693057754784578,0.269154293624776,0.26933610734308905,0.26927483439535166,0.2691369121549155,0.26895606016716217,0.268950817860205,0.268946066617403,0.2688548970435955,0.2688961875118612,0.26888887674520456,0.2685932003038114,0.26847713064837603,0.26852325428019475,0.2687084671300985,0.2686240744175766,0.2686189583351303,0.26874277345617364,0.2687092481712898,0.2687395088115474,0.268849778892737,0.2688221566371185,0.26888156074397546,0.2688763997728776,0.2687232879304766,0.26879510729241163,0.2690164589592867,0.26912764969605163,0.26938108314099957,0.26951552548559693,0.2694771722048731,0.2694963699729753,0.2694648503837069,0.2695456095920866,0.2697112287234739,0.269805078411076,0.2699332175645656,0.2702425292658419,0.27039033456251277,0.2704425437817094,0.27048923125245883,0.27033605733592064,0.2704362777193456,0.2706476520608588,0.27081620198654893,0.27109949635386255,0.27129766277892897,0.2714312537546163,0.27154072028853293,0.27171283680429353,0.2717913394482788,0.27165686561797414,0.27165468570257134,0.27160831099946803,0.27175559300607155,0.2718206481043999,0.27213901425504894,0.2725618097877765,0.2725317332495032,0.2724375069905184,0.27250255822524744,0.27253748852901544,0.2724182621417437,0.27251652331707105,0.2728828123073581,0.2729458786571081,0.27293960022259073,0.2729037643843135,0.27257442300288093,0.2725521098113676,0.2728166606193086,0.27282912624826416,0.27280381037076246,0.27284883392324666,0.27267686811025876,0.272653557742984,0.2727960366153267,0.2731436752209052,0.2729643742363734,0.27266017297693007,0.27280589515107156,0.2728747718381191,0.27287044988008946,0.2731613239627137,0.2732600502715205,0.27306404880633206,0.27292229853401084,0.27285760388884306,0.2727874656907985,0.2725401474448121,0.27243499024331114,0.27255245446348747,0.2725491194567276,0.2724875461519663,0.2723688339165589,0.2721529255310144,0.27208854585924547,0.2721893403563089,0.27199770099970827,0.2718531881328116,0.2718166092295957,0.271618729301655,0.2713413231086832,0.27117468493775115,0.27111913745923827,0.2709905726979736,0.270890461005928,0.2706842915934032,0.2703685455570524,0.2701453079999348,0.26982980541442514,0.2697110047247132,0.269962030363898,0.26974981906629697,0.2692743881626357,0.2689829721855165,0.2685112862643503,0.2681256845369963,0.267976555233598,0.2677090491922462,0.2673149069182732,0.2669541344226938,0.2666673989876869,0.26629267415168245,0.2660011011684899,0.2655543242988127,0.26517653615884323,0.2648451483474042,0.2645083897748464,0.26420556416516533,0.26371728053777765,0.26318700429388314,0.2626381275408061,0.2618832321147947,0.2612826124402887,0.2608561331498375,0.26024356127745346,0.2594870926327838,0.2588684430653416,0.25830625722400796,0.25763993874415436,0.2569726281370285,0.25634630390516533,0.25571572555772,0.25498658915592587,0.25420082554697315,0.2535251617144783,0.25295102203749975,0.2520860377029137,0.25139948334357887,0.2508860974094007,0.2500977701044267,0.24910565599319265,0.2482694077667263,0.24740321305930904,0.24658388872728776,0.24580895804873945,0.2450789261067444,0.24439350967884196,0.24366016407769042,0.24294065775647994,0.2422373008390064,0.24154489589206568,0.24078691170021235,0.23997554697803303,0.23926874200197507,0.2385345915081295,0.23783868501448568,0.23734042573680048,0.23667120691928667,0.23583362500131502,0.23510221603333592,0.2343808538835052,0.23364070243674864,0.23299462598148973,0.23227166805996327,0.23148904590320743,0.23060659033873337,0.22982176560183953,0.22910323533421229,0.2281961295171211,0.22721871034187938,0.2262985715399892,0.22537005089415008,0.2242522557524621,0.2231420832315316,0.22193398962918143,0.2205055376789329,0.21908900768236422,0.2177904062282608,0.21622172297325706,0.2145022573258974,0.21262020567183246,0.21056512483059164,0.208401316174123,0.20606731846609969,0.2036475125232868,0.20108726581155856,0.19848826768667355,0.19591598595627224,0.1930818125495158,0.19008295750973234,0.18701458741550095,0.18363528556443712,0.18034680954038435,0.17704066462377752,0.173797646396844,0.170440766673638,0.16700194713515548,0.16370528570603604,0.16038143552040912,0.1571028236011647,0.15387868558407167,0.15076752597264617,0.1476159718816203,0.1446681623876339,0.14194628014339286,0.13918228666183383,0.13636628368157155,0.13383007738362562,0.1314467711979495,0.12913830281265076,0.12696882371428708,0.12496508224563944,0.1231130257608823,0.12127353266109195,0.11952825564929628,0.1179492128769134,0.11646134025937348,0.11500905041090659,0.11369206770023686,0.11248950229162542,0.11136079018607226,0.11023366169588306,0.10912679427345581,0.1082397888487477,0.10755872022520215,0.10674396600961401,0.10597552248938169,0.10532397504938362,0.10471378717921033,0.10399271014606142,0.10338256137917663,0.1029732765270969,0.1025026496901149,0.10191694274729571,0.10148868252009707,0.10125560354010116,0.10088662224214577,0.10042166581146833,0.10011840539457724,0.09987486588566873,0.09963998748489603,0.09948936626521049,0.09934111969053347,0.09921505417707235,0.09905745753398872,0.09890213707598186,0.098791414549062,0.09863746345924061,0.09856311518466157,0.09863627335234851,0.09860123134976545,0.09851503839575876,0.09846570935231977,0.0983344696417303,0.09832370987001954,0.09844697543054524,0.09850069259114323,0.09858652764614419,0.09865660949345542,0.0986781627193698,0.0987115179190589,0.09868855162562519,0.09878372451205936,0.09898174514379297,0.09912742256910716,0.09927368353705666,0.09951701237336825,0.09976727424513611,0.09998125073057892,0.10024763707421704,0.10060852471022694,0.10094155425203111,0.10124089655108348,0.10158039361789244,0.10195037345373535,0.10238760079025039,0.10287885469953081,0.10329347830802238,0.10370469942782612,0.10421440665753323,0.10471808069540954,0.10521253858117341,0.10582530020338277,0.10636895140325173,0.10676874985515969,0.10731981445134554,0.10799786520878067,0.10861120872426694,0.10926569420662673,0.1098467882924406,0.11031961402106538,0.11092927352835412,0.11159595133521345,0.11221734456597476,0.11288139316093668,0.1135640544106542,0.11426005044654723,0.11487382848498824,0.11542075308554162,0.11609900251512568,0.1167928887281665,0.11744748208180637,0.11824895811431582,0.11894856390312497,0.11942064750126212,0.12006709573509725,0.12084064199343057,0.12156684308145138,0.1223784616998252,0.12311570057012267,0.12377019529629835,0.1244480909727463,0.1250692043526279,0.12575795021456745,0.12659241398069038,0.12727174143201073,0.12776462213951184,0.1284500780392509,0.12918357848997417,0.12990196084284916,0.13057277741673826,0.13138064000126173,0.13208194797721748,0.13261217183239005,0.13325904006254147,0.13400661061408392,0.13470826684032267,0.13538986363975125,0.13599026494345662,0.13657082929276596,0.13720454912282307,0.13774993934538013,0.1383818067397139,0.13915878789356248,0.13980947276389605,0.14037033325596893,0.14099854419819377,0.1416435523869158,0.14228442101542607,0.1429468649020915,0.14358238067652074,0.14420979717544608,0.14481747622137642,0.1454135071887585,0.14599644225572328,0.14656601852709442,0.14711337005803848,0.14760376130497044,0.14817774167061468,0.14882252653839162,0.1493545921133361,0.1498659367782414,0.1503995821409997,0.15087282517015208,0.15134049679981285,0.15177012811005308,0.15235755443202337,0.15308530054343852,0.153591246896021,0.15408079119989126,0.15462483028766102,0.15499905305298275,0.155443762157208,0.15606121700511555,0.1566019944304665,0.15702112669532237,0.15749632357134638,0.15803763198570497,0.1585747291448261,0.15914870763541836,0.15961000512033216,0.15993355228312195,0.16045407149214075,0.16110083238761408,0.1615500992687803,0.16203192158755675,0.16251021666274362,0.16272075805318473,0.16311658828495976,0.16384431815361944,0.1642730449144412,0.1643912709380023,0.16481670333494336,0.16540722280651268,0.16578334775570877,0.1661248450587872,0.1666381838962842,0.16709493161778619,0.16750566973937314,0.1681878674481408,0.16869114140650004,0.16884850612986974,0.16919768668062204,0.16971970938514397,0.17011579573921068,0.17044449451213842,0.17083509158780846,0.17115331518864563,0.17156852943947953,0.17224087365142174,0.17265099236699863,0.17281695413609377,0.17318972979502265,0.17358681154144712,0.17390556711806474,0.17431650815040833,0.17473506166429634,0.1750171482034236,0.17535308279959363,0.17588448434380854,0.17627167659289752,0.17648101024611132,0.17680012087126978,0.17715868934323775,0.1774578778193449,0.1777328206186317,0.17809876763573596,0.17852602255287736,0.17883959671700914,0.1792250643862969,0.17952070991759084,0.17951165287029036,0.17973896238109796,0.1801765971196172,0.18047042601113394,0.18076589484666528,0.1811093125294096,0.1813767531029624,0.18166054237825052,0.18209004067664616,0.18241047572688307,0.18261442258411895,0.18284769810805446,0.18297995880653106,0.18321995742075234,0.18367144455525025,0.18391229417237856,0.1839386169997736,0.18421043655323552,0.1846931462105205,0.1848347352875425,0.18475781038105674,0.18500128948487735,0.1852473481319392,0.18533447713905637,0.1855977596852543,0.1859393957182702,0.18611400828281988,0.1862170258905774,0.18650318585036252,0.18676599137647748,0.18680375704584065,0.18688871549064615,0.1871594451972679,0.18730197126675502,0.1872222953267924,0.1873082304175656,0.1875883687193806,0.18764533745416423,0.1876224900577173,0.18759835501936903,0.18727071796726896,0.18727944443260844,0.1876934554848748,0.18774064983949498,0.1876763928126927,0.18770754610224982,0.18754736295759405,0.1874953572914341,0.18770361903967822,0.1877209856603183,0.1875554435515328,0.1874518206028734,0.1873816350343557,0.18726868622405912,0.18707431989980966,0.18696535056465458,0.18685364281692257,0.1867810773486125,0.1869176972136658,0.18681303375501468,0.1864775593819984,0.18633748036112682,0.18622189120766985,0.18604513352325322,0.1860011487825816,0.18583040830158765,0.18541261081842422,0.18517877605792787,0.18510514661590852,0.18488141766735938,0.18460317002379428,0.18439833292887678,0.18414957311555016,0.1839155824646572,0.18375595655346214,0.18356846634632923,0.18333579298121025,0.18309698051274081,0.18287777666981514,0.18271207084271104,0.18252587098315007,0.18231769710274429,0.18222847711718113,0.18199826159251228,0.1815764433734758,0.18130945295152057,0.18119055014872648,0.180814599445518,0.18019951654587646,0.1800295729891585,0.17999158010833347,0.17976641393765092,0.17979174533798833,0.1796162735483644,0.17907013668280983,0.17883583559213867,0.17885586973842016,0.17858900752975285,0.1782426312878291,0.17768408615838632,0.17740734748068698,0.1773633496953012,0.1768638792094355,0.17652744787293267,0.17664270065742646,0.17645808075401123,0.17602968446903464,0.1757353684360976,0.17521426186788,0.17464536646350262,0.17462277096424564,0.17453957961827707,0.17407986564093425,0.17387855716760664,0.17380919495968558,0.17359234930674752,0.1732973855011465,0.1730560106998401,0.17273992290386112,0.17213830187854245,0.17182884523804126,0.17155930109957454,0.1712830534008452,0.17139851165073025,0.1712409715524727,0.17083883635752176,0.17043090619104356,0.1699168920966665,0.16947753880466865,0.1690252702085901,0.16862155537413567,0.16823598671202647,0.1678905280743221,0.1675970444434416,0.16725162266923804,0.16694088822609507,0.1666017966309961,0.16626909945199558,0.16588487233308113,0.1654124789838519,0.1649700729032019,0.1644258719737094,0.1640627969715575,0.16395633190587464,0.1635821361348246,0.16305957560462875,0.16261950385578502,0.16218636096479427,0.1617483481990279,0.1616784989243922,0.1614472014602686,0.1610306053360298,0.16094395164142977,0.16080104658494906,0.16036995032180526,0.15985493598036096,0.15958498843191973,0.1595517449427444,0.15935061818502838,0.1591864452741625,0.15907427328178878,0.15860205147295864,0.15837206574255347,0.15857633175949853,0.15841954367238703,0.15817328300649952,0.1580799527652257,0.15784845747321888,0.15793900716524387,0.1578757714419119,0.15776416414565395,0.1577126846495417,0.15757458460915882,0.15740945729157607,0.15725412246816464,0.15727237061998003,0.15737899224408172,0.15734096915323328,0.15726003221631096,0.15731061419611347,0.15740359508612295,0.15756635870014152,0.15769751853804012,0.15894722677430595,0.15990162587838783,0.16004365245285118,0.15942696533525663,0.1594489030462005,0.15948602474567278,0.1596730468158007,0.15983921532686116,0.1603523724920249,0.16018133666124393,0.15933780551450957,0.1592855304070031,0.1589592740643368,0.15952262460693428,0.16078775959741287,0.16114140394784315,0.16100920386830975,0.16069634058327126,0.1604842866764991,0.15970485849470625,0.1597292503072099,0.16020299087234308,0.16087384721576323,0.1610723348813497,0.16083937573047397,0.16012536069251548,0.15951178076797493,0.15941554540122238,0.1601292307406025,0.1599781719635612,0.15924889841451392,0.1591947130199839,0.15905232615242487,0.15921678910858064,0.15962592276097093,0.15964970231781625,0.15879757568458755,0.15815345969189987,0.1577358727311568,0.15756828861031416,0.15739777447363534,0.15775838522381114,0.1571351003856531,0.15587640187355034,0.1555160249750903,0.15516144262534587,0.15423265174835504,0.15389480700034416,0.1536264837549623,0.1527697333232393,0.15117360564992674,0.1500318627298182,0.14961060126974438,0.14861765427494597,0.14717835704484186,0.1457951637201503,0.1441454367904667,0.14306815797420394,0.1422964283839954,0.1407040755768307,0.13923056891763158,0.13763234066352592,0.13542563260962098,0.13246976513693026,0.1309551712578756,0.12970557501627736,0.12716044005012067,0.12515173783679018,0.12288570835270651,0.11990372305527099,0.1173470692380023,0.1149978667310436,0.1124882490214515,0.10975519649565427,0.10722088942323833,0.10433137255982848,0.10137711731108949,0.09882429056487524,0.09607451072200783,0.09300873152901003,0.0902344443728633,0.08763036190898287,0.08518293232515618,0.08281018510457713,0.08060712065502715,0.07859347958951003,0.07659493425084572,0.07430738530533437,0.07179954301867822,0.0696198701188225,0.06804158574730702,0.06635243886069761,0.06476370848504787,0.0635047347012982,0.0625055883135075,0.06103019510989182,0.05920668562176564,0.05811875646390965,0.05756548337529122,0.05650324288846193,0.05579583865471623,0.05519057508036995,0.05457136063516152,0.05391575385605974,0.053210161217924025,0.05309261368352282,0.05310928474828486,0.05268187925723104,0.052251643449067825,0.05209979382685793,0.05163845631011973,0.05090012802707998,0.05070261362151349,0.051060972135022774,0.051031663500009115,0.05098652179502651,0.05107875428340666,0.05134935651645009,0.051143069277338506,0.051225651473335354,0.05154559807349079,0.05117893141160237,0.05068012129106785,0.0505236028883346,0.05042772175644555,0.050514842163993885,0.05108542556438961,0.05114870832193279,0.05062714949387881,0.05036199834247044,0.050332751938414,0.05025031673146503,0.050523779875358485,0.050596269505192866,0.05068761036184434,0.05061041186216747,0.0506034686774721,0.05049528840546789,0.05064239539741724,0.050866144701341716,0.051043498845877826,0.050918857556494085,0.05143881930051563,0.05204777086570083,0.05181855934563322,0.051863582750086124,0.05231092137327256,0.05241470258977099,0.052023728832915415,0.05192450481527088,0.05198176492260279,0.051872458762608396,0.0513195583146618,0.0516295958523788,0.05219138569943701,0.052618047180965834,0.052714888217462924,0.052453166067477595,0.05266960908470973,0.05281304123892053,0.05286267755361948,0.053417305332870965,0.05364262865723282,0.053380050323890635,0.052991945168290186,0.05347195696242381,0.05427056499720227,0.054534432354374454,0.05460969388481799,0.05488601162643641,0.054916702012693046,0.05510756709498358,0.0556091060854732,0.05591880955033869,0.05620027755299471,0.056324073288879846,0.05624469841078178,0.056265707653233424,0.05693224821963203,0.057422220312269685,0.05720086721801216,0.057289010826093986,0.05741280906094111,0.056851714406808536,0.05684133030473165,0.05755460492009982,0.05795784857225287,0.058167269992372324,0.05849461497628906,0.05902131680263408,0.059482632922627954,0.05964963949053828,0.05978218154261388,0.05977810029823041,0.05993714509257312,0.060102481837851295,0.06026953812737064,0.06054706304670794,0.060953154887559896,0.06130861661598542,0.06181498840861557,0.06220075576719266,0.06239982078966108,0.06287813505933595,0.06310044201220869,0.06282742100492208,0.06277649808159318,0.06257424637951704,0.062647455939755,0.06293775895538073,0.06335701062406433,0.06386660265187297,0.06440674442800434,0.06547309743045239,0.06594353079873068,0.06601578326683484,0.06625689842887883,0.06627894199941316,0.06615913680802364,0.06638808708977802,0.06692312611421657,0.06730626991403096,0.06783699476833444,0.06802327752288284,0.06796963588795149,0.06817144369896125,0.06802231619005769,0.06834813507029157,0.06979617881502274,0.07007375663254849,0.06973159356172308,0.06937801241509023,0.06977248495212686,0.06969913822615724,0.06967040501667622,0.07025062859020699,0.07078375601313545,0.070781412824418,0.07088843129589129,0.07154921307923713,0.07221240193783686,0.07283838414039279,0.0729166517103217,0.07268299158981609,0.07298119942699895,0.07292064115697393,0.07315496990341488,0.07355536599569483,0.07375566291941835,0.07406659752769225,0.07371956309638625,0.07382808056816367,0.07468456748128428,0.07496054477203935,0.07464174369585452,0.07470744047675436,0.0749490106301325,0.0751690868488979,0.07527830971365705,0.07562376465473042,0.07617267507114596,0.07687026118459167,0.07712870127025344,0.07725114268030477,0.07764946046897808,0.0778412573548565,0.0781246979417204,0.07878477864809344,0.0792091822067721,0.07963617095730716,0.07962989412028328,0.0789402413795846,0.07915061473685332,0.07984024422623201,0.07986236183793505,0.07980798605239608,0.08030861794284846,0.08073971807893723,0.08049594035900348,0.08090938734760014,0.08255680121377543,0.08276821027429475,0.08201388448002188,0.08186503846866014,0.08124742348935379,0.08125152374974037,0.0819001471320407,0.08223255257541535,0.08283859960983433,0.08320795857890441,0.08324693323040365,0.08338855676719657,0.08336447552472603,0.08344524649115535,0.08392375530069408,0.0850800387496764,0.08509490199900535,0.0843692283644676,0.08487128068613826,0.08576765104000354,0.08569792474494045,0.0857877760324006,0.08626898802841629,0.08582862794771871,0.08582157419099976,0.08705439732720693,0.08784937489058059,0.08855176104552293,0.08842040796597825,0.08779247559845416,0.08755446292998072,0.08796743772412802,0.08829125263680947,0.08842543991214606,0.08947288658278328,0.09000828224367113,0.08961432646814031,0.08963059284127267,0.09012014427611285,0.09061650475890408,0.09116239060121174,0.09115877465460857,0.0907544611336958,0.09105499367992448,0.09147988018913293,0.09152427421825222,0.09239015513407908,0.0924365200034884,0.09258247291830851,0.09178099898788818,0.09196091269273744,0.09280451136192143,0.09321053313055147,0.09368205929935666,0.09388589472327794,0.09394007222932232,0.09397764751891256,0.0937568915977695,0.0937490411424901,0.09337554634420128,0.09375458740071925,0.0952043920765727,0.0957291606979822,0.09602847736087952,0.09662310647210746,0.09681065857342175,0.09610012245024516,0.09654205318343642,0.09807932365740997,0.0981699592578672,0.09765676536547123,0.09787773007575577,0.09795622785079233,0.09758865747423026,0.09753401355923101,0.09743904471420341,0.09615841471841934,0.09596484181486076,0.09720118717374662,0.09757326725258722,0.09748884099327045,0.09773200489476172,0.098356834964292,0.0983022580629917,0.09757570036164792,0.09747671728983695,0.09779486237961835,0.09793288166390422,0.09824294341470564,0.09964050399562606,0.10000886471214089,0.09942071079629586,0.09956174212383345,0.10003120544463652,0.1002402828275291,0.10081765224354143,0.10059105588555615,0.09920559572502742,0.09906676336863737,0.09953152461294824,0.09934768995512143,0.09914416452417787,0.09951182571037234,0.09971906276505212,0.09983895793875867,0.10072897118210983,0.10151401133271694,0.10195523261248027,0.10189920080929213,0.10164644236075648,0.10105097020630116,0.10124651017106957,0.10124035542692722,0.10150866230249249,0.10290236120371578,0.10333931309702524,0.10299290365341296,0.10302704580143124,0.1031427191507964,0.1032641343518514,0.10356461874318328,0.10350027353180738,0.10307316527550946,0.10290699702424053,0.10247431498988233,0.10236656867671798,0.10306892093048386,0.10313649378677842,0.10296173945519804,0.10258129031682574,0.10243644685863566,0.1017468914131127,0.10111198148901485,0.10014266095026744,0.10036753192048366,0.10119762046702752,0.10119509763532904,0.10159870064728496,0.10188515034865736,0.10150817182141458,0.1012823846556597,0.10146129403875578,0.10159600328745125,0.10110432122881993,0.10108796683766479,0.10200980677107213,0.10221106647577258,0.10235025285670823,0.10192620354208151,0.10028710700840762,0.09987305598715138,0.10002999416619786,0.09956153434195222,0.0994243582868791,0.09930262614432946,0.09805387449916772,0.09809846381590313,0.09882185611005895,0.09878358057106057,0.09883421848997319,0.09908588940898473,0.09856973097019713,0.09741905483551785,0.09668864651885663,0.09535300352645236,0.09468118420659025,0.0946261521891662,0.0945724699956567,0.09511886543043233,0.09472288949711315,0.09339191882230799,0.09325321508910908,0.09382624804280022,0.09335397231408679,0.09304981270112918,0.09266111733636405,0.09078319718861394,0.08989168335126356,0.0901296754275723,0.09014888010270791,0.09035015324744389,0.09015568753692906,0.08984176051724865,0.08951829041794306,0.08910194202135314,0.08909969169804123,0.089820557660686,0.09056931261600291,0.09043918888387276,0.09016173353251924,0.09002149014209826,0.08958097851471962,0.08935789704328091,0.08972895196457292,0.08936039795514969,0.08831239007626253,0.08769205827273709,0.08725059502434979,0.08645306886159808,0.08517050407451429,0.08504791258281608,0.08569676429531632,0.08502687870329455,0.08407586274305534,0.0841059029650999,0.08400000960598718,0.08320330801978065,0.08302866556054161,0.08293980142555929,0.08088440761727057,0.08080744564487495,0.08394618995435073,0.08428712440669077,0.08314733878529144,0.08309604542114236,0.08247310022944078,0.08177719611076799,0.08194221657107092,0.0816312446766134,0.08045386375103382,0.07918998777849323,0.07904983491239322,0.07927584141180037,0.07944725588638049,0.07903159127195689,0.07813434323805317,0.07867926781733234,0.08075269690840424,0.08134773499225972,0.08045235726778661,0.08019437671648161,0.07950577028821627,0.07925728210224009,0.07953107981028867,0.07895989337159695,0.07851872953620372,0.07643802441022039,0.07617831034668654,0.07729973217518524,0.07774135072525937,0.0785797469913628,0.07891565000649088,0.0791278077208821,0.07892444934740522,0.07822636262915923,0.07784840055898981,0.07706448683958413,0.07694122578209626,0.07732081754133606,0.07698787666341768,0.0769278270337869,0.07685438452671398,0.07581583136617887,0.07579817621190643,0.07635783072953069,0.07687013704628654,0.07914454403234929,0.07857124552629231,0.07520464086364914,0.07474710291405016,0.07489538475411793,0.07383291882029278,0.07358367485952313,0.07390521216300418,0.07269968273464962,0.07215391706724268,0.0744465286278813,0.07482927627483553,0.07220045981912512,0.07186143830960583,0.07382080489983463,0.07378969496315772,0.07312504918184189,0.07281169776296365,0.07273085746090856,0.07214038714667959,0.07255807265527853,0.07377935717758098,0.07413410541793959,0.07458725581662365,0.0755472937815648,0.07474617001406812,0.07129404407917928,0.06912603290491043,0.06964179883117316,0.06916027427311738,0.06853189109927244,0.06964791661110367,0.06903515563316182,0.06703001087444323,0.06932040589890359,0.07206072854151033,0.07003039300868659,0.06933908895295142,0.06919064862335073,0.065521714272762,0.06472461125970189,0.06666572840866042,0.06485924840638627,0.062415305202340114,0.06335507818458151,0.06479075793139723,0.06528366821947827,0.06443983522545402,0.060348989402828034,0.057727132440501344,0.060072416963458525,0.0627870299167989,0.06518392486452974,0.06645390317025175,0.0633972160883756,0.0620386813362049,0.06492674405585007,0.06487173716606642,0.06400032220701693,0.06455163406668779,0.06263149071378876,0.060545203030471055,0.060021417059162405,0.05955947277435609,0.06030653017117122,0.0631695473952218,0.0664325970698731,0.06812901129781114,0.0663382692521436,0.06352069639310912,0.06387499303641919,0.06566694705284203,0.06631059548941719,0.0672242386940519,0.06485097220022724,0.059679754941621005,0.058771427121083394,0.05789316226835004,0.056352645932496157,0.057646771577636265,0.06031893852012797,0.06307541549914457,0.06312873403104313,0.0607560439302327,0.05980712619866233,0.05944164630548398,0.05881737093861545,0.060989274960383456,0.06197005449588246,0.05899725593699327,0.05727032290339503,0.05904623149044757,0.060014023396136464,0.05800979984139321,0.05662972587118024,0.05562933096701848,0.054410401528049136,0.057802815213004254,0.06040714009099435,0.058954283689431126,0.05936210182716639,0.056973392392122936,0.056328640009619194,0.05899989917265585,0.05603789476182241,0.05466095305923397,0.05277500754364794,0.04991186333840886,0.056282799159177145,0.058493429932916015,0.05391399779290595,0.05485470951173114,0.05352340328973723,0.0502005675015529,0.053749915438591686,0.054722584872799775,0.05110973983422692,0.05154300263080946,0.05389750339312793,0.057234953721602234,0.05921677295680496,0.05832462084084099,0.059347440065813564,0.05956837614738301,0.056725202542573426,0.055228814966841754,0.05245065803975089,0.050349581565334256,0.055546586488783335,0.05518348240216692,0.05049749015411425,0.05042806152549256,0.051943097381941854,0.051887193989148345,0.0541665984977362,0.054774098514856394,0.050313941445319026,0.05228726123019167,0.062255839530398954,0.06460617089105793,0.06243317693884102,0.060382050321717486,0.05598887381012,0.05575458384173597,0.05492064586609389,0.054306585550172516,0.05064435271600405,0.046872610393631664,0.05382993084681418,0.06510835706313843,0.0619662347979617,0.05981600582245711,0.059808287881117625,0.05110985694238532,0.05069846854480548,0.05741920173732985,0.05706914696629886,0.05465787972552873,0.0549985202339609,0.05675175040275508,0.06056694800849984,0.06390008271268274,0.06579570088255034,0.06202857865422403
33_7_PETCA_1_T_2_00000,0.0780649925141708,0.10529017373026191,0.08763660414740067,0.0565818558654977,0.034455874590791,0.046750838084430625,0.05717103879317974,0.07076747700236563,0.10237915618360906,0.08285065265642814,0.05981376747767997,0.08083121252564088,0.06478442454146058,0.054408695054132296,0.06419340198288326,0.05180609597429498,0.04820265505349336,0.05798611587913936,0.07126504147381646,0.08739156170072125,0.09159492222903734,0.07449421033763766,0.06586211755508185,0.07162651702948745,0.08844021218248656,0.09880899537637038,0.08469500290943745,0.05836924006346369,0.0587670664783253,0.0505572972335963,0.04626091139977474,0.06657048131225213,0.06509514349175359,0.05350887916176014,0.046904281366897366,0.04414122603468472,0.05629621761694555,0.07212015349322409,0.04969988171885445,0.04423711968754457,0.051159879835698883,0.04440848862345978,0.054295727972914244,0.06793392677489352,0.06856008719916931,0.05450838440985982,0.05400764899182744,0.06980468652340753,0.06363208288451411,0.06006140672503492,0.06015771907135707,0.052632638544600874,0.061413521706310925,0.06912321599921417,0.057415233568799115,0.06337456413670951,0.062345166317095316,0.04583789657174894,0.05333641451402907,0.064284902999197,0.06737424450645849,0.05669012807724043,0.05607727048682012,0.061168233786399365,0.05866044128110039,0.055026070892966746,0.05365554883807502,0.05547134837892586,0.054960811771428815,0.05516254517393001,0.05640590308334181,0.054163613997500706,0.054042524102977225,0.05523977898799167,0.05352272774405857,0.051393070846177474,0.051536771209136745,0.05530764661623003,0.056006114106111934,0.05564167416754671,0.055615318869133804,0.05351688621563517,0.05378202579373864,0.05588426306921812,0.05394887908691853,0.053922878375339704,0.05446145564541583,0.051979760920413474,0.05143783415601442,0.053154265387139486,0.05601931620837452,0.05704143425363866,0.05659722770031023,0.05509979416332379,0.05201496459889532,0.053220036318284016,0.05724503449371614,0.057223829919655744,0.056631215835522296,0.055999745855816324,0.055371610986542225,0.05643276624307557,0.057372232371956426,0.057034283167385055,0.057450475807198226,0.057428210222813206,0.05708624171529796,0.058534227828519206,0.05919743582472448,0.05873903263186441,0.057910844347700455,0.05756782162065761,0.05816016759046245,0.0596513796376852,0.060455563563264036,0.06050296797803321,0.06017437099403919,0.06067460692192699,0.060566769590637795,0.060150708601463404,0.061402192798952746,0.06330005666682968,0.06390101651414784,0.061421590909836024,0.06153885713982515,0.062250098714044286,0.061418383646905904,0.06144788796847233,0.062118309208469384,0.06299154896729867,0.06336961941049067,0.06350825660145493,0.06361016741631229,0.06390669393534877,0.06466547289199528,0.06550318400060362,0.06588391016469533,0.06566550852675462,0.06610694153365991,0.06746622054914604,0.06637890315334534,0.06616744454907494,0.06732114306597475,0.06628132854349704,0.06606874679463313,0.06691485886997231,0.06772926660638076,0.06712962484804814,0.06679948628561563,0.06842895842482996,0.06937846821921138,0.0699769658647143,0.07056062897996707,0.0708041836816157,0.07111945506343839,0.07167216089608142,0.0723731612688048,0.0738021756001908,0.07517288305501663,0.07527846293782586,0.07604545433374053,0.07747731362400348,0.07918009112099235,0.08076485659957522,0.08216471291229951,0.08348704434476635,0.08507873325529673,0.08705759829262269,0.0892080800915791,0.0909815392148892,0.09305061699385879,0.09506981778720579,0.09654342257907012,0.09918735610494993,0.10180284464332649,0.10343163921164383,0.10556953698329558,0.10757388199022841,0.10918330384172015,0.11085963781796544,0.1125761122974314,0.114256014360586,0.11577539789135456,0.11682832184392361,0.11769840452565795,0.11881639975297814,0.12026419393108502,0.1212521215476579,0.121433890289369,0.12197873894048812,0.12283885228357329,0.12378708136611069,0.124310684460304,0.12470656035665767,0.12503695319675087,0.12528540705297722,0.12590682726335992,0.12665588198298658,0.12714572731234433,0.12731582884718645,0.1275754886958502,0.1281070914228129,0.12851217368025403,0.12827063812786402,0.12752344036708746,0.12721711433631153,0.12710471112665073,0.12690036358023618,0.1262700672316415,0.12579160135876064,0.1252614685355059,0.12441224805927228,0.12349090286667805,0.12271488826773401,0.12207026179290115,0.1210476491019076,0.11984319421294568,0.11857798808401265,0.11734938982953358,0.11620353572319746,0.11503339885453893,0.1136838634225009,0.11228792274623974,0.11088841236624118,0.1094991283821222,0.10794960480932288,0.10683224288255826,0.10628512408463833,0.10559111460152192,0.10455957845892065,0.10336828974780089,0.10254280740031059,0.10173465201051284,0.10097309848289915,0.10035147883284773,0.09953929109197766,0.09889719963100428,0.09866144638780136,0.09837613913334893,0.09803468457901207,0.09764081107486725,0.0971789629268615,0.09685164433599756,0.09650591847983483,0.09578206468672328,0.09552154800402944,0.09534824373577556,0.09470870650548517,0.09405571347605293,0.09373938653184677,0.09378379860531291,0.09332168452535138,0.09311617445262893,0.09337490403504357,0.0936972764141366,0.09339644975649222,0.09280465616662006,0.09278438633980411,0.09277407380541135,0.09255995732972684,0.0921075427633175,0.09202409602171417,0.09181426250663788,0.09120479012960117,0.09061603797520305,0.08998880417139077,0.08912539523422364,0.0876318403559107,0.08666576427033204,0.08593229019942308,0.08472050976167426,0.08422778417379363,0.08375076409837671,0.0827344447858755,0.08212650084831588,0.08178074582044001,0.08160328040164874,0.08165535513163866,0.0817149553320568,0.08193968211814162,0.08274398210333868,0.08270065280257921,0.0824404466116485,0.08294911731672368,0.08291760481686403,0.08265277651053975,0.08248308488133595,0.08233197476715359,0.082055238076295,0.08158252723620874,0.08087907357983584,0.08054517837446253,0.08026307974631414,0.07935941895094642,0.07865962871282685,0.07818391896548821,0.07774316003777221,0.07691382506142966,0.07623254835052477,0.07583568913214411,0.07490860915109675,0.07430839644616848,0.07404835027322154,0.07350120316783101,0.07296740046936685,0.072379345518807,0.071628326671783,0.07113899521580994,0.0707826321737249,0.07032126263732766,0.0693812060815445,0.06841191956232942,0.06765100590125675,0.06711696031373725,0.06639494757179222,0.06566996381745312,0.06541605786882554,0.0649965649616015,0.06451509237869332,0.0641587912304207,0.06363931990371903,0.06324501861002371,0.0631900643619471,0.0635889965852056,0.06361743597749983,0.06331422626695112,0.06343411744272001,0.0637794392068902,0.06407607306750077,0.06406643009740641,0.064122688646265,0.06435290015119596,0.06480867078075335,0.06549953461547253,0.06638990782443498,0.06740409835729444,0.06837055583202388,0.06960570707103281,0.07131605438776428,0.07361394597594455,0.07582137573293381,0.07820496327709271,0.08119342797734519,0.0850708427886354,0.08931420439920316,0.09372083996831407,0.0988200534748282,0.10422452314226241,0.10984327303173096,0.11579547630381082,0.12226056108019354,0.1289088040262506,0.1354192861106528,0.14250620594234206,0.14958092214483074,0.15631276081016585,0.1633356985350733,0.1704299059049506,0.17747918687129524,0.1844238475377499,0.19157416128878174,0.19877587132021565,0.2056939015012536,0.21265192120946405,0.21960694102571623,0.22651990773831382,0.23367943009251838,0.24060113729063765,0.24718239068497921,0.253920734181818,0.2603607949369585,0.2666019292930874,0.27298843999079436,0.2787072325897584,0.28435970670465327,0.290448005364697,0.2957692894228179,0.3005619534183537,0.3051149182718412,0.3097355383292219,0.31417156239119653,0.3183780754263379,0.3224080089909097,0.32614609269411493,0.329540043265855,0.33258808195857004,0.33548296852253356,0.3381161032526004,0.34048382510414743,0.34286629916365624,0.3450634505019484,0.34704915469489267,0.3489152914747587,0.35092059722014185,0.3527008702230883,0.3538729174756645,0.3551040719678825,0.35628683054212196,0.3573490576161849,0.3585188949437965,0.3592931369150282,0.35975817296127555,0.36050887944299864,0.3612353440170673,0.3617935313795956,0.36213607207741755,0.3626640499645683,0.3630706784667254,0.363215915878311,0.363604285376093,0.3636532939266275,0.3635140283628441,0.3640257797570022,0.3642298943806469,0.364291306909119,0.3646331229324557,0.36475330563991637,0.3649120490358096,0.3652812262295031,0.36561811586602627,0.36595818140340325,0.36619404162355274,0.36607889515163616,0.3660442837981332,0.36616398598703553,0.36634644014251644,0.3662297842956299,0.36600152870441943,0.3658779124667742,0.3660023558493654,0.36631031931138125,0.36658802666231904,0.366468921949706,0.36621357582760516,0.3661409913380995,0.3664387555977264,0.36624661622020305,0.36606773719439406,0.36621746702550856,0.36632932375661537,0.3663575791702767,0.3662767453709217,0.36609598687149864,0.3660638045308498,0.36612444487494034,0.3661293844731311,0.36592830353603756,0.3658332242335519,0.36599241182973585,0.3662067593741697,0.3663654481726373,0.3663752798157996,0.36617287244949515,0.3659040872803889,0.3657592473278545,0.36585056845824254,0.3659716679003673,0.36588277552402065,0.3656464744056762,0.36587782165189986,0.3656136980670278,0.36506115624390545,0.36495572176266355,0.36503803261333073,0.3652429893692312,0.3654398756378306,0.365164593162201,0.36505920721010643,0.36522975955210724,0.36514945809686494,0.3650868987280245,0.3651413452726126,0.36533090853470235,0.3654431004299528,0.3653986448813864,0.3652460249305342,0.3653167743431404,0.3653016358492484,0.3650858859612665,0.36470596112180864,0.3647596901765292,0.36493085602233516,0.36482764132715373,0.36497568731027796,0.36506505790230637,0.3649512570311427,0.36476951245908795,0.3650445962891968,0.36546007564373467,0.36533394926533175,0.36516124959884594,0.3650078985830976,0.3648823381038084,0.3647765610570841,0.36499098371937155,0.36541478953693746,0.36553157030941663,0.36544163973118166,0.36544909505959117,0.36577479547063196,0.3657165282189443,0.3655477202037385,0.3654729887651755,0.3654690305790351,0.3654001920504697,0.3653308579843789,0.36540147469243056,0.3652733914852974,0.36516471605623263,0.3652915091399505,0.3656258482691668,0.36583266038281653,0.3658555561080878,0.36590146853117334,0.36594646538981096,0.36594968757304014,0.3658918425596202,0.3658892313548717,0.3661214700113151,0.36643972414776527,0.36609218191082027,0.3662557348154577,0.3665835388696339,0.3662040050851118,0.3659599438431532,0.365732769191695,0.3655206095101666,0.36600136657679594,0.366182134581929,0.36602444647135,0.36613006992272157,0.3662037813356122,0.36634261108002564,0.36656861951252895,0.36632249424624413,0.3663611544507627,0.36668398915685974,0.3664532128570101,0.36618534998714863,0.36612761433168606,0.36635582218185436,0.36643181764558136,0.36644673259097427,0.36637236702913867,0.3659002117823401,0.3657309114682641,0.3657915645306614,0.3657349684125979,0.3657516332248884,0.36586550414633123,0.3660278885782338,0.3660741499235104,0.36599936961546403,0.36595371752291433,0.366123974961292,0.3658830638410974,0.365854617932617,0.3662879230061555,0.36590073201120993,0.3655618234473725,0.3655017101469573,0.36552304723428697,0.36545208768257714,0.36543176550788264,0.3655959314172872,0.3658671889725779,0.365907642514312,0.3658009479990556,0.3659876838132043,0.3660645116487793,0.365905329870307,0.365630818747078,0.36610074781770535,0.36615889058413714,0.3656328991363313,0.3653786440907861,0.3657735203830074,0.366042150615458,0.365496651075952,0.3652785944704665,0.36491066078305995,0.3644428075450076,0.3645491712022253,0.36479479620528715,0.3646357650752638,0.36389440756196845,0.36416197127643574,0.3644406624701694,0.3641832225029455,0.3634648499108788,0.36320392580846816,0.36322115086471957,0.36307653647503857,0.3627627923488822,0.36259971999253177,0.36259896111334927,0.36241022193376826,0.36243125360180495,0.36247744560361206,0.36231366996435843,0.36221417582839255,0.3620648029055325,0.3616410915482007,0.36063586394980346,0.360428446899682,0.360301355025742,0.35945661649769245,0.35902297586659715,0.3588635602467759,0.3587701156332821,0.3584899222505174,0.35818120747988563,0.35801590704680497,0.3580436962668596,0.35789592219708777,0.3577282777270494,0.3578260853508086,0.3584563572949587,0.3576801545430628,0.3572215978837425,0.3581046948164772,0.35737269682721934,0.35706903783597055,0.35726318121004574,0.35695146709299036,0.3569029191612831,0.35692882882640464,0.35681003245905674,0.35648054704355203,0.3565541072686796,0.35684923222471404,0.3569032748600803,0.357200036742034,0.35738435256910855,0.357378385767706,0.357651490019146,0.3580021239533026,0.35836876312717986,0.3586835120660523,0.35867902110531136,0.35863568141059876,0.35873822405463424,0.35902175847675966,0.35902988026979205,0.3585552606785928,0.3579295477977602,0.3590536809430422,0.35984320385221885,0.35969609420164167,0.35917388146207957,0.3596073274788562,0.3719003557993667,0.37227480921515665,0.3730272671936912,0.37336797333141797,0.37370266521421086,0.3738238366795626,0.37335661799206254,0.37333702744721514,0.3728732422053739,0.3725699857714693,0.37257778875039765,0.3727303090248967,0.37393228472589307,0.37457102310586865,0.37526271686314305,0.3762343118992213,0.376516409334344,0.3761032951366351,0.37619100025692703,0.3759368878932151,0.3750339636873422,0.374683022836847,0.37440917956330544,0.3740485748765054,0.3743109006395991,0.37523998044940915,0.3758064110940944,0.37661431712833593,0.37716425477620236,0.3772220287055287,0.37660657518998103,0.3764851685225144,0.3761808858026677,0.3760279646511669,0.3762045857422771,0.3761863116171784,0.37622041612763324,0.3767016596679539,0.37726782594960834,0.3777548195462494,0.37806567599257607,0.37798164139904333,0.3780921944220086,0.3778587443478515,0.37795008297623406,0.3779729910234698,0.3780327144877581,0.3775354532244633,0.37790158455954054,0.3779330916494089,0.3784410165609263,0.3797021650935132,0.3796452851548884,0.3796359213753602,0.37975508010024234,0.3793822384846584,0.379412526572919,0.3794937358159642,0.37962330032460206,0.37978939128819306,0.3796889054046204,0.37950336899562737,0.3796337090363214,0.3796488778107103,0.37920762788046586,0.37922973654220127,0.37965875879891936,0.3797007453755149,0.3796315723421832,0.3796686967325513,0.3794580658936037,0.37904382705006584,0.3787261547993067,0.3789929228530829,0.37942770966136435,0.3796331241613542,0.3798492458367439,0.3803255321795748,0.3802796038201936,0.3797297575176348,0.37931751716163475,0.37873368371482724,0.37831390189701686,0.3782293700253672,0.37791902907402186,0.3778827485966299,0.3783347102882355,0.37863482511267044,0.37905054347743056,0.3795490453024891,0.37961951446682224,0.37897233581632633,0.3787990403772516,0.3787899421438923,0.37832772996045405,0.37821946935914197,0.3784338205659075,0.37791172853835525,0.3780975646662695,0.37845143288427496,0.37812033022765706,0.37820361648111367,0.3780188291458199,0.37750331522225633,0.37720404957359605,0.37707811140121206,0.3773759236099732,0.37714089748624235,0.37668035465049077,0.37647885075611054,0.3762835585963766,0.3757084248275194,0.3759649143395175,0.37622036669343484,0.37565362801835805,0.3757273540334323,0.37597800799374065,0.37560918478387084,0.3755925191314946,0.37527243116869125,0.37491367102822637,0.37429106174891613,0.37413331942294625,0.37429748025554227,0.37395129336027794,0.3736044607336132,0.37292451407633415,0.37201813154843655,0.3715460563774767,0.37167312603187824,0.3714474583492203,0.37047579955377985,0.3697386590293083,0.36913344775234647,0.3682028290021307,0.3677798968957314,0.36749206388327,0.3665629629020313,0.36476810980355334,0.3637782647013721,0.3629416444158036,0.36194364975734095,0.3612183588740903,0.3604090021409668,0.3589154689242025,0.3577989859584415,0.35702525628723214,0.3560035179720353,0.3552413531685236,0.35427613784996165,0.353119806781617,0.35240759357459783,0.3517388492332614,0.350913664028452,0.3501040831880139,0.34903384723210423,0.3484297344748446,0.3480797368771754,0.34761105461203895,0.34737670651239577,0.3470638663697846,0.3465918468847979,0.34629274616397315,0.34615574769982005,0.34564075839286323,0.34525130555127587,0.345103488710641,0.34481095833269254,0.34463784957030824,0.3443676748511056,0.3437985204431215,0.34354394977926445,0.3433974303919161,0.3433426309483833,0.3437023094513857,0.3435382361088549,0.34287716994510836,0.3427305288180178,0.3427352510183318,0.34252807300346466,0.3422597664669659,0.3423318074144492,0.34171705486046283,0.3408215727672149,0.3410097470815576,0.3413455360127694,0.34102676502913065,0.3409975061770445,0.3410170600066824,0.34074404733403724,0.340521955832376,0.3407806211824126,0.34066350884147506,0.3398510311857351,0.3396760111232127,0.33990481365287817,0.33995825398923707,0.34014424216090056,0.3404326417828476,0.3403083181133164,0.3400319920102938,0.3400302161486127,0.3400781142367955,0.34013835398547276,0.34027097948163815,0.34007441963385765,0.3397414120545448,0.3399484842746609,0.34079912384298316,0.34081407204457037,0.3405266651037478,0.340754269607802,0.34073251991315084,0.3407470482430018,0.3414031358120926,0.3417382269128812,0.34152574332956115,0.34158636589378044,0.3418135677238833,0.3421556171830656,0.3424660117434106,0.3426602544998872,0.3427261305127355,0.34295301783169385,0.3434542899491298,0.34371579451300477,0.34390084316414715,0.3442660731511366,0.34441997387374396,0.34416522166589314,0.3442073635211016,0.34440970715340996,0.3444628065196396,0.34431435073484856,0.3445270955047787,0.34512989386988446,0.34533973202351903,0.3454929610507549,0.3456843443869047,0.3457286796104849,0.345708219812485,0.3458387047272781,0.3459464675385571,0.345860477741304,0.3457644315493956,0.34584772605640385,0.3462273284217406,0.3462714701916881,0.3461202091511666,0.34620442598636714,0.34631570879578205,0.34637577611345455,0.34643726759326954,0.346720818047224,0.3472297392693327,0.34732528896570225,0.3473707267574996,0.3475336702565878,0.34738642620361554,0.34731711629680406,0.34746312477551244,0.34765308468148637,0.3475912489311267,0.3475095521877892,0.34750639746798256,0.34746647887241106,0.34745249707423753,0.3473926322306082,0.3473816782021342,0.34745134176629877,0.347430608243996,0.3473192873978083,0.3472864231955867,0.3472755321474708,0.3472554813709369,0.3473249500506463,0.34732290077844985,0.3472122280724501,0.347156659625593,0.3471538918400728,0.3470553015193121,0.34685096485918876,0.3468387666377381,0.3466416074521868,0.3463775422135217,0.34634204461491375,0.34635260975951543,0.346174811462734,0.34597054824338586,0.3458282881876208,0.3455639139862825,0.3453281469805118,0.34532493362819505,0.345015564840013,0.3443037513243686,0.34397033871786603,0.3438349906969598,0.3434753923898932,0.343177898834525,0.3428440435912848,0.3422006846010619,0.34179884556540485,0.3417584812893733,0.3414043429229251,0.34093358002420543,0.3404718667929396,0.3398646889088233,0.3391906754168637,0.3386312858491114,0.338223658870528,0.33765718509211196,0.3370299254834535,0.33641447753201026,0.3358011334317511,0.33511251556643784,0.3343860921734996,0.3337016334281897,0.3330021535155067,0.3322011972862861,0.33140962216203756,0.330598520941268,0.3297466166238504,0.3287485073510868,0.3276115548256381,0.32665528894121104,0.3257122134387176,0.32468507365141613,0.323678617470951,0.32277033651266634,0.32193281235849225,0.3209115428394081,0.3198819046531076,0.3188722153331458,0.318062083388698,0.31701347321268947,0.31579625071882794,0.314578028820949,0.3135609962900553,0.3122857677618904,0.3112249761153323,0.3105954818991145,0.30970121448891885,0.3086167637925482,0.3075650399101023,0.3065545775392873,0.3055612911426959,0.30443902192429445,0.30342577255460573,0.30255961995373104,0.30164782569101456,0.30076933173615783,0.29979165294529636,0.29874907078680935,0.29776316604309855,0.2966947007361606,0.2956840445479075,0.29481246628122026,0.29385169216877055,0.29285101443432765,0.29183484951699284,0.29082812983724954,0.289814561024511,0.28874568366972514,0.2876910047150684,0.2865417002207944,0.2853695550890986,0.28403392703313185,0.28261230930735753,0.28115479610800564,0.2796621336030028,0.2779208631706785,0.27604192222435936,0.27415468495784495,0.27216602439640986,0.269960453756929,0.26775977120178723,0.26529421287030625,0.2624800761402137,0.25962372738274625,0.25674954107859177,0.25360443323653414,0.2502166380925118,0.24673132271948364,0.2431471084983821,0.2393183208706489,0.23523783762754266,0.23113706437834386,0.22682444783964067,0.2224834755895359,0.21797017507652225,0.213672635166673,0.20928765259994214,0.20481987646195035,0.200403274611539,0.19600926530464435,0.19165501781602548,0.18721450660538075,0.1829852714013705,0.17886686773259838,0.17482988515473627,0.170798946746786,0.16706897312926536,0.16348672274040754,0.1600891962542066,0.1569414643267388,0.15390153189776667,0.15102583783571724,0.14821988527811913,0.14546814345662465,0.142991008245478,0.14074447259347928,0.1384973899247874,0.1363653585433249,0.13443769445299164,0.13259379423752285,0.13084669446632574,0.1292683539747597,0.1278800921488126,0.12674918057706963,0.12546082838665787,0.12410168110578368,0.12304130392411954,0.12214173373824634,0.12110364182743097,0.12012357842197532,0.11938190383706022,0.11862550360220622,0.11766813103687464,0.11699941888051438,0.11670383551686811,0.11613683755822862,0.11539932328475085,0.11491353686668859,0.11455954579062512,0.11411271347723603,0.11369843992405103,0.11336500326555081,0.11302659529419697,0.11268013126744052,0.11238700144057755,0.11218939297253303,0.11202377913066845,0.11179763960935339,0.11160744595620294,0.11152231861251538,0.11139836186359277,0.11131143506636328,0.1114359329640284,0.1114493250570401,0.11131820559024884,0.11127742215243808,0.11132312373645956,0.11131874485758085,0.1112555742111072,0.11127220956721486,0.11126635747011068,0.11135743519987255,0.11161879043768778,0.11179487745692941,0.11196693600110875,0.11215532928846696,0.11231716930186394,0.11242030457486751,0.11273363124749974,0.11317666575455176,0.1135350475817674,0.11396750125214093,0.11437772619308338,0.11472524436467989,0.1151419248563759,0.11561073779323612,0.1161261596701694,0.11666139789687584,0.11720818682218878,0.11779201016744895,0.11845419498218063,0.11916278211345432,0.11983578092193833,0.12059723225884889,0.12129766929110786,0.12191661511321283,0.12257360942901446,0.12320206156164906,0.12396315774900513,0.12482040472733381,0.12558713920816766,0.12637702514805185,0.12722627543298387,0.12804547924882428,0.1288595872517138,0.12976215481817763,0.13064789696927062,0.13150298736726151,0.13230715777215152,0.133061455190091,0.13393586625177564,0.13486739090319713,0.1356892308981917,0.13645855483862881,0.1374024153304796,0.1384478828344734,0.1393051603415272,0.14014406395247814,0.14111041810673236,0.1419910782560384,0.1428348497311182,0.14383222184381605,0.14482036577530477,0.1456969149150196,0.1465453802632979,0.1474152251441149,0.14835632285194175,0.14928877994315123,0.1501713684930029,0.15106774471287368,0.1520883584778444,0.15296003522093388,0.15366343259549126,0.15456618911780867,0.15558334646208058,0.15643500973962715,0.15722524241096605,0.15818322589810713,0.15918019768335523,0.16001692957976826,0.16089654805426734,0.16180601008993784,0.16256530673330577,0.16338265780830877,0.1643821942012707,0.16522864206861243,0.16589221359547687,0.1666544961855479,0.167496491076215,0.16827465181051837,0.16895296023277767,0.1697548310243743,0.17064446875072964,0.1714591359060579,0.1723028760081518,0.17309996032555736,0.17381349658340006,0.1745945811496866,0.1754402262245599,0.17618896498696612,0.17691068606946622,0.17761969969712924,0.17819939454168499,0.17894456693526142,0.1798429197000237,0.18057588686708417,0.18125062956848514,0.18202795358916282,0.18282535790364846,0.18350093333976666,0.18417701160146352,0.18490699016630155,0.18556814020261453,0.18617318548841794,0.18681287591743811,0.18750345983384312,0.18806463798191944,0.18872679720072952,0.18968000814839026,0.19034805169771107,0.19072747876143173,0.19135370950858022,0.1920975602302281,0.19266357434096115,0.19321167407363768,0.19383820894301534,0.19432498917123736,0.19489680822267783,0.19570692069497447,0.19635771375573027,0.19687238496829168,0.19742314157665214,0.19792805065867966,0.19850355945905712,0.1990946810154696,0.19971393410406105,0.2005035344715279,0.2010920381418569,0.20139009635882205,0.20202524326399643,0.20294876005731793,0.2035197249847216,0.2040342840063056,0.2046507735822346,0.20499082744898617,0.20544694204875755,0.20626957576486188,0.20686186134231307,0.20713553018617425,0.20760987998195707,0.2082256257547464,0.20874540548805756,0.20925016711382632,0.20979992256294933,0.21029519630695315,0.21081796721144375,0.2114467099124777,0.21204035113388328,0.21264942027996112,0.21316401223107614,0.2135757974892776,0.21406056728813583,0.21451964502429888,0.2149828833833248,0.2154965257716028,0.21600781400482552,0.21652312551864483,0.21699520437040562,0.21743134284176738,0.2179360812789151,0.21848053212649443,0.21893368366156785,0.21940359128925865,0.21985686754002878,0.22019022258139323,0.22056822592776004,0.22098755686202176,0.22139818565667793,0.22178863334547252,0.22221003943005643,0.22268998618432362,0.2231108782213022,0.22349702789964337,0.22391446576644933,0.22435429926947273,0.22472055306680777,0.22513464656198245,0.22542155000809075,0.22541045141964156,0.22567203445079886,0.2260834492469664,0.2263975326731294,0.22684977650740323,0.2272346087308068,0.22753175920644395,0.22777245325594533,0.2279331879799334,0.2281950926106595,0.2284298519149463,0.22864829258846095,0.22902670235530714,0.22928540859945637,0.22938463068798937,0.22953621435169003,0.22971407732474897,0.22983491251656488,0.22990190402384658,0.23001842259014882,0.23009496582803968,0.23019085069372058,0.23045053496828521,0.23054248830868537,0.23040897600420887,0.23046606229310007,0.23068907625264037,0.230642702111955,0.23040184393923258,0.23047287485677675,0.23060267831620102,0.23053755671936405,0.2306591412054658,0.23073779239363423,0.23045047746820035,0.23034855250193126,0.23068574889181298,0.23059831253263038,0.2299980398178871,0.2299115909318709,0.23011932121492806,0.22990407190313886,0.2297420854112417,0.22963501523252436,0.22915202526553521,0.22882688990483588,0.228847587413682,0.22860369013209555,0.22803097937150407,0.2277471776537877,0.22770283359510587,0.22741850816244374,0.22705016454680318,0.22675462656150583,0.22640039164986045,0.22601400874193875,0.22562135993279622,0.2253078374504531,0.22496961483559813,0.2246539904344116,0.22450157484675554,0.22423414300620895,0.22390265506725643,0.22343212554278566,0.22275064034191425,0.22246333180767025,0.2222813667050053,0.2219636149621974,0.22197959567606754,0.22163211829457344,0.22076078840646618,0.2204301667767826,0.22041409556935357,0.22002765958924955,0.21958363916400211,0.21940250606418582,0.21915979534420554,0.218814111434538,0.21869272569037349,0.21846101980817972,0.2179176450381147,0.21765792925674082,0.21777951511561358,0.21719658942226558,0.21663468652905193,0.2161589628980592,0.2157201437558103,0.21559632383062677,0.21539737023458422,0.21491263218418458,0.2144982172063424,0.21392381602875465,0.21345974395320583,0.21338027318968283,0.21293040800091254,0.2122266695220377,0.2119002666247399,0.211479070481923,0.2110738259746569,0.21108449546584984,0.21067850182935297,0.20997434805740775,0.2097997924874337,0.2096658793483632,0.20927438577698368,0.20897895080298673,0.20850366645325127,0.2076351320286409,0.20719454122067935,0.2071250544652716,0.2066318866342354,0.20611497574615928,0.20560271406382483,0.20461505653163517,0.20407581806319652,0.20402118282923765,0.203655155862063,0.2032765069407506,0.2027423795840154,0.20194121542764956,0.20148173065896946,0.20116265088003266,0.20073834019213924,0.20038880995753483,0.19998371711424445,0.1996073627553933,0.1990345139539649,0.19821406683584175,0.19780048974919892,0.19748613853330182,0.1971548532543472,0.19687278966963506,0.19630804558259465,0.19559920839688064,0.19522954226832973,0.19511791113075994,0.19506815434259447,0.19475372438346586,0.19424032094487775,0.19402611274471543,0.1938369236559741,0.193376014738017,0.19305174495459348,0.19280742824806277,0.19221533416540185,0.19188849075210132,0.19216296039681552,0.19204811496314506,0.19153745572576394,0.19148356867106808,0.19138850894658094,0.19112173277247593,0.19190316028341223,0.1919706127299226,0.19123062561700077,0.1911874055563731,0.19131459708174178,0.19136008747383548,0.19195113751009282,0.19206551979945005,0.19157663602565833,0.19153273251248695,0.19177380814753892,0.19178967649562303,0.19166489598084588,0.19172200986403312,0.19188698330982285,0.19243377531493863,0.19236052740437756,0.19243270038049376,0.1927036947902881,0.1939572510664158,0.19413251154655337,0.19349199738275688,0.19345555681323487,0.1933794175705121,0.19335150287171698,0.19354665407191482,0.19386569376346593,0.19457297994783374,0.1944740240164703,0.1948479716254976,0.19485272268539186,0.19391932626805722,0.19339930092157587,0.19329645966843806,0.19325308218065135,0.1933133222634084,0.19386808884841564,0.19450895260425655,0.1946263808130635,0.1947402315571577,0.1942380222952729,0.19357470523169365,0.1936878801391316,0.19408704947185632,0.1942984320499342,0.19561239341947423,0.19564192948162112,0.19482720979939228,0.1936839836129821,0.19273638391433143,0.19227188068921508,0.19289964949442254,0.19327910034004744,0.19289809205636022,0.19181014153398074,0.19142479349529543,0.19086915739970547,0.19021816167420189,0.18996494098706268,0.1898805320690655,0.18851284601201482,0.18618812455309575,0.18500046076315563,0.18447017118164344,0.18356158356559865,0.18286322502871816,0.18253486905167668,0.18127237047591274,0.17926023749971592,0.1780032592738314,0.17682981606592282,0.17504906653630095,0.17322131357712595,0.17092193568474714,0.16842667935667718,0.16619224236772503,0.16438201075361927,0.16235847617068547,0.16006260716980533,0.15754789904577704,0.15467423019666915,0.1516817858730947,0.14836023045512187,0.1446261439618195,0.14129563229419234,0.13807076124354373,0.13501851014377128,0.13154199848918424,0.12810134453864377,0.12463151943785376,0.12048985648190093,0.11648516570830289,0.1132124933466573,0.1095804779521462,0.10539701390586281,0.10179786724685111,0.09857424132082564,0.0955821158459536,0.09236372513275957,0.08965115874188101,0.0870810594179415,0.08384213877092762,0.08038558251137767,0.0770975765671287,0.07431810796531056,0.07173070916591355,0.06956009701810918,0.067546156397505,0.0662486409708471,0.06411973882570933,0.061880259858051644,0.06053281045335443,0.05929856076421267,0.05818426530971079,0.057415539780496384,0.05634066351446575,0.05526098240360566,0.053872650430295016,0.05315465380500232,0.05284718302580918,0.052221317995598794,0.05171150286642678,0.05124800595544936,0.05084849966091119,0.05024022443706779,0.04955710065346676,0.049634334978670216,0.04953706994196272,0.04920637908630699,0.04906432857124927,0.04938478025403192,0.04919900485191224,0.04875710908867235,0.048986157931763384,0.04911261952378738,0.0490284410966218,0.04865984700940332,0.04764940177373727,0.04759068467589993,0.04818308176529596,0.0483258557622934,0.04872657625803038,0.049242738199611356,0.04875555671544812,0.047963871564463675,0.04774037740984928,0.04764711672525778,0.0479731510745545,0.04812006794863717,0.04820714695689656,0.048342521509550915,0.0483885807589333,0.04821863925436314,0.04819580883022756,0.0482161993169919,0.0480597902425523,0.04797132340675255,0.04814632457392475,0.048212556437988906,0.047885234491656936,0.047753780532950124,0.04810269264022151,0.04832924235054939,0.04869619040397766,0.049057706120580274,0.049577138077543506,0.04969367368614427,0.04942386943223986,0.0495707184822467,0.04987398809690801,0.050282611897765256,0.0505276081754075,0.05057120200921607,0.05076273543952699,0.05059208218037211,0.05062243962233977,0.050956232243018165,0.05134165701663735,0.0517816280433496,0.0519079381886549,0.052396721590679055,0.052673958248979774,0.052709484403503544,0.05338709060788132,0.05342890743842737,0.053034363831533315,0.053214574046372635,0.05328081222984756,0.05353692431256953,0.05463220210855521,0.055138718973553436,0.05553123287736476,0.05534453889462492,0.054927089894054905,0.05492219404443883,0.05542459528453503,0.05576401569215073,0.055844558096474504,0.055827421622748494,0.05617401850562917,0.05640382522292346,0.056624499031546524,0.05723697412803962,0.05781305929350319,0.05834817863644385,0.05852157712571155,0.05888553917222654,0.05931123005691858,0.05903182843298384,0.05900716243663916,0.05947101914949103,0.06069965962278957,0.06098373434487199,0.061049556697094776,0.061378881201849624,0.06126012232379293,0.0613993798023729,0.06205167668891723,0.06252007781234355,0.06260965210366992,0.06273348933334603,0.06347004647375375,0.06444323608736097,0.06505104407516991,0.06587789683582619,0.06612850484025912,0.06559409253088573,0.06581232122722781,0.0663726614407064,0.06651604469517006,0.0664941472600189,0.06679788365883649,0.06693996226882704,0.06724223750376151,0.0675102210235441,0.06835711361985786,0.06907414716673381,0.06971937834338292,0.07013593462963452,0.0707993985939814,0.07109437846684757,0.07053048398838342,0.07073259888320736,0.0714460940217292,0.07197220760300176,0.07280829701873749,0.07337748363357692,0.07358256271902705,0.07364667953306589,0.07367246014142044,0.07323696204405437,0.0734837474205851,0.07413919695203178,0.0744326235348891,0.07509169356024635,0.0752610042923418,0.07454751264579411,0.0746413739558702,0.07519053554369896,0.07547689397910011,0.07605185713251629,0.07638860473005557,0.07677082788275238,0.07736814881142215,0.07763127708510031,0.07796607138153622,0.07817865086742719,0.07795722451291058,0.07809778994375204,0.07870721475857846,0.07888163942719241,0.07844526949175346,0.07863605028949161,0.07929626544639963,0.07957416372238572,0.07995715233573136,0.08043946660132768,0.0809017036159493,0.08090462231968076,0.08120704568192336,0.08189175574646285,0.08248910206633639,0.08309478642128906,0.08345539621531761,0.08376711522571532,0.08420028598115106,0.08445996808186682,0.0846197141583647,0.08490804465440488,0.08522919354940599,0.08508788141739031,0.08541499564094843,0.08587155526155302,0.0868911595024152,0.08713240549214715,0.08705464406204345,0.08720560103534389,0.08704034200572824,0.08715493218782887,0.0875471420099844,0.08796416180170365,0.08853321611256111,0.08880770992349775,0.08906169270847086,0.08936614834093067,0.08954272888560086,0.08953214679066285,0.08931736788813764,0.08941262108890496,0.0896292975952221,0.08964847029351873,0.09016489068672072,0.09162013959811662,0.09185986729389517,0.09108877740057675,0.09158512139229076,0.09264557624711235,0.09293368246744776,0.09350080289547567,0.09407462650161955,0.09394596990165147,0.09384863957052897,0.09367817072003294,0.09427224835280132,0.09560265530466341,0.09649764372851061,0.09655836809988769,0.0967909809967252,0.09714826465615405,0.09629506954789527,0.09606336790925243,0.0967831915630613,0.09731323085490781,0.0973580070868686,0.0975550787677959,0.09852085923651552,0.09896210450808457,0.09826222925766667,0.0985454776996702,0.10034109520095402,0.10071627851479169,0.10051821732783767,0.10015692976851176,0.1003420263155402,0.09979362199115956,0.09984764672136115,0.10087996894154283,0.10163504089545505,0.10219560010080612,0.10246781658780214,0.10285258301038513,0.1033866172731679,0.10339018804395388,0.1038030892722996,0.10519156152352412,0.10582741078702455,0.10583518864921344,0.1060737661431416,0.1061841924013568,0.10650578171983724,0.10664367300553138,0.1060490992022262,0.10620245279904894,0.10639980704674083,0.10656316021202522,0.10701446515692897,0.10745243279985534,0.10773510237106142,0.10799192213300333,0.1086713002644785,0.1089582284716693,0.10890153463159906,0.10874133046411384,0.10816744066731432,0.10809886051811733,0.10802859520477709,0.10807431416534108,0.1085361697884875,0.10902646075533542,0.10956943704471168,0.11011922568999549,0.11055313109877762,0.11127779239719071,0.11136240106124821,0.1110480131436565,0.11065945982485535,0.10964270419225329,0.10941625011980813,0.10924373002815423,0.1095009587779176,0.11082619701739321,0.11109969228760141,0.11065474092271851,0.11097480685003758,0.11149942580399702,0.11159498474077978,0.11203361272936704,0.11232905795092636,0.1118215409320177,0.1117488701109986,0.11218444964517325,0.11251003372673805,0.11281057838525706,0.113144821666313,0.11306959719775643,0.11273355621383142,0.11290027229255394,0.1128338882236884,0.11299023950256543,0.11405313927203795,0.11412237425573413,0.113216435973199,0.11331624926776665,0.11364356998121668,0.11382596785206697,0.11454307432583442,0.11496866784311137,0.11483720249981821,0.11512460881637568,0.11643546843240883,0.1164824879003546,0.11495953759613982,0.11493196254147901,0.11526657552669715,0.11549387641776047,0.11512050464013393,0.11547249902685217,0.11589364272686946,0.11541349040425387,0.1151718828161457,0.11603333928378524,0.11616029332368909,0.11509243121381943,0.11483846789248536,0.11528777655229187,0.11547138951609315,0.11568686978693504,0.11532927334608709,0.11446473994603036,0.11452892572935754,0.11488619212059686,0.11451195963120611,0.11464745885920363,0.1145436193303709,0.11307780153556746,0.1123796518893042,0.11245133825304773,0.11234942054764448,0.11241297039446087,0.11232261502752314,0.11168879093112162,0.11132187725741437,0.11122955985567849,0.1111577257075975,0.11106653153503115,0.11173004465354675,0.11148161793345333,0.11056102352435614,0.10971728937394606,0.10850421975001662,0.10751407134831371,0.10623451006963062,0.10579817322844412,0.1063348386739187,0.10582403877184682,0.10461476800441853,0.10440642703643889,0.1048653644740703,0.10420839556085162,0.10339119071873006,0.10314848844498996,0.10229930224983105,0.10126480260246308,0.10082241141734735,0.10052817243367074,0.09969233988492918,0.09873143094400588,0.09752335954071764,0.09794665393436361,0.09814656723867198,0.09777642765378701,0.09758142582650686,0.09751360690479498,0.09720112394156444,0.09666414633446302,0.0958823155269873,0.09567989176425963,0.09589251085637018,0.09615426913122031,0.09548170127823884,0.09513832665348469,0.09488490689052606,0.09343638942792099,0.09256037223984416,0.09290654267283507,0.09248319307728689,0.09073211197730706,0.09043790191412848,0.09140733658550244,0.09142161510240207,0.09147788124093234,0.09134062877273606,0.09062088640956449,0.09022299490303655,0.08977182350276607,0.08972155800246143,0.09046021803748396,0.09016164062306957,0.08942487680499213,0.08901982721688823,0.0879526261466293,0.08715015041049459,0.08660400028011886,0.08634053279543835,0.08588460066262715,0.0862127440807847,0.08653496400822187,0.08632046696910428,0.08519242605830123,0.08383638229513499,0.08297117985348525,0.08394743226852315,0.0850460448965771,0.08478039097957671,0.0846153447195959,0.08489457119881816,0.08626581754470584,0.08627688636525507,0.08476143480835927,0.08503178745966256,0.0847364166848492,0.08329375287571159,0.08331745551788408,0.08475164480397755,0.08455929424268117,0.08384500673808007,0.08415404093180441,0.08460039040113716,0.08415158389124884,0.08423696087896919,0.08389335979583776,0.08179634425525123,0.08119961666099515,0.08237994779725093,0.08147449302656637,0.07883080515126874,0.07855889870659603,0.07860100080380857,0.07829591550399154,0.08044950969447791,0.08067463795600952,0.07815616060145679,0.07738459421277043,0.07733752115759515,0.0771552623513041,0.07754836210475238,0.07788865733459821,0.07875530401119706,0.07783059160197844,0.07505080416203151,0.07466207204859089,0.07444472210871603,0.07419572319175516,0.07640859512608264,0.07724248950466261,0.07572544124268511,0.07573902223388268,0.07721943333408349,0.07728030706573258,0.07679150418621068,0.0759308556970096,0.07432641648157468,0.07440316750181583,0.0737372620552011,0.07360739527966541,0.07459198985026852,0.07298486985288505,0.07183582771207467,0.07271669736131646,0.07274415600000465,0.0728676102654372,0.07213105979385118,0.0699867869491154,0.06839997129268101,0.06807151039717586,0.06884268423145437,0.06921701274609023,0.06865750759060835,0.06642369480179824,0.06448611914416884,0.06538642349650232,0.06642723962851574,0.06651799724425485,0.06696179314858364,0.06738409377828575,0.06711889224286346,0.06797226182288978,0.0683113993729987,0.06679188485520553,0.06738261586486,0.06711942020794871,0.06478053039774327,0.06457519921315501,0.06462275796653244,0.06374325983305018,0.0646924863183134,0.06697481635647452,0.06685163027308694,0.06609005873210273,0.06617166828850965,0.06456751260422794,0.06347240023623373,0.06254258071426447,0.06222574853449754,0.0635194138737653,0.06413805135330697,0.06505463585679015,0.06415696370377887,0.06088738418008586,0.058447884176124607,0.05928699500737232,0.061529407703865134,0.06219416197126654,0.06312435033384238,0.06105089183060306,0.05871461804003669,0.06065693214159292,0.060311479090696535,0.05871776614862737,0.058201158913443414,0.05668514111719837,0.05567058200960332,0.0575333078273393,0.06055668452608615,0.062493444435084415,0.06253541430349675,0.05923795476725508,0.058107467758648876,0.05760390459885393,0.054948088873234636,0.056671408132133005,0.05843470372786993,0.05823836189091354,0.05928620850810502,0.05953156232715566,0.05920082671918445,0.05578394900624453,0.05190426954100349,0.05494645488480081,0.057720466427565724,0.05616958587121001,0.061112073501119225,0.06542039024142793,0.06260662252559793,0.06205673042242977,0.057224666724475105,0.05110465791032946,0.05354730109214143,0.054321824190382714,0.051786473264629096,0.0532623384436975,0.053402079380882664,0.05027010397188807,0.0516334244610337,0.05406845573709688,0.05328558381538457,0.05260055528010327,0.05472016057660534,0.05484472807166072,0.04605311737456476,0.04147426655871955,0.046573958755646475,0.047616772420212096,0.047410326277490235,0.049291808138687145,0.0458361302943543,0.04404315260976544,0.049572132273699804,0.053271044172439906,0.04856358426208416,0.0484854625255637,0.05378475206981361,0.05364215364421561,0.04807761434543985,0.0459238495441851,0.04305977442659253,0.042622549652001886,0.04799718625392106,0.04924902247220815,0.049072012596110375,0.047411789880031724,0.04170616393971621,0.04079322217648766,0.04018668365890536,0.04185882825010217,0.04214434240540717,0.03667351690086486,0.042445379625006996,0.04271344594937829,0.033423291486318625,0.037562106853151235,0.03765086388306661,0.031093642825853536,0.03821768472371892,0.045924182333669836,0.0432291446111001,0.03784288257082933,0.038244109947670385,0.044052517436630564,0.04700914653655138,0.04448737365877561,0.04558457004647222,0.05205733648764796,0.05695038890541942,0.05818308150101678
33_7_PETVI_1_M_1_00000,0.2073935353821345,0.20853086693432363,0.17574556170498754,0.17129861759922674,0.2002096149448044,0.18111268702401892,0.18807159806264237,0.2018768158083508,0.1722617168074152,0.19086563519394933,0.20002750351452156,0.14889676201576485,0.13164453696889022,0.16320627283143163,0.21245925339605815,0.1490643771256862,0.13664853181471004,0.16785323556731488,0.1412712937891589,0.1294877999036269,0.1509561823758756,0.19156699856219228,0.15658056765252343,0.13365630288724825,0.17033080424615007,0.16203155792773866,0.15136273465262295,0.155225304687172,0.17586474938970487,0.2018101237186843,0.20478555689196354,0.1681205994920986,0.18305716352970677,0.19581251530296323,0.17060793968743665,0.18159006220578228,0.19547678949327751,0.19376889003922104,0.17271858759539904,0.1588305697419636,0.1621673920330743,0.1846476176526003,0.18064480264008906,0.17423464150701828,0.18767642810986,0.18930360221061257,0.17352346975403027,0.14873292872467236,0.15194406391381232,0.16383493730210175,0.17153258301579963,0.16441316533978106,0.1570983328279958,0.15353750007609832,0.15501037611677118,0.16659080463535464,0.16825626980204098,0.15585051348680073,0.16468756761835582,0.16549381891800963,0.1565082425652862,0.16098379629985357,0.16266815118527111,0.15976402957056762,0.15552789276667503,0.15521557580423626,0.1577680813107027,0.16064371815382375,0.1591471886783999,0.16215852861410715,0.16927771193581564,0.16464890281283487,0.16079252857533743,0.1603598550279278,0.16144553042985874,0.1670741582517291,0.16993694321504776,0.16420743474687838,0.16791693770816776,0.1709935606191217,0.16809639603048268,0.17159680555798645,0.16915594056435557,0.16239462850115569,0.16759860445913105,0.17093026490056235,0.17224736935318224,0.17567444489942377,0.17343694796591266,0.1718983514992709,0.1762768678627722,0.17755309446597523,0.17679390260950129,0.17589653709714664,0.1778425571675713,0.1805330490043054,0.18183714466937453,0.17922909836868003,0.17802950629111403,0.17759940130966634,0.17594176113234375,0.17512911095221306,0.1756680400237919,0.17727565664401856,0.1779849892878792,0.17831545688159045,0.1789784978276499,0.18138117415245075,0.18184280661010016,0.17991430534879216,0.17695976945065164,0.17608738945871213,0.17856322280299017,0.18357686312380453,0.1830877832929248,0.18078818059804017,0.17981928424584132,0.18038400450436282,0.1808524116443885,0.18081650142047243,0.18100313936493165,0.18025758131470052,0.17831407358807183,0.1756097175466812,0.17618420799622622,0.17876857733637408,0.18081656931584905,0.178311127731201,0.17758745415589733,0.1803260137801706,0.17970573389944752,0.17863133642326365,0.17823373167774503,0.1788904925320094,0.1779140891025537,0.17724915863165322,0.17934332062689587,0.17907795786670955,0.1785995875905883,0.17972377694697658,0.1810440627854953,0.18089649667677746,0.17954155644405478,0.1799233127666395,0.18068109377875102,0.18171388739975333,0.1833072018764119,0.18279924290728167,0.18162695446569257,0.18184140953327904,0.1832916503497981,0.18361383870940542,0.18226594205631383,0.1834680722863368,0.18439216339926515,0.1843928768120151,0.18487674191318598,0.18611830015817715,0.1876094588472754,0.18851547430176277,0.1898155495618342,0.1912049467070385,0.19220440419086562,0.19241417041073713,0.19342918463790781,0.1959784693534829,0.19929490662807348,0.2018894708651569,0.20367068126783802,0.20572095696563178,0.2079158454517821,0.21041239996377473,0.21332347772061486,0.2158162252225144,0.2178982299713875,0.21979230468138067,0.22191970987035578,0.22443464270264019,0.22707535024064018,0.22880904407013566,0.2308387255017419,0.23305876812058826,0.23454631353774913,0.2357901621320869,0.23681060768075593,0.2376142476866631,0.23895940766099785,0.2403690836927286,0.24139587810339072,0.24200349651305458,0.24300821630947114,0.24436777707079227,0.2447202443484139,0.2453171718426438,0.24607825173921008,0.24626324492040697,0.24607534060995567,0.24596118392254854,0.24635756106828424,0.2472606451530541,0.24779603341769574,0.2475192173514908,0.24708743857734317,0.24735881602916615,0.24796750450247262,0.24693221267984336,0.246203039757243,0.24601278049179345,0.2458502151837694,0.24534672629794016,0.24412666702001729,0.242243541312927,0.24178481680083644,0.24108977020280875,0.23938700162607346,0.23850450457509986,0.23706090499371615,0.23509333175367647,0.2340334475816526,0.23192799254680482,0.2295979970960963,0.22873556031343936,0.22731516409128905,0.22551618480433966,0.22384216626591788,0.2224611948486623,0.22095351438338925,0.21920720970574228,0.2176711264425933,0.21638663253134963,0.21538128888878982,0.21463667900334657,0.21399064778829327,0.21309554022786312,0.21174639072256468,0.21165104474052834,0.21120741320354253,0.2094378327698961,0.20910249285073026,0.20841410402133903,0.20684108302710522,0.20586497783339297,0.20481717666038915,0.20392172957667767,0.2038281930896383,0.20283283180291356,0.20167586455474454,0.20142693434690828,0.2007030161608706,0.2001246468622158,0.20020133999996828,0.20077745433890715,0.20101419074950222,0.20070624390397418,0.20038758755398015,0.20030781010227772,0.2004566060206761,0.20065536810662946,0.2008737733695203,0.2015193070778613,0.20277128072376216,0.20306716017102633,0.2031155198583548,0.20326652778394097,0.2026779046065454,0.2011360161169987,0.19906801661540358,0.19763613126558538,0.19548872396831538,0.1931437019040669,0.19165780849806757,0.1903278647734434,0.18934043771786413,0.18879446190251795,0.18798661682823284,0.1873447808891153,0.18694209014677696,0.18617382909788058,0.18557932830346377,0.18514023005391722,0.18450057102722073,0.18424726232373811,0.18477898355538805,0.18613790183550352,0.18640400641010024,0.1864315735809565,0.186788960499264,0.18628492374091604,0.18585982660721084,0.18570165313431636,0.1851544548279657,0.1844597530025499,0.1837410198896348,0.18306951398302426,0.18185903107085577,0.18092315541477877,0.18090459860671076,0.18048449735233243,0.1800516505216698,0.17969228383411326,0.1786150772456407,0.17774434825055518,0.17726344688023424,0.1768211020766943,0.17626837922279548,0.17578588461718406,0.1755664124420728,0.17479600206171364,0.17379747184657485,0.17297186213950358,0.1725017719662529,0.17223219199345843,0.17184869632988453,0.17067114656031837,0.17004988439630206,0.16967395013922437,0.16849293417917435,0.16848945548299057,0.16866186962805318,0.16784310824207155,0.1674261473553015,0.16722218704187464,0.16704381549660688,0.16690973277978607,0.16689954211285163,0.16704422330573931,0.16734554172960925,0.16740382282242963,0.1673882656221639,0.16764288986754558,0.1681906536459598,0.16865194232541256,0.1688354569867037,0.16922310967353976,0.1699342574392967,0.1708866642618826,0.17167541303215791,0.17296958333614618,0.17469640265413924,0.17646702248006257,0.17871892142661827,0.1818028329784393,0.18571633883968752,0.18894768861020814,0.19303951838879357,0.19859882160116116,0.20430318539563624,0.21047268877449266,0.21708293092724026,0.2239548494099949,0.2315489490072328,0.23922150359674946,0.2463690587467125,0.2546018491679485,0.263273355162621,0.271836271277413,0.28051467868344104,0.28916997704614444,0.29777848748703156,0.30638577228913244,0.3150449189901514,0.3236669127592254,0.33212717644620476,0.34078604522116124,0.3495516211100584,0.35827677485906106,0.36695570733667354,0.37551972978475995,0.3839547342760771,0.392420784438146,0.4006607971335165,0.4086796453400473,0.4166406163566378,0.4243743020182063,0.43184325227185216,0.4390400087131843,0.44585774198514483,0.45233592479940943,0.45859087383067715,0.4648397761962681,0.47081374584324254,0.47622976010028484,0.4807876427561899,0.48589051757681223,0.49078032455260984,0.49457119625406004,0.49879418897893824,0.5029450417819753,0.5065751606733755,0.5095756288558576,0.5124291267279224,0.5152143399325693,0.517729005886975,0.5201043779222273,0.5222742098452016,0.5241499996992806,0.5258113761493308,0.5274000615994668,0.5289699839721845,0.5303291452727444,0.5317866961979948,0.5332834443262008,0.5344404525632206,0.5352060712623892,0.5358401529561386,0.5366532651630384,0.5374195382753418,0.5382144204783941,0.5389683538149947,0.5390830761040928,0.5395893418039182,0.5403923225921001,0.5403518647309304,0.5407189151181603,0.5412001949385666,0.5411783240423279,0.5414459857869062,0.5420347051899144,0.5427159645136076,0.5428079422651156,0.5426423253256515,0.5425439418349297,0.5428863464135617,0.5428113758624437,0.5426451821089103,0.5429530270074967,0.5430208063509926,0.543025774654074,0.5431454232287631,0.5433887303990893,0.5432307860923925,0.5429358020767852,0.54348429325688,0.5435904368674742,0.5435019094867684,0.5437770650765804,0.543805001240444,0.5436099774014673,0.5433619611594848,0.5434541334779462,0.5435891360399849,0.5436096937037725,0.5434461011045246,0.5433456596974826,0.5433937042766431,0.5435504489856069,0.5433500970174288,0.5432796527380375,0.5435288027084023,0.5435921957355991,0.5435341246689878,0.54351851289597,0.5437861254344609,0.5439351660464,0.543897449451091,0.5437419941221583,0.5437827694097936,0.5437557418859273,0.5435074960692279,0.5430067469682976,0.5431524265737182,0.543604618280797,0.5434587349188716,0.5433564660281135,0.5433437719460952,0.54335701898666,0.5432817388538697,0.5431980136757114,0.5432337910259422,0.5435906307696388,0.5439089412116346,0.5441060032720743,0.5441655262347787,0.5437142673976292,0.54346236815076,0.5437240987680323,0.5436043051854766,0.5433628284727403,0.5431265647116171,0.5429651964489687,0.5432126832358402,0.5433546310548917,0.5429877850494386,0.5434195799086486,0.5436358647580248,0.5431875841691352,0.5426332093869669,0.5426672558508787,0.5430533899813615,0.5431231011260825,0.5435173571431349,0.5435255956663817,0.5428734027554367,0.5432150240791054,0.5435118014611636,0.5435629041592448,0.5439582771930332,0.5437785028984392,0.5435440911539966,0.5439300469445134,0.5438882349312543,0.5439290442205562,0.5442074081310875,0.5439718884570063,0.5441133160820072,0.5444715586435903,0.5444085733002239,0.5443058492893312,0.5440328390232638,0.5436071478899189,0.5437073039198318,0.5441517027889224,0.5445786702717632,0.5444439093389615,0.5446469554701473,0.544806913392323,0.5444059389324718,0.5440928785344422,0.5439955015972319,0.5441277713974376,0.5444248082041505,0.5442130544114946,0.5440038710078995,0.5446474996091555,0.5447119405512977,0.5445666866775126,0.5445932624317666,0.5446255288801122,0.5446134189821966,0.5448136240924065,0.5456293133320561,0.5456697761433635,0.5451384391724076,0.5446059514820641,0.5445626472291719,0.5449450015667087,0.5453483397897892,0.5449972294553468,0.5450722645228117,0.5452063076682742,0.5447761812044614,0.5443280357626238,0.5442978824589463,0.5446632100565958,0.5447132389093485,0.5446105937701382,0.5445920680122448,0.5449025218511507,0.5453540589550782,0.545519388133629,0.545173818784885,0.5443990699620467,0.5444218833415361,0.5450422197242698,0.545284503062872,0.5452193203978788,0.5452136574428101,0.5453339880269753,0.5445694367892276,0.5443461003120411,0.5447371322595237,0.5448966359360564,0.5452401185005766,0.5451829803472144,0.5444661798453317,0.5443886007538024,0.5446012319048799,0.5447014257705223,0.5442642039723098,0.5443635852661272,0.5444202977412448,0.5438709797697274,0.5436625333646792,0.5438872339164093,0.5442959042332325,0.5443067900953009,0.5440085636075248,0.5437400707712382,0.5437645768850529,0.5436654977581479,0.5435901340944916,0.5435524124443641,0.5434039291266375,0.5432486801080914,0.5429184375217199,0.5423970018673658,0.5426809648432408,0.5429933797696914,0.5428760025114363,0.5423108679387023,0.5413892576057177,0.5410514314272585,0.5418345902456169,0.5414131323793442,0.5411101846542828,0.5411855875812551,0.5405580731409472,0.5406281625880862,0.5408549729000331,0.5404101074153493,0.5396382730215035,0.5388559284838847,0.5383400557963398,0.5383010613123533,0.5377136126234138,0.5368485356431006,0.5363077037794975,0.5365959955543692,0.5363619938634957,0.535531620249637,0.5352544694001056,0.5349538698947917,0.5352059784100042,0.5360893119329591,0.5351038414078533,0.5349298330560485,0.5356630259645874,0.5354016790322855,0.5348347491428559,0.5342847585704544,0.5339089443689189,0.5334885737296433,0.5334002624188909,0.5335282105825303,0.5334875175957111,0.5335932781837581,0.5335413934759426,0.5332539648393467,0.5332302621954733,0.5342631062598484,0.5354446516717676,0.5352783421773132,0.534603184091211,0.5344705154926608,0.534779844584718,0.5335470830829431,0.5333657028300289,0.5342582991858826,0.5352101623316058,0.5346601875815403,0.5344785750339933,0.5352095534045849,0.5357654544614884,0.5346222630871587,0.5343107068200287,0.5362537491171674,0.5347348904959831,0.5348302692091692,0.5362816485732522,0.5354953411113464,0.5349607357575048,0.506634846301387,0.5070461037192253,0.5068548116306181,0.5066466678782012,0.5063796146280428,0.5065402838236889,0.5057940068435585,0.505222968607911,0.5055951366237229,0.5062214778848744,0.5069235893071322,0.5075587586444463,0.5075132805706395,0.5073236919168856,0.5076262755820476,0.5077185290005861,0.5080371359010191,0.5086603833115739,0.5093786706773437,0.5090153236428925,0.5091268563366701,0.5091929049111629,0.5084760375673695,0.5082159459330075,0.5084174853416096,0.5103103977053174,0.512152904420712,0.5133451903302799,0.51518880418409,0.5153225677945279,0.5126175829742554,0.5120028921231472,0.5119160813847277,0.5108902008253561,0.5114743333195938,0.5130855107903921,0.5134501919508773,0.5137350158353182,0.5133171110051503,0.5123455602935795,0.5120778942684538,0.5127087270960471,0.5136715537642986,0.5146721994588964,0.5149821577405168,0.5148228436213841,0.5138175434422038,0.5135571007335092,0.5137863057377157,0.5139934831041194,0.5149480323330212,0.5153600726561256,0.5146274658918195,0.5144442499363774,0.5148012426271151,0.5148412298846656,0.5150993388020558,0.5154924036677827,0.515602094748533,0.5157984376082272,0.5159500794697114,0.5163626635543318,0.5160139302527513,0.5149089252693287,0.5152480809537073,0.5160509334791937,0.5155232291452456,0.5161142104983301,0.5163450116131537,0.5151231343643757,0.5160138621704122,0.5167058718257973,0.5160599148850127,0.5166306964557058,0.5164390356485843,0.5164964589040303,0.5167679367210951,0.518048206044279,0.5174406273813994,0.5169029744770581,0.5172891288658434,0.5168129736552284,0.5168242191516885,0.5174825514121723,0.5174514141150226,0.5174820344696817,0.5180616448137759,0.5187306053873388,0.5183382590586594,0.5175902875282625,0.5174925627947711,0.5169988578984916,0.51701278658644,0.5177387056358379,0.5191334594126508,0.5191519844659472,0.5191465941588517,0.51879412629474,0.5179190141285132,0.5177780088905226,0.5178367939031101,0.5180855148199015,0.5183197746052653,0.5177891365460099,0.5169771701809525,0.5168348224622986,0.5169190000325994,0.5170466792409214,0.5175698049814709,0.5183081992975508,0.5183673975930287,0.517910986518772,0.5172567620285942,0.5166063216612329,0.5165344002185783,0.5166483577285353,0.5165662325183257,0.5164890944864055,0.5161408622769066,0.515549337594746,0.5150062332006156,0.5144063114205387,0.5141269692901682,0.5139322223048504,0.5135520718147332,0.5132585823481302,0.5133659620323426,0.5126838640454782,0.5116086071932829,0.5110750368773282,0.5107097273810282,0.510376048540034,0.510263507706712,0.5094479940415283,0.5078965605356532,0.5063204033304899,0.5050714899218998,0.5041647303347374,0.5040521869334269,0.5031204983521262,0.5018527802131478,0.5008851268198137,0.49973487401917227,0.4987071400472095,0.49777495131917027,0.49697374756269325,0.49603918968078964,0.49480246782924775,0.49357728235031545,0.49266261827996094,0.49211447775522865,0.4913815370769971,0.4904366854227991,0.48989936828628383,0.48916970724139686,0.4878081597966384,0.4870777870148633,0.48675366221836674,0.48636356045713625,0.4863020493406568,0.48602437306205787,0.4857889960284309,0.4853154266568755,0.4849617646922736,0.4845738241440516,0.48433483236007596,0.48426498804859996,0.4842130239117423,0.4841313815260049,0.4835932539460862,0.483323814237392,0.48336853145268205,0.4836159615228439,0.4834208021035725,0.483467640562686,0.4834555790418077,0.4828392836044316,0.48258223908855014,0.48266223148459353,0.4828511916076816,0.48259784413252843,0.482475471683051,0.482416012062035,0.48204740358102255,0.48175275639688003,0.48193010032032235,0.4824424346414964,0.482417054201085,0.4821559615066092,0.48143178573142414,0.4813581110006742,0.48136990932604584,0.4812341149872282,0.4813472538837521,0.4814004787567608,0.4811192094242812,0.4810810733635327,0.48133346072570893,0.48167881078169006,0.48184456901489164,0.4816489148874924,0.4815946766266195,0.48176884715227114,0.4818470858221811,0.48222079754728303,0.4825520439678193,0.4825048162625825,0.48267274207763683,0.4828280435376613,0.48295984441819567,0.4830823002756757,0.48334718013298733,0.48362218516674726,0.483857141628683,0.48424744374327544,0.48459157232211214,0.4849985495594805,0.4851619150301821,0.48521145826064827,0.48520614753621927,0.4850383891553452,0.4848891721368261,0.4853783608222523,0.4858528603511377,0.48588797903010983,0.48597247611611183,0.48628921743471654,0.4864663421288266,0.4867040726931504,0.48737494080339944,0.48781828572687047,0.4879679505868967,0.48810366985938036,0.48835722753347216,0.48852965991855624,0.48839822843273223,0.4885279114225901,0.48895601621252105,0.48913277887216267,0.4892656896012263,0.48953029960175887,0.48979044889565965,0.48980970773895827,0.48972329696231204,0.48980167841639005,0.4900010049890857,0.49032385500607323,0.4904635072164131,0.49066947901056923,0.490899907940536,0.49096806906147683,0.49107257181044917,0.4913908002743145,0.49155344941815715,0.4914334629263811,0.49156170114181086,0.49194448349016223,0.49204723728507405,0.49199706809539184,0.4920960430303424,0.49216477741550424,0.49221491372697407,0.49230178656022794,0.49249247137116386,0.49267831355477937,0.4926537893864234,0.4926499187483818,0.49260516201655064,0.49268565709023093,0.492807708806412,0.49277683962830005,0.49268573574260055,0.4928136899155005,0.49299314241609704,0.49297354325526554,0.49310770007758115,0.4931680444643613,0.4928559352281866,0.4927320204646387,0.49288372974183176,0.4928450826338633,0.4925856074758896,0.49259101795261095,0.4924416527947745,0.4920230985265861,0.4913702449992016,0.4912147743554622,0.4912094030229092,0.4916508626488662,0.49133288941529885,0.49069508657625444,0.49064032163413684,0.49055844617493444,0.4902658027360159,0.49036975043624537,0.49027946133295847,0.4896059093847897,0.4892252043963576,0.4892709627134776,0.4891517985283591,0.48881431993174523,0.4884850069989152,0.48839893792449474,0.4880825465456456,0.48728190427534845,0.4868336048265192,0.48659323976989105,0.4863176993568078,0.48578370882047794,0.48544329636418354,0.4851223879966959,0.4847049215308799,0.48417916050985155,0.48385910339162225,0.4832115942816096,0.4820128992552083,0.48140068281513504,0.4812405091525705,0.4805566358806422,0.47968847448254714,0.4790425979241045,0.4784269977148763,0.4774608659657845,0.4764432690815855,0.4755605099813872,0.47427034620252523,0.47320823352101815,0.47277533455678494,0.471862276175742,0.4705293948334929,0.469357301042186,0.4681447603562181,0.4668973084292891,0.465675352614549,0.46450655590028134,0.46333034446062066,0.4621722312824626,0.4608845221866527,0.459521784241307,0.4582844496042883,0.45694297124580613,0.45579211937377534,0.45501531662326405,0.45376427500045463,0.452156157691079,0.45096603825005915,0.44980415100494664,0.4485948553396065,0.44772038655123725,0.44658536876961685,0.4450370796633278,0.4437990028246719,0.4428403218676421,0.44163733932820465,0.4402318906264503,0.439097647256817,0.438036267616541,0.43690169691981184,0.4357820815810294,0.435024655439496,0.4338844796548106,0.4324848333001689,0.4312584401639122,0.4301338937763561,0.4287616761181357,0.42730622197288437,0.42584624056837317,0.4243046441916958,0.42264218505571927,0.4210348439578213,0.419165726593284,0.4170734032086854,0.41492624623446955,0.41275007448694895,0.41028273289998674,0.4075693549021944,0.40483578053370484,0.40202744553276265,0.39889545501332235,0.39559916620908453,0.3921740686700695,0.38861379231745935,0.3846608987362754,0.3803572645511556,0.3761233402810907,0.3715510176005674,0.3670038305883728,0.36261642879298717,0.3580955457986817,0.35345287672756365,0.34869938399053396,0.34373021913558705,0.3385334276793312,0.3336065722503196,0.3285232682791409,0.3236143006665924,0.31884786212076166,0.3142791039413081,0.30968897251907945,0.3053339169968015,0.3013491620115088,0.29728885981815084,0.29309092980603146,0.28931116787745864,0.28579769480267814,0.28236342958188854,0.27914622067030836,0.2760426066267873,0.2729456840245053,0.2701723434625635,0.26772399680206566,0.2652967767416187,0.26298791191796933,0.2608870658272739,0.2590091131418412,0.25709591408426175,0.2551589728339742,0.25356822841665083,0.25226162347580455,0.25081995805638874,0.24944447250203972,0.2483274194388271,0.24733172214646165,0.24619658711108616,0.24517239179143918,0.24444117667901882,0.24362338422950336,0.24257610867658835,0.24188788707065315,0.241555995506613,0.2409960721266274,0.24039477995722014,0.2398850747381091,0.239354577792492,0.2389425065630368,0.23862198479275099,0.23834603092288817,0.23818752766769533,0.23794771317960653,0.23770018349442043,0.23750735958900557,0.2372754382032054,0.23713081805859593,0.23705504240050126,0.23703647179439272,0.23711301761332432,0.23713336359798276,0.237154960849987,0.23724400182356958,0.237311368838957,0.23743292546089406,0.23779317238979852,0.23791243093084563,0.23766537001423188,0.23782301072149153,0.23824964341239388,0.23843868471108742,0.23869281290078673,0.2390349939664181,0.23923791596559707,0.2394143863747085,0.2396025707285248,0.24001279877305653,0.24053760395786167,0.2410567603058267,0.24150518036449894,0.24212120330226117,0.24283479151051238,0.24344226758594723,0.2440540070040523,0.2448897020302001,0.24572159140181332,0.2463620754709866,0.2471424555776409,0.2481990557434808,0.24913977962558329,0.24993063187823536,0.250817646655841,0.25186828345152845,0.2528151208160615,0.2536433486258812,0.2545578085812343,0.2555282260141644,0.25650049916001033,0.2574006863381706,0.2584778290572555,0.2597639788017988,0.2608535738194006,0.26197618600920086,0.263023817916143,0.26377722912264023,0.26483637541526006,0.26615467727319253,0.26727809593586593,0.2683576883106457,0.2695635174938001,0.27080116598563714,0.2719237519665234,0.27306172486083197,0.2742792369635183,0.27541629213004104,0.27655034613670676,0.2778502187955288,0.2790672886402735,0.28005509276081386,0.28121591372916516,0.2826711799172543,0.2838418135666362,0.2847358875784033,0.2858934037575235,0.28710977640216323,0.2882181330071465,0.28947635157398016,0.29072265213071324,0.2919084122703094,0.2928702334580729,0.29402360070423106,0.29534027747980796,0.2964989638599,0.29754451702025486,0.298744163372502,0.3000305984200675,0.30116551649277795,0.30229403011218986,0.3034289008509476,0.30450135631933256,0.3055086508110812,0.30646088616893613,0.30759455765460136,0.30875109464242145,0.3098007952720249,0.3109748368977499,0.3120774095840184,0.3129655048256689,0.3139964618877175,0.3152015085473853,0.3162846358054474,0.31725850745920753,0.31830141417885116,0.31943114500568726,0.3204351714621272,0.321320543583764,0.3223498259931952,0.32344067550590555,0.32441603987725864,0.32545285698397863,0.326386987153099,0.3270130012845426,0.3280205788619918,0.3293064993879491,0.3303700601416399,0.3316078433525003,0.3325732570066101,0.33318192718258943,0.33400731187078214,0.33486448917676714,0.3356863233847328,0.33648137793606164,0.33740294255239417,0.33849929810726126,0.3393039928957912,0.3399493033882435,0.3408054324697239,0.34161694212449273,0.3423496972435524,0.34324050429731434,0.34408419290944264,0.3446620530406931,0.34541356914868027,0.34645844773495355,0.3472802718907726,0.3479093359600159,0.34868139605771237,0.3494894090826275,0.3502607139506877,0.3511639297523016,0.35188212356055837,0.3522537951969637,0.3530052311218956,0.35406999053535243,0.3548062550644888,0.35553665001735646,0.3563226039193851,0.3567065434993705,0.3574503103359081,0.3589415753639433,0.35970769880612224,0.35983800868689253,0.36051334771782945,0.36124928269501866,0.36178209430594915,0.36244248472380636,0.36332329146127407,0.3641988979948728,0.3648228440857167,0.36557844422636177,0.3664099409243897,0.3669803072040677,0.3674985804050806,0.36818566125373964,0.36892971964210214,0.3694412684067865,0.3700341403786121,0.37110221400705906,0.37176120513966565,0.3717337688170654,0.37231509860952233,0.3733319674129661,0.37395787066406655,0.37468254397407214,0.37545694585093253,0.3759205343263207,0.37639594643586843,0.37712295985500627,0.37774991469562036,0.37807530424121943,0.37855595533267977,0.3792742620810712,0.3798137455619282,0.38021678276457777,0.38070960014929556,0.38120428344032226,0.38163997783854536,0.38196902666418436,0.38251918833516196,0.38332283555329283,0.3838163648492281,0.38414719634140837,0.38473776075959826,0.3854053487702524,0.3858107657089522,0.38620417312906286,0.3867154171654425,0.38697175896189734,0.3873352993887023,0.38811188810999936,0.38863810491535644,0.38876458974769446,0.3891873975822235,0.38991348552412414,0.3903568350581741,0.39078692967948775,0.3911509421364134,0.39111046559337853,0.39135900707518484,0.3919065718329939,0.39229262726653547,0.3926565639986509,0.3930511461742494,0.3934627563495857,0.39376112136172653,0.39403513210832714,0.3942801739615694,0.3943225243310086,0.39451347831656786,0.39499982549071755,0.39513692013244106,0.39490136635671785,0.3950142722608341,0.3952714867681434,0.3952715861171728,0.39531320607193987,0.3954326597094524,0.39518962942964225,0.39528886997215584,0.39605269130607057,0.3962135062112711,0.3959244828166258,0.395993894984302,0.3959571610935141,0.39599919049821636,0.39654141907380647,0.3966446447035192,0.39624281980709847,0.3961899647189085,0.39631016659588114,0.39620271934623846,0.39603569227926705,0.3960237060980161,0.3959942436906817,0.3958453226129946,0.3957127101621175,0.3956811287884497,0.39562828394226923,0.3954629876476387,0.3953501708294728,0.3952832040856008,0.39512067342307033,0.39485073860059805,0.3946108683428938,0.3945224966382607,0.3944137868496365,0.39406198764920586,0.3936931887469183,0.3935090310338045,0.3931672253635149,0.39290361476277014,0.39296107998114765,0.39278170338364404,0.3922894047404435,0.39202890788222383,0.39209042881715594,0.3917703730172257,0.3910632373177697,0.39082339931021626,0.3906684846405793,0.3905564567356381,0.39092517457630094,0.39061559880452335,0.38983377466089913,0.38942814311935026,0.3888458515909112,0.3885855032654217,0.3887656050055618,0.38841424479687303,0.38783903147982,0.38783452830813286,0.38741252767531636,0.38693914528134926,0.38663025945174717,0.38607585011459994,0.3856049029280959,0.38561294117821393,0.38549433037402675,0.3847391425844903,0.3840312486681027,0.3841317141766846,0.3839169254052431,0.3832934692674867,0.3830768859719162,0.38239515861773854,0.3817291496324699,0.38186321015556246,0.381590927152809,0.3805309208708492,0.37989786779818047,0.3800148011897505,0.38015461656254085,0.37967142325136116,0.379495756860134,0.37916105168667286,0.3785357379771184,0.37802946116256697,0.3777159060952665,0.37690507146973895,0.37635098204371464,0.3766891984437226,0.37635190348095426,0.37520534757708773,0.37460059372462384,0.3742307219440934,0.37380291932802934,0.37359016803533296,0.3731099289269856,0.3723545814200643,0.37179085943299783,0.37131213619011455,0.37089412693568014,0.37039942203953186,0.36994595482252196,0.36982717175524077,0.36919966174233143,0.3680694922516233,0.3681524163717324,0.36797432244162087,0.3677827059639336,0.36772336018151475,0.36689187056832995,0.3659435953369018,0.3655711364555501,0.365351937087639,0.36503186208413446,0.36448658764834807,0.3642096536810544,0.36427514983530684,0.36405637280776537,0.3637302188632304,0.36327229811307266,0.3627306308646594,0.36285567813861846,0.3629698878478434,0.36262326957623975,0.3624615771477585,0.36233163112840727,0.36239845709662405,0.3627144221358502,0.3627830133330306,0.3624098868653968,0.36240600478989854,0.36285010620042824,0.362862336939098,0.36262404569466156,0.3626115538597625,0.3624502759363771,0.36253208737095266,0.36293319457144235,0.3631767785951245,0.3634515206426817,0.3633055582187021,0.36344483487411006,0.3682307798684437,0.36895378666866246,0.368738631921695,0.3676420855564748,0.36740170448158466,0.36742973636731935,0.3669714054859969,0.366987056018888,0.3679918901023238,0.36835464345630015,0.3680551662431692,0.36820996320561505,0.3688240730397122,0.36925223743281316,0.36830265683693186,0.36803944650382797,0.3690864794890471,0.37015925886007583,0.3703493184762009,0.37117677319661685,0.3711341144772874,0.369617226601212,0.36833464179153225,0.36840625103658825,0.3692700124375638,0.3694283166473871,0.368287404865286,0.36794828033130345,0.36720900953061725,0.3668454114019849,0.36714670648627146,0.36743234878123404,0.36786538705393335,0.367717347289853,0.36767410491393165,0.36736740415995367,0.36639973557934197,0.36571447188742895,0.36539485796417726,0.36609604070178386,0.36535813901851866,0.3639777388787357,0.362839005719438,0.36200382595802694,0.3610012311797279,0.360769683123205,0.3607790344089561,0.3597834334418915,0.35864033597326095,0.35724766010058945,0.356088081996533,0.3536142145119681,0.350476396524529,0.34870178540191404,0.3476215872497726,0.3465426565320408,0.34521063323889173,0.34261189331390396,0.33903415858028246,0.3359694826117355,0.33344259604419,0.3321396900794869,0.329749451248677,0.3260843612200881,0.32299320485604877,0.31831458219387115,0.31397111892942453,0.3111805396440864,0.3070097795013108,0.3029966203739961,0.29910358799547543,0.2954583450767691,0.2910447257126466,0.2867043344857144,0.2820326703475294,0.27738054951946073,0.2724897709148383,0.2671108171735784,0.2622838954630899,0.25744811332499334,0.25235499196367334,0.24757677846670245,0.243290162684046,0.2390866409522117,0.23411720766183455,0.22865514164567374,0.22421320807707876,0.21989515748271227,0.21505893154048575,0.21173789162396414,0.20838401820483032,0.20351953999843803,0.19961220540091235,0.19600904929242993,0.19334698113897425,0.1909948169724269,0.18826530317194085,0.18514211152455945,0.1826563009942436,0.18043168496970285,0.17908979149967882,0.17737251960028022,0.1761669674692081,0.17454269186438687,0.17184748676129286,0.17104426561449673,0.17082532181730745,0.1699371926972713,0.16959981003413444,0.1683029349477711,0.16694951817225448,0.1668326771412996,0.1662347450217293,0.1657988028179176,0.16528393524058244,0.16493821380522997,0.16320160795030894,0.1625089993178561,0.16289972999036015,0.1621592400963833,0.16159183258907503,0.16139447787557196,0.16050169976470913,0.16039863375099422,0.16129486610057192,0.16164745458445184,0.16249910666808984,0.16213899684997074,0.16137812538156404,0.16095941947798512,0.16122984023563958,0.16109102614016443,0.16109253323553532,0.16198178292677728,0.1625295991470892,0.16333005891495264,0.16372744699261374,0.1637377570668835,0.163789428228502,0.16363156507545878,0.1636651687843806,0.16311895742297935,0.16336078807889223,0.16405353892891153,0.16407968609396587,0.16437091973691542,0.16527315228052045,0.1657272609555175,0.16533020617222705,0.1657866258995738,0.16690628248415726,0.1675469941658964,0.16822446517113473,0.1690276308918715,0.16898864783239045,0.16949076646983782,0.17102157319470795,0.1720000639729565,0.17218546404876983,0.17165027196833352,0.17216510385116154,0.1723501364223785,0.17267521354281185,0.1739880268064579,0.1750948162975041,0.1753592655169639,0.17535399028369175,0.1763093435844062,0.17686103635497005,0.1771451835410031,0.17666198471742436,0.1774387868068677,0.17904960155642544,0.1797773339874347,0.1807081675617893,0.18148276345736447,0.18151597628810628,0.18167775578443335,0.1821013417884895,0.18293300476033975,0.18489363640826464,0.18604686583079277,0.18689001858968926,0.18863092327445247,0.1890189493224335,0.1868642914710221,0.18714368418163893,0.18878456116774658,0.18935766776203358,0.18999790992468013,0.191446200551192,0.1919202709291411,0.1917692780062131,0.19288938096830074,0.19458517375346457,0.19539697374780204,0.1957244992990557,0.1965618643449643,0.19725035092364063,0.19777858649844804,0.19833004832843026,0.19925779650807593,0.1998995674572951,0.201432684576826,0.20223335761622566,0.20225010792795764,0.20317066891915575,0.20383636297897545,0.20458447802673632,0.20629181123475596,0.20745761014925573,0.2080497705742869,0.2085834368082529,0.20925345504419346,0.20999423972350562,0.21026230286769743,0.21064966169436092,0.21125710292657537,0.21194641543621956,0.21263719651855012,0.2135273481717096,0.21425892741121322,0.21508072863981842,0.21609129202084632,0.21752810142346957,0.21789501354630314,0.2176913183810667,0.21806009094076578,0.21745575837297637,0.2176686232889015,0.21880284680824783,0.2202801690394668,0.22081784498075863,0.22194131840946332,0.2226658465577802,0.22323705136818942,0.2236305887575224,0.2235087027603805,0.22420691853958052,0.22541096676508954,0.22617069279852892,0.2274463231895775,0.22810145631779005,0.22762905175717355,0.22798296585531397,0.22910275676993266,0.22956914132301165,0.22868742832694863,0.22903453548262706,0.22960787616459113,0.22970653836959404,0.230340921049634,0.2325950394086211,0.23349898956079546,0.2334306554697261,0.23387511979925266,0.23420008502823608,0.23474405618162086,0.23565731271817017,0.23623240422415864,0.23680703210293264,0.23729685709867548,0.23780188612028158,0.23820752130382022,0.23812108717129474,0.2374554481673371,0.2379585287143504,0.23864165257593947,0.23914625762079644,0.24043979021645703,0.24150148172911287,0.24220676402161964,0.24273455581518086,0.24356415202939363,0.24426818582687684,0.24460263026110443,0.2446204112032434,0.24472330784870838,0.24501571854112678,0.2451878127513465,0.244450189983857,0.24548949150904842,0.2484681939944054,0.24909833587549554,0.2489413444174644,0.24980689531907058,0.2500652900897592,0.2500601982820158,0.25121848086972814,0.2518276194611317,0.25060614328205355,0.25038814930190956,0.251083864258669,0.2519708745755991,0.2524283064440339,0.25256052116874045,0.2530980487553101,0.2539497657068727,0.2542934242234615,0.2543603510163312,0.2549226106031149,0.2554367339595471,0.25589696761207903,0.2566212962479486,0.25746613466831086,0.2586759606949467,0.2591041459043149,0.25851142168003216,0.25928945710404466,0.26100177411556696,0.2612052124132786,0.2616112307362398,0.2627757939605836,0.2634994861620061,0.2630426607343339,0.2633400926299264,0.2648027503725472,0.2650643959820283,0.26414656346334303,0.26414019745913453,0.26423191743115765,0.26442116353147493,0.26559313897781794,0.2657928844408913,0.26450558202238716,0.264661574273829,0.2659773666404582,0.2660147942240777,0.2661366650930806,0.2670995012110827,0.26727580851136884,0.2654533667467581,0.26624150303919353,0.2694041584551663,0.2700828480205737,0.27035601707532436,0.2709311020204319,0.2703170443760961,0.2700649712427249,0.270403292016172,0.27089319240707166,0.271563308366245,0.2713516296628763,0.2702375563517331,0.27038900712717934,0.27212205731301553,0.2734623698693214,0.273231420019757,0.2731948772705287,0.27429048614610874,0.274118636408724,0.27399906876472857,0.2758373797177439,0.27704648137779553,0.27686980999439526,0.27624409157673785,0.27634494346431016,0.2764540782868442,0.27402989670821926,0.27371735401151076,0.2763895973920908,0.277442694238671,0.2785849682099602,0.2787429209481825,0.27737418111513207,0.27649288401920097,0.2763802079318559,0.2761444488244955,0.2763174711874425,0.2776610358902191,0.2781309581445464,0.27820383232046436,0.2781038257101446,0.2777095933301871,0.2779335304047432,0.27826463022872927,0.278187956450865,0.27830319586170227,0.2785945856139625,0.27870662951972636,0.2784680580883748,0.27822903356994827,0.2783040284077908,0.2783173847767279,0.2779826130947215,0.27811474368266814,0.2775359114678801,0.27768192558560356,0.27754941268782907,0.27735090544209956,0.27750933321874155,0.2780975087051265,0.2787038184406844,0.2785206392990793,0.2783097927775348,0.2789220279225964,0.27920840785984563,0.27934302759822,0.2805227595710589,0.28133509166449955,0.28143784750361295,0.2812552948539469,0.28118995883031356,0.28141175997955115,0.2809533323252655,0.2806530178342624,0.2808083045150967,0.28128572684575215,0.28195354486527274,0.2821797345009852,0.2821877610197476,0.28396232943248906,0.2839763457256707,0.2825479771196547,0.2825003361749776,0.28276556501056366,0.2826534793577715,0.28342267387322717,0.2828944378815338,0.28069466294117035,0.2802505078988002,0.28024817038703276,0.2801333906152296,0.28081517381583015,0.2812653245443884,0.2814733691668132,0.28153315213250524,0.2821501607156172,0.28222597744937966,0.2816327736102068,0.28093110293027596,0.2789342138767118,0.278894114909461,0.28091599071168094,0.28104368744138564,0.2809570055443668,0.28111812861048374,0.2798108655851717,0.2790448725357677,0.277622791085459,0.2764922496518533,0.27578046629642833,0.27434853384851243,0.2732521397062047,0.2737388976653872,0.2732343598078861,0.27105665731756196,0.2701804845655348,0.2703247772490098,0.26997667211049636,0.27010861245611184,0.26933912823325074,0.26723580777252204,0.26693776452167767,0.26820032878211325,0.26699046623184114,0.2643195747132017,0.26399185803217684,0.26416670284649063,0.26275005119525285,0.2615206733463581,0.26172416183036795,0.2610139359696233,0.260254852580061,0.2597238443835347,0.2608382557853929,0.26143201394134036,0.2592592739266341,0.2574038893813376,0.2581555836451191,0.25919034362319904,0.25766900228414985,0.25645109017461043,0.25655761881658035,0.25651938233043525,0.2544956827664626,0.2540980228750133,0.25594577596455986,0.2563314920462831,0.25665201433735524,0.25529718810462754,0.2520319610632721,0.25168632939901775,0.25173128733707145,0.2503883960463141,0.2501932589756041,0.25066991025730384,0.2494085411660245,0.2487232724265929,0.25071874420473245,0.2517778713268929,0.252698902376024,0.2513739899294314,0.24749653210308714,0.24622533983799252,0.24421918096453105,0.24254331258839112,0.2436925652072041,0.24468222953481814,0.24566005495777507,0.24487966617038187,0.24322123986765745,0.24136534767774703,0.23951141736330925,0.23745039492795128,0.2370307809545415,0.23930968850480308,0.2401621584761344,0.23819866486451177,0.23811090935975454,0.2378365057185784,0.23575460773873153,0.23562597803512542,0.2376024733634108,0.23889076765128148,0.2383157293698527,0.236228010917097,0.23683397271164444,0.23736484804110355,0.23725505796056903,0.23927174825219397,0.23943346544912997,0.23721640678032688,0.23542503953481897,0.23342077004301368,0.2337295628356076,0.23451926455256322,0.23399486033262018,0.23483610500428356,0.23562329620023204,0.23566788731214602,0.2341881986936694,0.23284847198849043,0.23148885108554143,0.22718481832781015,0.22559637899999868,0.22625524114228604,0.22683721805196927,0.22873158612038766,0.22809458999341697,0.22641323089722198,0.2268882449923042,0.22732919361806345,0.22561776252801197,0.22357249509983712,0.2238914809867968,0.2239713464610401,0.22323415870535518,0.22452330397780018,0.2249692943922725,0.22264881955554675,0.22130525861970973,0.22150861988436657,0.22254717666521787,0.2207370401546481,0.21973341452434056,0.22378457051287784,0.2261689600130348,0.22657296175077254,0.22786254913552967,0.22438821762539715,0.22085734754607245,0.2219974433200511,0.2223102958642922,0.22226573827635285,0.22334737521124987,0.22350630808205632,0.22292517880716586,0.22335368080238902,0.22253234169448882,0.21949373471016578,0.2169618777675546,0.21511612823694856,0.21686407176024997,0.21984364628425113,0.2200393697676861,0.21997195747292494,0.21784232702289358,0.21536731559204395,0.21664759684850066,0.21961635927020398,0.21935487326523037,0.2153753166343269,0.21320989726803513,0.20990294420419367,0.2067797758901707,0.21030023075958285,0.21116292880204593,0.2077608082748244,0.2107017488572557,0.21411020927832172,0.21008955257509568,0.20731463804208455,0.20997138536228444,0.2093105578413387,0.2081489812511981,0.21285617092209752,0.21203125446920312,0.20466953510105232,0.20427031305603674,0.2058256577780612,0.2025463905690842,0.20406874336059116,0.2057688027372056,0.20372729102244438,0.20514775896274398,0.2066374536853422,0.20568625935325835,0.20425542673832842,0.20460463778200497,0.20616659224655673,0.20555975916727923,0.200727868552219,0.1947884830036817,0.19286445286103107,0.19532169654312334,0.19735276202843993,0.19538089475071313,0.19227988634678256,0.19065315066134098,0.18970419574365524,0.1913522929266799,0.19462284774487687,0.1928162437453011,0.1902876926012653,0.19070976784370483,0.19275716976749732,0.19479646196562794,0.19257648867024926,0.1942416800603396,0.19622486411503684,0.1892043829188907,0.19083688941639754,0.19693446892875713,0.18988069874570743,0.18582570109102403,0.18948480294306314,0.1890511963272005,0.1851753588530721,0.18545516753790828,0.18945465514122056,0.1876188175029014,0.18278758514076857,0.17993939090016625,0.1761529504165236,0.17423211163487795,0.18005197289829206,0.1855622273517679,0.1790862415352748,0.17464679453597576,0.17705957650584442,0.1774209765061685,0.18491891672361085,0.18975204251706498,0.1859255942463335,0.18748344972844772,0.18346299292201695,0.17724159001920733,0.1819776708794577,0.18631916818411698,0.19314543288982566,0.19489999594130059,0.18270824572768252,0.17993489886566852,0.1789342045299726,0.17815092715880765,0.18621129716978144,0.18427845930014922,0.17240883683585081,0.17204693085439896,0.17655733335921592,0.17483341372157563,0.17641061896415366,0.17870822666331573,0.1737592230403068,0.17314955163999166,0.18125154291345985,0.177264420937939,0.16462137190187467,0.16138746482907712,0.15749864251846485,0.17121787162711033,0.17568146249468233,0.17167983585297422,0.17521546204172592,0.17242759250035372,0.1704456838446047,0.16986813717199595,0.17104785571935774,0.17685587287174062,0.17562622956955734,0.1704003405077542,0.17052094406711413,0.16804345705308313,0.16336264682902046,0.1639007239558475,0.17312781264329877,0.18334913833823177,0.1737337482004733,0.15621786180491215
33_7_PETVI_1_T_1_00000,0.242024796263162,0.2698494519461725,0.165792853532945,0.14139707044444585,0.2287146299732309,0.2552055665393601,0.21474712796912315,0.14504900048853214,0.1438267900446895,0.18153158439919265,0.208510157235379,0.19640931521362684,0.22184441260152488,0.21575168531718814,0.16421150733835868,0.17120972954835223,0.16282299917130252,0.13849600411462967,0.130789010719759,0.15186025108409015,0.1759000834387451,0.1706226799071888,0.17016897512682844,0.17646789429901533,0.1823215533137837,0.1582726862010575,0.15109242813118015,0.1775162763151304,0.23099367619676248,0.22935410808659648,0.20208955752685534,0.2091344192170491,0.2105884060024958,0.19831466460076166,0.1747634036922067,0.155492137317374,0.15849147894097587,0.177927372207783,0.18277884521265025,0.1842793510486707,0.180381952048837,0.16782098601701478,0.18029410797494078,0.19736901564403644,0.1944530502122539,0.176531366009859,0.17109425831930122,0.18201886309037982,0.17194889750725503,0.17323945319720413,0.1785027924538644,0.1580577354383102,0.16648786326139398,0.17841589361700141,0.16180567198363727,0.16747737083694644,0.18134326627167058,0.18706893483303993,0.17201659788601978,0.15684524835166358,0.15129827184281683,0.15713971462878795,0.16328236388082712,0.1724593624757919,0.18918118933224606,0.1835380800044602,0.17423715534355655,0.1768324107411496,0.16697460761728736,0.16772229693408922,0.18236007584638833,0.18371321530288015,0.18168632644236837,0.179122384183474,0.17621559107430856,0.1743496312711432,0.17190133527338547,0.16793540149377528,0.16995462047053037,0.1743446366697956,0.17720050890449268,0.17603571693799888,0.17425983675433446,0.17234665433891452,0.16733277419946832,0.16898352504704836,0.17567245776929322,0.18081759978359108,0.17929965880779064,0.17634665090612714,0.1772398277754446,0.17961468105815748,0.17840743552994495,0.17353349750929992,0.17425013720684113,0.17532552771795265,0.1764963584648201,0.18054939349495472,0.1826707342202264,0.17969844870313398,0.17132245985526004,0.17479151677205196,0.1807822974541847,0.18128677177065966,0.18173107132961905,0.1827085108765323,0.18278890407475762,0.17665611916973503,0.17584735330415566,0.17852243868215045,0.17651050658906292,0.17841298915007953,0.17932989091979684,0.17426915672509105,0.173118360474051,0.1745606794903361,0.1765022591459377,0.17690632583285615,0.17649206846322352,0.17612517260950133,0.17713144083404184,0.17659321105016995,0.1738918968893139,0.16978513146879984,0.17080072255039663,0.17201952842865484,0.1697101586488218,0.1724496691226329,0.17551844342762488,0.17638024564813853,0.17669406861683878,0.1748270567515551,0.17257360290322762,0.17415928613953113,0.17405741410383987,0.17285874019547728,0.1727784077022364,0.17451803534305613,0.17558436028651736,0.17476856162119284,0.1759587795068136,0.1750597231079362,0.1725817954454157,0.17633210853731623,0.17526997604292394,0.17136995498967625,0.17299626940185567,0.17496768943369428,0.17529274767735017,0.1735330735144278,0.17371172481889702,0.17558706838462987,0.17766791441539262,0.17572488129919242,0.17636476074026428,0.17941544712832116,0.17746900603783736,0.17638089417922714,0.1776055720233568,0.18064615047961655,0.18012637844597307,0.17926849346578416,0.18145547454473168,0.18338748202507105,0.184565327980443,0.18477582095819267,0.1835455035650093,0.18395766109446476,0.18609018751941964,0.18757790741420313,0.1885180121724375,0.1895323833371438,0.1913823716738559,0.19327151036912804,0.193902455432932,0.19306068134839538,0.1945334955307521,0.19689512067044504,0.1986911690716002,0.19806677332713538,0.19887473857175175,0.2011317349019423,0.20240594842705617,0.20284923302188637,0.20263792348698087,0.20221805758683367,0.20314594139482461,0.2043738458073804,0.20489340012398152,0.2046359542346047,0.20439890036285802,0.20468978491517323,0.20593906118549168,0.20586198625412747,0.20490474936332767,0.20502134353917073,0.20543533756916377,0.2056416513349162,0.20542472381615845,0.2062389177223202,0.2072204642591415,0.2075432271214697,0.20688605638723562,0.20612551343257293,0.20593422385122942,0.20703902194081486,0.2068954210553015,0.20567055695294667,0.20483868061869182,0.20490312157381912,0.20521142329547268,0.20492848786018758,0.20379991300214528,0.20278875188393602,0.20240809245916827,0.20215454932308635,0.20156880291695659,0.2006552331602611,0.19989000922007286,0.19928187297313837,0.19842923580442307,0.19686323502309397,0.19584095958548534,0.1955344819333796,0.19567747434107985,0.1951624337780087,0.19440097743248613,0.19360962818811112,0.19245301408243135,0.19140898480026683,0.19088600027182437,0.19130759391458158,0.1911170548858604,0.1900331533816474,0.18843144080803365,0.18822780741854053,0.18874615678642043,0.18903785623327926,0.1886385253951426,0.18772646836846363,0.18675004630340108,0.18676399963037318,0.18641818260480433,0.1858176807669683,0.18586793912600638,0.1858985388837987,0.1857662282002328,0.1854737832883864,0.18507646194837168,0.18485997733123283,0.18478884897172532,0.18375958605581175,0.18329079348423588,0.18356150768772683,0.18307453110114827,0.18271907295289422,0.18238441251079965,0.18161425608289483,0.18186030487930596,0.1826728349394706,0.18332465652426772,0.18416566130455733,0.18471162997052218,0.18496531001706584,0.18646827193976037,0.186744782802543,0.18544766779792107,0.1842451000930557,0.18298801274289533,0.18155140728071692,0.17985195362018516,0.17914856927406525,0.1780260297193088,0.17572941726161848,0.1754119475650285,0.17522081888193267,0.17435306359782257,0.17383071048876336,0.1735819237402616,0.17372046004345504,0.1744248627299064,0.17473781679340122,0.17512540494435816,0.17632479936074727,0.1776848856703521,0.1787829338575133,0.17929101807014783,0.17885011637400186,0.17858300585016096,0.17876195230478023,0.17873455115749293,0.17835237298960496,0.1776283915385248,0.17672957256327726,0.1763786211502789,0.17610802945766757,0.17543829729948654,0.17492942330104763,0.17466670467556436,0.17453589020866797,0.17398185456693133,0.1739492839781496,0.17431002965737333,0.17408764985394842,0.17365609343615215,0.17307537714871207,0.17238323693387902,0.17195448138507047,0.1715042314647757,0.17100660605548518,0.1717991793235122,0.17142344857844644,0.16975493011699905,0.16998804592488448,0.1703555864590122,0.17036439632506337,0.1699905215146807,0.16918964176738222,0.16862943224156632,0.1688742525396646,0.1693247904593477,0.16920020397952307,0.16841922326119713,0.1683287071685352,0.16869302143062953,0.16912682566973175,0.1690104205991365,0.16906178230198624,0.16929360994302614,0.16949163727486372,0.16947286740079193,0.16959178489721996,0.17002934691793123,0.17021540373398458,0.17050150961936072,0.170928127679193,0.1710600419598914,0.17178111647988595,0.17295834079345382,0.17397837269881167,0.17491530301194838,0.17622679616433065,0.1782366635620635,0.18032847433140542,0.18257055462584743,0.1850510917288574,0.18795424694278917,0.1906892749851604,0.19329611625063955,0.19629463202291672,0.20007718298167804,0.2040544617803661,0.20756419453920932,0.2116130579086648,0.21573606580201138,0.2195993688997898,0.22350193493645626,0.22757964113889984,0.23186148891997674,0.23628396472705118,0.24046832852938826,0.2444110262107129,0.24828944441820378,0.2525449338996845,0.25697433934993186,0.2613096766906828,0.26554997369306144,0.26942302278913927,0.27312044466137025,0.27763208884175167,0.2816633917023159,0.2851600981898792,0.28866118557136566,0.292282520918067,0.29595374881980185,0.29951725771705734,0.3026557140224105,0.3055004737914342,0.30828706490438484,0.3114945654522086,0.31420341229425863,0.3165030147064373,0.3190622503432994,0.3214072218110885,0.3236415251684465,0.32587226390040047,0.3275595765297961,0.32911436162326535,0.3307566358660894,0.3322009648792482,0.33367253220013987,0.3351034996853125,0.3362191191853965,0.3373482425994473,0.3383942375701329,0.33923772538273045,0.34043339520629096,0.3413721206631839,0.34184106410801807,0.34279866645687324,0.34363814228718426,0.34420892648015,0.3447028193134559,0.34494785326334065,0.3451944934967443,0.3457288694613778,0.34612054979508416,0.34649117082861747,0.3468768934763873,0.34692825783290127,0.34699363760515634,0.3471880728261122,0.34742928938065337,0.34782843766404103,0.3481961344404933,0.3483088339225132,0.34849334244450514,0.3485638480587723,0.34846628320518763,0.34861189255300845,0.34890114909835923,0.3491871521149587,0.3492519967225284,0.3491749065533155,0.3492229123490604,0.34961457369366317,0.34971535505333895,0.34956591882711674,0.3493648455477201,0.3495137942152149,0.3498182062329586,0.35012449866196665,0.350289963430649,0.35018080942259355,0.35009405038661356,0.35030841370293897,0.3499577509843615,0.3497232767450138,0.34991527467681605,0.3496085645996079,0.34985742932074543,0.35043680868460286,0.3501614185554229,0.3500168060452726,0.3500853540809411,0.35016476401730334,0.3497713557004233,0.349544618692358,0.3497282518273515,0.3496225906450766,0.3496837699059155,0.3498745739487415,0.3498875295780511,0.35001164242926974,0.35008504122366535,0.34993985259520444,0.34979643397332894,0.34978352104122573,0.34984297500958633,0.34959690118953174,0.34939391164407924,0.34952243428675017,0.3501658844165667,0.3503005325525409,0.35003090718574725,0.3497194047174329,0.34986768916464017,0.35006737708893676,0.3500453261453053,0.3496487091582039,0.3498243323342409,0.3500657134435487,0.3495208964224049,0.3491862452602802,0.349119157906817,0.3492989213354279,0.34987432894660403,0.35022047857435684,0.3501139510572983,0.349653761023146,0.349539988508416,0.34955061295734613,0.34942521403937465,0.3501250888464599,0.3503215025182839,0.34970082867613766,0.3497914437108637,0.3499092213282741,0.34990017152014113,0.3498207939926543,0.3499483399662901,0.3503272023602561,0.35076192301125947,0.3504436788812336,0.3500096329848175,0.3497025755667862,0.349401530713174,0.34978098417450687,0.35039321688554276,0.3505583486148551,0.35040718939130294,0.350289510095764,0.3503727782905075,0.35046817513007655,0.350732594219921,0.35098946157591265,0.35092053961477127,0.3506668353697517,0.35077382807601787,0.35137916726253837,0.3511260258210421,0.3513385432371856,0.351967724778675,0.3516880665291765,0.35157056210333393,0.35165098852424803,0.35166216813716017,0.351174562945736,0.35111805037003896,0.3517205649858513,0.3520242448681379,0.35186843852537997,0.35161117457097796,0.3518369215447228,0.3523290976211374,0.35272217269226325,0.35279617376272365,0.35274570023577306,0.35233034705676936,0.3518605298789111,0.3519835913408808,0.3516543049453846,0.3516308656828817,0.352399116845697,0.35205445771231564,0.35182276001024637,0.35207968434768444,0.3522527048655285,0.35213947982769517,0.35210168508648837,0.35246758140842865,0.3522487450616267,0.3524145936747769,0.3531031849670167,0.3529950199843948,0.3523567742704585,0.3521925025014767,0.3534177460413939,0.35330999603107943,0.3522726691418705,0.3513256485579702,0.35223976943277474,0.3529257214843718,0.3529440803607476,0.35272634697404986,0.3527940223296636,0.35284576922117805,0.35277589944870913,0.3534991118674651,0.35354536431190625,0.35302442143948615,0.3531154789114236,0.3533484508934324,0.35295276417115184,0.35177867481273145,0.351817687104486,0.35249591450764667,0.3529137775906925,0.35195910391948154,0.3520698088234902,0.3527572802952787,0.3530168879259748,0.35259879551341433,0.3525922135199888,0.3532055200582644,0.3537289155889508,0.35393344056714904,0.35378724879661294,0.35331065118022675,0.35216514267907406,0.352093587203603,0.35305595658573835,0.3529913347374356,0.3535171660809783,0.35400377551457746,0.3535738881524728,0.3529474030854157,0.3525217730820843,0.35244839619770485,0.3526101540237048,0.35250409249464915,0.3520319924349129,0.3513826527071083,0.3512716016722529,0.3517513974114992,0.3523078217339692,0.3518319099382401,0.3521016352710786,0.35249650160909723,0.3520581242773555,0.351250836972997,0.35137995523967963,0.3520070356322981,0.3508579278610464,0.35028819258548344,0.35043256462965194,0.3508073044890643,0.3508425212210695,0.3511515855829026,0.35136664763420816,0.3502658529596687,0.349730944395204,0.35077760154349613,0.3530014734007967,0.35206556798149574,0.3509934431068606,0.3506988966209841,0.35042977209222226,0.3504663358694141,0.3506936246648693,0.35083238015289003,0.35017790288615164,0.35055611612730603,0.3515577079047898,0.35149373713095117,0.35115931646425363,0.35042121342514054,0.3496005414423603,0.35040357564573077,0.35054405457565263,0.3507841163414864,0.3524427715746394,0.3502036691080298,0.3492647099463056,0.35132268440745995,0.3510964802961401,0.35087750535429746,0.351171975878463,0.3516958926135965,0.3506209116917951,0.3506175759126466,0.3516452529331138,0.35068179777501596,0.35192164206978943,0.35396328801333393,0.3544677287741326,0.3522879914693606,0.35155553273229934,0.35263158953040946,0.35320235574400105,0.35246599335681617,0.3254656451635635,0.32638923143473536,0.3301761624591732,0.3319332622333578,0.33341884068274963,0.33479582424586946,0.3346659790394186,0.3337263130350101,0.33299991835020176,0.33191179626854245,0.3325308749615183,0.3329534011418431,0.33241149707496404,0.3321582112488357,0.33104445245313563,0.329999006039406,0.32951195969641733,0.32972121048240133,0.32966464216949837,0.3298149628254102,0.32997189060529797,0.32997743210004116,0.3315547038796626,0.3321275064061102,0.33207283076405125,0.331757974496137,0.3293986461096677,0.32867891637226787,0.32797293624284296,0.32785361859905154,0.3295833823933954,0.33020457142051635,0.33011413419669416,0.3308989232845093,0.3319982590009217,0.3307679480678584,0.331732777013609,0.33298458430343153,0.33236602871058246,0.3329487905545037,0.33344753824489687,0.3328607869086948,0.3323088380751302,0.331599350337511,0.33073288909190807,0.3305546367888218,0.3305166297282298,0.3313488814347032,0.3324387260061088,0.3336146146792477,0.3340108351510139,0.33324305914032004,0.3322735500363802,0.33139183925055293,0.3308828436688275,0.3310895146083078,0.3323063983498435,0.3334634540285601,0.33348887963276697,0.3337564665511278,0.333904824452096,0.33382430502068133,0.3330076329184946,0.3327223325196889,0.3324463017968734,0.3319603139100379,0.3322902718483753,0.33346322713106985,0.33437998283045645,0.33427216857134073,0.3340541396186885,0.33298011095576335,0.3313986885853491,0.331868426655954,0.33217985290460045,0.3324237350282101,0.3329390635295113,0.33447023147297145,0.33389841943507326,0.333488649978751,0.33363238498907155,0.3321197195258563,0.33165279798965547,0.3314493398682596,0.3306370546769101,0.33107217264360794,0.33182019877606117,0.33265711442258816,0.33351404507277077,0.33380735032744446,0.33378091303094426,0.3326639135462258,0.33234378030938966,0.3320887175836835,0.33217807556553,0.3325343400938153,0.333543914492139,0.33425816475991965,0.3343445525833672,0.3337638733066508,0.33325108495406075,0.3335562351072752,0.3337588546968199,0.3338980343302272,0.3340315088628208,0.33379555612669454,0.3321999117860339,0.331917986040506,0.3322517426408685,0.33279392496484134,0.3326799497940912,0.33283405350717976,0.3334270556938246,0.3331012602128435,0.33302831510233066,0.33387383527317915,0.3332431784061909,0.3324513872033645,0.33330050330047384,0.33279731209780533,0.33241229111191906,0.33253824500503276,0.3325597506661266,0.33195505432137806,0.3317180652901702,0.33202533189995403,0.3315880144819225,0.3309236581489943,0.33109047941628467,0.3318007889480409,0.33179456016118375,0.3311578505581939,0.330327053852998,0.3297819208319895,0.329742353507902,0.3297923410721206,0.3298586985778015,0.3294779770761661,0.327922959299675,0.3275518772146367,0.3280840898260364,0.3276389349858007,0.3270090916837722,0.32671117263221416,0.32601042051950685,0.3251530168890757,0.3248564252813264,0.3247516982573775,0.32390685005959696,0.3231684988939838,0.32346600630457284,0.32320256877308473,0.3226600670565918,0.3226884918320832,0.32245442195486457,0.32185106900156857,0.32142119396180185,0.3209514589189388,0.32091290844673814,0.32110631267398765,0.3210088509251967,0.3211771331832626,0.3214007235719667,0.32056663076290703,0.3201350193308257,0.32072312561017097,0.32045803753358293,0.3202128269000616,0.3207840301806662,0.3202908895006456,0.31963536783483376,0.31948864749803335,0.3194760679175923,0.3193748513421634,0.319695919689555,0.31985794240920684,0.3199434711935401,0.3198939350095982,0.3198191843680901,0.3196498885623953,0.319245411505403,0.31893560010691085,0.3191917063558403,0.319450411897396,0.3194750701810247,0.31958532827192015,0.3196453823706836,0.31945174784798874,0.3193946508190109,0.319648778317057,0.3196265291338705,0.3191875369024835,0.3190573022487013,0.31905945533481467,0.3190977983917084,0.319399663008417,0.3195512132428122,0.3198835996735453,0.3194855122484871,0.31938981683541773,0.3195404207283546,0.3194373432989463,0.3195594160821547,0.3195092751018978,0.31949985826327043,0.3200973532813271,0.3201648760154468,0.31993949939292854,0.31919487706454613,0.3192603869275603,0.31935907131232927,0.31942916036740426,0.32028053895400743,0.32047027330548256,0.319655636735762,0.3196722702985117,0.32040060510463925,0.32060532341400844,0.32077941450864333,0.3209295266769557,0.32105311229471645,0.3207672936536628,0.3206968265863927,0.3212772535410187,0.3217306409708813,0.3215348675869897,0.3214243896713296,0.32099698767481744,0.32114883942356093,0.3215727070154736,0.32164959045055996,0.321974221196442,0.32210374422200966,0.32172691693485767,0.32166393047952246,0.3217312102768939,0.32190563202777844,0.3221578665280967,0.3225218781148173,0.3224934597026613,0.3224837047555181,0.32268119113151417,0.3225379583914942,0.32222522799560277,0.3224412548286206,0.3226441130124946,0.32262646826240454,0.3226532710151708,0.3231587006695863,0.3232725735283267,0.3228445326784835,0.3228831085615729,0.32324756832983464,0.32336399712896463,0.3234602303420774,0.32352400309487783,0.32344572939324095,0.3234541179388738,0.32358249614549384,0.32363194334474915,0.3237162438083748,0.323596971347239,0.3236538138355893,0.3236364186964365,0.32362880151771656,0.3237650170928311,0.32365326022816376,0.3232584624935661,0.3233100398285501,0.32354263028368,0.3234662309652461,0.3234049686530967,0.3235193328117927,0.3234982209098606,0.323534159024858,0.32405753190299413,0.32411582246064813,0.323605878412032,0.3234248382901876,0.3233321799606415,0.32322083602918633,0.32316726048963357,0.32315846829922557,0.3230885136224501,0.3230187202262593,0.32293804229995593,0.32272766767973293,0.3225637657764838,0.32228246700299495,0.32227045641476815,0.32245921217985885,0.3223882714000934,0.322351304244563,0.3223154790139273,0.3220181772899798,0.3219315330945224,0.32204244582236563,0.32212731189238725,0.32251431870049285,0.3223919548309411,0.3218318994791963,0.3215749358088999,0.3209924796346151,0.320733118969148,0.3211716307398263,0.32117344793075225,0.3209875013117074,0.32063270229666546,0.32056043823884456,0.32041556782869485,0.31998323315254185,0.31941901955385665,0.31924163737377875,0.31902383327311334,0.3185487840968896,0.31831626979233124,0.3180582939042129,0.3172442771660609,0.3169189399584405,0.31729877050351935,0.3170846196867776,0.3164664036128376,0.3161703280381957,0.3160207399149643,0.31567545576061545,0.3153961399719142,0.3149718196231251,0.31416817268686076,0.3136292901680655,0.3132984847317344,0.31283859821540116,0.31232653971227303,0.31196737773123345,0.31166456203804876,0.3110243912910576,0.31062675704201936,0.31047917441681355,0.3099286862562835,0.30911780553818996,0.30862765249814444,0.3081998438240992,0.3075159569781862,0.30667758182439964,0.3063422031499083,0.3060824351332503,0.30568205406986876,0.30578686669004945,0.30550009536108275,0.30478511397434044,0.3040872492849215,0.30316350302823036,0.30267765146915604,0.3024011339538218,0.3018866750152479,0.3014971469709443,0.3012238661299815,0.30093239511681247,0.3003880439719156,0.29985191870200395,0.29937368577648105,0.2990159606587719,0.29844303774373454,0.29784927108427744,0.2975638432924249,0.29700808632578524,0.2960295836835784,0.29534352135058217,0.2949410332826213,0.29427672646490843,0.2934849472036651,0.29263540979512503,0.2917530668497952,0.2907938878423142,0.2897456393983245,0.2886106916920131,0.28745009473050637,0.2861504510193721,0.2846352382460584,0.28320088469012644,0.28188929365509774,0.2802664223253931,0.27849597906059964,0.2766669724077377,0.27458605014613646,0.2725113195427455,0.2705249300429422,0.2683545317660257,0.2658757566318244,0.26357286294318527,0.2613236041292933,0.2590449731120088,0.256592796946226,0.2540782508408836,0.25173987993896624,0.24933595124729346,0.2468488568127691,0.24438011044843852,0.2421778282694318,0.23996231098098114,0.2376799508497661,0.23558876011864496,0.23361793845381618,0.23146823595100963,0.2294935359814752,0.22776040295328545,0.22622556722559456,0.22482343539374855,0.22328152660477477,0.22196691632238427,0.22063350216335018,0.2189727424671006,0.21760914502538295,0.21657083519023543,0.21550616526938896,0.2144099374162858,0.2134605301706924,0.212693406155521,0.21191398500517933,0.21111352227475283,0.21048785546605978,0.21017716480688864,0.20958183631152627,0.2087171777109379,0.20818118752617698,0.20777782709217762,0.2073475780580826,0.2068702694551237,0.2066698269276172,0.2063638932912599,0.20573291732838295,0.20547474071624067,0.2056538143887072,0.20544263258657888,0.20501722887183418,0.20483392776560694,0.20471503432802143,0.20449253263107933,0.2042899657931822,0.20418455149315085,0.20400717444864336,0.20390360474388056,0.20395567614957624,0.20400485922597933,0.20410279992731767,0.20406423978740101,0.20394166834574434,0.20399451002096478,0.20411297306638299,0.20406056767347738,0.20395645104664212,0.2040511313163055,0.20416819712343434,0.2041484299484852,0.20414485508498612,0.2043403820649534,0.2045827399180471,0.20463764239399942,0.20478083292254898,0.20499490604228002,0.20492781134383975,0.20500128901002412,0.20539450579477142,0.2057443951601862,0.20594654818380395,0.20593144805865693,0.20630743280578295,0.20689554314411074,0.2070913744665345,0.20724180788490898,0.20760188169680913,0.20775537231416064,0.20807356497244206,0.20876768401484844,0.20924281194006206,0.20943318169044556,0.20992333147837539,0.21076771599062177,0.21120779852331306,0.2113468888687315,0.21190760761299407,0.21261945822414519,0.21308603657929348,0.21369269587652748,0.21424824161020636,0.21448363173009558,0.21490455048833776,0.21556339763705815,0.21614273851508187,0.21664522117033658,0.21714097928490136,0.2176145720053796,0.21824293930633976,0.2189636170995648,0.21955474570255779,0.2202758298748574,0.2208777541975323,0.22126338240855628,0.22169643028264233,0.22199854376073808,0.22258005492222763,0.2234172533630629,0.22402373896972952,0.22461249935871866,0.22535109607560747,0.2261761949202371,0.2267055819271641,0.2270928692994507,0.22771280711409475,0.2282578134324593,0.22868421570689124,0.2291224045734741,0.22984321622164197,0.23076328149358166,0.23132217305345726,0.23183501477485785,0.2325818159332694,0.23317827509923247,0.2333923195978384,0.23372737258481122,0.23421698810995073,0.23485047077737137,0.23539978101414452,0.23581631784956633,0.2364441351557036,0.23705430154613724,0.23736624061342218,0.23780987108159268,0.2385347812664619,0.2391900453411573,0.2396658184759192,0.2401658255105258,0.24087758831614953,0.24145046223698075,0.24181828045688206,0.24220675768937164,0.24263275579800167,0.2431231018557434,0.2435545588776952,0.2439404508166434,0.24444546628400662,0.2448784335584489,0.2450452273646373,0.2455037594988208,0.24624209390677734,0.24676655124041716,0.24733038958619505,0.24775335399496143,0.24791844128908894,0.24834780776981139,0.24885346531628438,0.24935019067500122,0.25006686593995264,0.2505315352770091,0.2508007244427705,0.25117902061826014,0.25148306692508265,0.25186598878148797,0.2523451612750376,0.25277780954481627,0.25319851394411136,0.2536344102022069,0.25408519414831077,0.2545259821757534,0.255051982378819,0.2553967879437604,0.2554806893526373,0.2558740210076674,0.25640064978623656,0.25679672541393694,0.2574209757192781,0.25781816502165883,0.2578129632051597,0.25808969720501335,0.2584952831214573,0.258872042399784,0.2594097475345909,0.25979406569077074,0.2600514033963545,0.2603566808413211,0.26056966511393675,0.2608828198006164,0.2612468940739461,0.2616631129092943,0.26232597503774785,0.2626807941562906,0.2627508223906018,0.2630741139893963,0.26334203874477136,0.2636594965660709,0.26433334403874487,0.2647349840720978,0.2647691266805878,0.2650788151020639,0.265558066478337,0.26589765523091524,0.26629831458137687,0.26668009807460397,0.2669785877589457,0.26718814036009625,0.26723940770429166,0.2675624992133764,0.2680013740664433,0.2683304815613573,0.2689463132833308,0.26931194558991517,0.2692372876709899,0.26942527039626124,0.26977895529527307,0.27001821345022686,0.2702490535346311,0.2705337757618895,0.2707099460051109,0.27100618482689554,0.27167706026986976,0.27196292228230523,0.2718003845925389,0.2720459870038359,0.2724612490290945,0.27264728549059775,0.27286362483166904,0.2732678382556655,0.2738134316898228,0.27391158375848773,0.2736586199134911,0.2739412653831532,0.2743385828099614,0.27441829044313076,0.27466103498236544,0.2751039965175209,0.27540412913109125,0.2754601216967706,0.2756251860397524,0.27600567548830823,0.27618597322126287,0.27624786933918377,0.27657082112952175,0.27692092587633366,0.2769990209762797,0.2771173607500524,0.2775547201267589,0.27780187414528384,0.27774310027060023,0.27780261256544053,0.2778401621974953,0.27801618596538513,0.2784419728838335,0.2785640794743261,0.27846991269692073,0.2786714439765509,0.2789786555691705,0.2790535056022358,0.27911067026769154,0.27929922743091923,0.2794980994146848,0.2794343636618886,0.2791417150053126,0.27933710403693285,0.27983017195808096,0.2797731497374311,0.2796434906519441,0.27979964956948894,0.27979603374271206,0.2795463282118456,0.27938170601211904,0.2794326705602185,0.2792777212064377,0.27899020212838505,0.2789115437056804,0.27903196142667536,0.27904817450326513,0.2787942542627106,0.2785767903226639,0.2787451721360264,0.27878459842654313,0.27877876715896255,0.27951878589571716,0.27959629267439756,0.27862656107898465,0.27849081446413065,0.27886308318881126,0.2788218525129866,0.2789624706366205,0.2790326160896627,0.2787078421122853,0.2785131366296065,0.278472382598618,0.27843724111804763,0.2784013540421947,0.27823281978925024,0.27796293870751815,0.277998226643175,0.2781640863300454,0.27802685374614056,0.27805140062924943,0.27790082574616376,0.2771200169016301,0.2771006189902352,0.27777181799729095,0.2777320680383144,0.277558097471054,0.2773922745727352,0.2768353227370969,0.2765319120681585,0.27649940033100984,0.27644806839825486,0.2762957087414417,0.27610635803803213,0.2760672002003475,0.27596758007396377,0.27562394094421544,0.27554142061964376,0.27584712798493605,0.27561047472073213,0.2750111387612065,0.2749002996886604,0.2748531370396386,0.27432665666104683,0.2743776934973155,0.27478217162635965,0.27445338021633714,0.2741814329582694,0.27440601813409254,0.2738879831196542,0.2729569926424926,0.2729020128160434,0.2731672233725696,0.2728771814284614,0.272517246739913,0.27248075291969814,0.2724701842590936,0.27232095324151495,0.2722795262233383,0.2723545760148494,0.271850905792589,0.2711873298633557,0.27137425317072855,0.27142649628958804,0.27082088672043453,0.2709311949537808,0.27085478113186306,0.2702586865867855,0.27003979272754236,0.27029030857583974,0.27010554297016276,0.2697620181324789,0.2694954634764688,0.2689250728667879,0.26866937778031025,0.268797208387702,0.26852926203316335,0.26799426526204323,0.267791461207605,0.26757409693423473,0.2674687912769473,0.2678795034746493,0.2676939075205953,0.2669268511434653,0.2668436352935194,0.2670395702929618,0.266738835438518,0.2665912228371079,0.2663381678625242,0.26545792428239884,0.26553347232869723,0.2655913482389361,0.2651626577816129,0.2648755565726967,0.2651405975831439,0.26507970429779004,0.2648472624133658,0.26496361458779694,0.26408268206998287,0.26324539973234956,0.2638145855653091,0.2640191155455049,0.2636759722806753,0.26379133663934545,0.2634086234005122,0.26276619190269435,0.26344001887992785,0.26374514810335226,0.26303079558288295,0.2628180711267466,0.2621332851624658,0.2620621488980354,0.26354507635614133,0.26396058590063576,0.26465112126143303,0.26456189397991464,0.26298309643625345,0.26275220835201524,0.26286254692233046,0.26305262558772574,0.2641145586756074,0.26422091852060814,0.2640274284030311,0.2637834210027993,0.2627159628261566,0.263175678578175,0.2634797482514801,0.2795095487649969,0.27960392251104066,0.2797889231932878,0.27972494763429073,0.2797930141271575,0.2789349710429894,0.27894116823497045,0.2787562915805499,0.2770936570863704,0.2776532877186659,0.281256551582624,0.28180946816655406,0.2818600175996508,0.28139994683638314,0.280345674739541,0.2782312674235052,0.2788107087638722,0.28143138876086016,0.2819227446383891,0.28192828170139805,0.282035151926508,0.281776493558915,0.28012574345245583,0.28019298625175126,0.2808927404898002,0.28070462965909293,0.2802094032318757,0.28028167489311007,0.28058930437061413,0.2805008328539342,0.2806464925507156,0.280892127431484,0.2810212601192411,0.2803475396644606,0.2808668658998746,0.2809895244268911,0.28117216215766666,0.2808708507105814,0.2801842862621896,0.27866054276336627,0.27840449900794306,0.27850344341111194,0.2782034174079856,0.2783517823102269,0.27774852405529676,0.2760539781560039,0.27561445879294527,0.2758603812334426,0.27572574848401554,0.27581736673391694,0.2766717654500554,0.2763130949428015,0.27410315827738163,0.2723162893335682,0.27139945647433583,0.27058055960653055,0.27017570229916865,0.2696481328882352,0.26786019511498027,0.2659378719297246,0.26431769887580575,0.2630294058896393,0.2615752514688083,0.2609957385598385,0.261069265220954,0.25940207802593085,0.25777789841351634,0.2561793406088953,0.253275287908162,0.2515114753660144,0.24929549977577847,0.2477709478778119,0.24525485456152143,0.242648897896489,0.23971134597073898,0.23817119516612698,0.23643146338617357,0.23242013961817704,0.22980969137688578,0.22784783038956286,0.2246473454603808,0.22244727859748564,0.2218344370755359,0.22062628009318971,0.2173501996961904,0.21438249868233478,0.21261948685388044,0.21093080307305154,0.20755146737447713,0.20472591025181644,0.20303911937623578,0.2005062443990068,0.19834253868387264,0.19699664613594023,0.19702352945617324,0.19658077735895976,0.19464364655692395,0.19208235246298988,0.1904369020072721,0.1889843226720512,0.18819496062227256,0.18743013420347096,0.18848317916801569,0.18795934076154305,0.18619811251390989,0.18520154606655276,0.1847264766287247,0.18339525087606656,0.18235828071605883,0.18145131233542844,0.180798461270237,0.18104029075799846,0.1811896667841382,0.1821513617045312,0.1823718069687661,0.1822558061843965,0.18210981294629774,0.18178590499425634,0.18122592701753704,0.18031209299837278,0.17969182939637043,0.18030107377835783,0.18128618259296198,0.18126944965897543,0.1807858733437268,0.18071895878736804,0.18017009272862775,0.17983562203750034,0.1806871309633129,0.18139802583162407,0.1809477487911693,0.18019934126993997,0.1802969410471012,0.18070228253696358,0.18065075328804023,0.18121084968991763,0.18162904743174374,0.18095056791723232,0.18089703636506854,0.18147198870234776,0.18293235248175302,0.1821312688978897,0.18150380970445115,0.1835505906876118,0.1845429723004862,0.18402429294882083,0.18428536603178042,0.18488037637071228,0.1847303548027389,0.18419465257385328,0.18413805338957612,0.18490690188180978,0.18583383265749476,0.18516475803385882,0.18540314609645708,0.18583943371112358,0.18533066081979765,0.18532489788524587,0.18582423338991383,0.18810326317405518,0.1890004838698178,0.1894116626853299,0.1896906318298134,0.18988621226255473,0.18947961338492436,0.18906332809850016,0.18912582273767078,0.18935786571463534,0.1898847516616852,0.19019425532520445,0.1907359856904522,0.190662413487385,0.18986712883125617,0.18997756170452423,0.18973877980793527,0.19038399642338874,0.19180374603549522,0.19398701830026868,0.19547779463078158,0.1960846619095603,0.19619271986731227,0.19640474131390084,0.19689209813409123,0.19798185125508524,0.19824504412746546,0.19761143995055994,0.19782170640781882,0.19885184848240914,0.19886112044203602,0.1984152315978745,0.1984391970342702,0.199329933685127,0.19945170431559067,0.20000757141580924,0.201313886910252,0.20208034096583857,0.2014784568297398,0.20168735556714817,0.20324516636605755,0.20368253486993942,0.20252714066158306,0.20297297417797433,0.20470449048848469,0.2052026514030436,0.20427917462963846,0.20456000644639422,0.20523999265954898,0.2054025352250143,0.20562295111368678,0.20761912068123722,0.20806499578628762,0.20633567831815544,0.2062310024280905,0.20715405222907796,0.2077137856998551,0.20850660868285914,0.20900108463158312,0.20928706530541608,0.2098603846592633,0.20955203190985341,0.20944007962475666,0.21001436574622467,0.21124625639005004,0.21141500977335465,0.21150503632480747,0.2119589764843768,0.2119637539057731,0.21208692154336,0.21291598108871101,0.2131345512986468,0.2118816215698622,0.2120785150694961,0.21339812485784218,0.2148801277368266,0.21530154358573242,0.21543913490661754,0.21627530669183923,0.2170702687943632,0.21714584249346497,0.21741839655715034,0.21795595130800047,0.21730451264809858,0.21720696077931204,0.21878195403803102,0.2194336807354303,0.21865836728893936,0.21875311931764954,0.22034073414393568,0.22079649135244586,0.2210593070449382,0.22154666188488076,0.22148745085840943,0.21999971009370342,0.21993638427652162,0.22090160303668663,0.22100528642789843,0.22055993758415562,0.221037563726204,0.2225012756604285,0.2225836805583999,0.22174024778793272,0.22190379861013676,0.22319584442607354,0.22491905449612346,0.22480731487636543,0.22534971875861118,0.22581885931159115,0.22392227279992405,0.22343676693312972,0.2251560093745295,0.22573805141439743,0.22499164767332758,0.2248380168272807,0.22532027106846197,0.2258082823728191,0.22668076550118252,0.22646303635455076,0.22656496147498928,0.2266469423190205,0.22702567057637799,0.2273165283088948,0.22777748925337432,0.2288687984426937,0.22927048570210426,0.22910477890667177,0.22928293493528384,0.22940105172784603,0.22968415882011653,0.2303638252430586,0.23063406464061542,0.23066731434958815,0.2307546579811227,0.23069693191574553,0.23028514570218653,0.23080373335824042,0.23225680296161633,0.23252012417053936,0.23245369080029057,0.23278740757227817,0.2325695166392153,0.2327057719387085,0.23382046624920388,0.2341753650456215,0.23381688115555543,0.23372948391260323,0.23354238577860437,0.23357947880905622,0.2340729940959522,0.23372900747486247,0.2341395809453065,0.23531197414974886,0.23518748590356814,0.2343290194054208,0.234648475195754,0.2349334580188007,0.23501708148728911,0.23552109068358146,0.2366609250911068,0.2383152944815278,0.23850157514175804,0.23832524818525527,0.23912033473285982,0.23946325462654516,0.2392749509367583,0.23963916705982924,0.24046637306374113,0.24073771841081426,0.24057611803498,0.2405600069310723,0.24203092675168175,0.24176518587779644,0.2390964580529637,0.23921415157643725,0.24112267453711064,0.24129071929975487,0.2418595081476654,0.24186451921482305,0.2399119984331482,0.23948141977670087,0.24013509624746218,0.2404589829640048,0.24115305336076073,0.24153258435429192,0.2409358295456173,0.2419772460726882,0.24318836319895779,0.24345255022083523,0.24355841796445918,0.24387069802598668,0.2434064841668695,0.24167295717501666,0.24122366909469875,0.24049540968542207,0.24101087964118756,0.24304835248037807,0.244035890652125,0.24623681218705074,0.24660893051502744,0.2447616250569137,0.24418644901051267,0.24290113942581568,0.2426598381774183,0.2446685062796502,0.24492848021594835,0.2446458824582113,0.2439043784957885,0.24332407159079797,0.24127245532014924,0.24146259984086477,0.24336541104358186,0.24371174169768559,0.2439573373669693,0.24443225201409433,0.24512443549747837,0.24453765944248296,0.2432255097380892,0.24276888676497643,0.24125057545997836,0.24045129650220132,0.2417012875928702,0.24147371468694695,0.23829755446787249,0.23831973433261783,0.24149055569793743,0.2422637471677353,0.24307387026810368,0.2443403877551669,0.24567243864591257,0.24542746168126447,0.24480768062617983,0.24557232804908266,0.24551408405968475,0.24260454774366744,0.2419468733869905,0.24369464101093144,0.24360276355987504,0.24210512131703615,0.24202111453386052,0.24244592614866464,0.24259402128916563,0.24345310434195538,0.24389024160939593,0.24441721171108224,0.24408557187062987,0.2422723958071675,0.24201605157326916,0.24232548930313166,0.24194726123924237,0.2410773899201265,0.24277251259115004,0.2427485909708632,0.24172464711931027,0.24174019941589744,0.24297405075043974,0.24215455113984363,0.23988392104719455,0.23987283619197433,0.24007162198618162,0.2400058420992907,0.24153402831039059,0.24181023255644427,0.2406016819648858,0.24022815229392694,0.24033610919358894,0.2402228368137606,0.23989396792907378,0.23976958466923437,0.2407311345793693,0.23998513512340702,0.23711823385442984,0.23627269351113156,0.23614703894182715,0.2350464684695189,0.23398760325899923,0.23418257968278774,0.2342993328764679,0.23436761437314618,0.23450773042015946,0.2341050936066283,0.23390934450050238,0.23136123293890923,0.23160987507440167,0.23525269265428692,0.23484050572490378,0.23263813153166205,0.231592687994691,0.22922947720231257,0.22773965708829794,0.2264466041863986,0.2268838544718107,0.22936976716743537,0.22901881441372032,0.22885419614178235,0.22852456406644645,0.22478161142866543,0.22371173127770125,0.22572606837286152,0.22584670068173146,0.22462143481169622,0.22496146895522565,0.22672241373850469,0.2264862492593221,0.22406738106969554,0.2264436257817231,0.226104253875725,0.22281672949674058,0.22361616400438297,0.22276286260970063,0.21986796723580582,0.22168619875975476,0.2228878574870451,0.21866802281808292,0.21843685756775225,0.21884170622814023,0.21928734628744434,0.22203984746057603,0.22199198386901367,0.21985357935198632,0.21856043351352547,0.21662403499021987,0.2156946206761264,0.21412148772646608,0.21475132780978112,0.2183963581294016,0.2185517624468714,0.21800677465485388,0.2189958741236138,0.21871545640336992,0.21786477360829606,0.21892421617385416,0.21881614276209777,0.21441089639155303,0.21402517267792875,0.21839745178356587,0.21914672085151485,0.2184203365756631,0.21961266354412773,0.221328856747145,0.22001772718369914,0.21552567976648604,0.21758815867549083,0.216923764198375,0.21456548848201545,0.21776794633391247,0.22010015123641888,0.21747917153887467,0.21408037365627078,0.21338321594744833,0.213103462964318,0.21021570998774144,0.21043289020482284,0.21285758394671261,0.2117669924440567,0.2133219296491764,0.21535392325774877,0.21597843748436185,0.21386272774258497,0.21383145303756568,0.2157187308881704,0.21593617051135194,0.21317867625672235,0.21396431709530495,0.21858802016567797,0.217929731882921,0.21587488334230384,0.21571803187190225,0.2127827316350787,0.21087167753545571,0.21166350276016685,0.21146431990501108,0.20805751430017017,0.20783209691021418,0.21252153872680635,0.21318621083014827,0.21145214810604843,0.21216120155809334,0.2135676085272007,0.2113909837683531,0.20780362553734955,0.20724430352954293,0.20583396894201095,0.20423741478997764,0.2049830369043803,0.20548845990778258,0.20312416146869508,0.2032089266877674,0.20828659996055165,0.20903347033758368,0.20637771862095075,0.2063520054459833,0.20593206130366778,0.2067092175810978,0.2122163898816149,0.21171339345708756,0.2069413144857644,0.20414124957539995,0.20124228891108234,0.19887819841624996,0.2013070443485542,0.20795984879099905,0.21129296586137403,0.20921956225609925,0.20751847054622383,0.2062820464955994,0.20245336304416947,0.20223376552421873,0.2037713161983918,0.20065579577023754,0.20309256606710918,0.20982572104442618,0.2087462674097706,0.2044383290841477,0.20263174197342293,0.20028101346716545,0.20031358007775033,0.20631129719973793,0.20725502533682866,0.2012910569008814,0.20028198243018544,0.2033586089993167,0.20522157207774594,0.2092932516520195,0.21371418513299753,0.20937120253103206,0.20261014182870452,0.20464673798137623,0.20443383324935313,0.19808273766626858,0.20154924263207147,0.20660232371458578,0.2003488886816807,0.19708786780886434,0.20196356654760997,0.20220463631241478,0.19860865540650358,0.20046660123952878,0.2011991467168241,0.1926203148824363,0.19085736203993137,0.19836775241870727,0.19872640454189353,0.1992672896399038,0.2036202642298715,0.20502578691051979,0.2014177194510918,0.19792504804577168,0.20042313944413018,0.19992622204613142,0.195836516550674,0.19564656336881886,0.1964102966522706,0.19798886966963145,0.20153293420425492,0.20157500172005716,0.1962228495179333,0.19049921360257865,0.1938790476741157,0.20278296695785178,0.20539214467882558,0.2060242692929604,0.20988414170870326,0.20934682765624518,0.20533182662126837,0.20711434157389502,0.20480619735026034,0.1945731420797706,0.1970045464978839,0.20294120022781056,0.1923918174771919,0.19048742011771924,0.20143677124189976,0.2006303911193447,0.20057935351042186,0.20276453440170178,0.19110968927379546,0.17969049345385618,0.17958838453299836,0.18433496708794284,0.1948181878592717,0.2005161887827384,0.19636718483327073,0.20146416124456792,0.20194599721165396,0.19084464914594984,0.19116096605133368,0.19041961798485177,0.18090129734031302,0.1804195021473602,0.18829889251051868,0.19025782021720297,0.18944828889780077,0.1853879396185167,0.17630163433532497,0.18068984293861123,0.1899455172702587,0.19561269163111303,0.19917574350126482,0.19071230794195046,0.17971254663055514,0.18429134780183618,0.19234628933504624,0.19152423052182346,0.19012493953331344,0.1836794408429742,0.19295307839448597,0.19121262831851002,0.17601619791868575,0.17774790138009475,0.18164533923579665,0.18349063558176978,0.20669404949530534,0.2046143699293126,0.17423586792466383,0.17333867966325137,0.1773966067354035,0.17828998731351117,0.19544374675155707,0.20171041462711178,0.19521632523843993,0.19588274843273398,0.2029679632751121,0.19582189718533716,0.18462995314031816,0.18047021077707576,0.18051426264284845,0.17647388260473587,0.16962266273806742,0.1732606627758535,0.1773824887176324,0.18718581519196295,0.1902282039197089,0.16706969739810246,0.16271838962458401,0.16858049952606102,0.16622263649567956,0.18215178850122926,0.1970961281410965,0.20161733670699225,0.2144729478365406,0.23298964827714053
33_7_PETVI_1_T_2_00000,0.13429996123017096,0.03805522650688562,0.05073092174015362,0.15642665037909229,0.2339724369491693,0.11111337101392632,0.0705311841017365,0.12758936449553673,0.13706271481500196,0.14461562264825298,0.16604532141234446,0.19741137746587517,0.17934758772159332,0.1454331962543691,0.12968539294918505,0.1494654988426938,0.13972721955108927,0.12046094870400266,0.15520651117794187,0.09053251228017369,0.033501649141686796,0.1202629870974178,0.16137125482038084,0.18973328624625013,0.21439337338552597,0.15248186617705037,0.0975844654440179,0.07983456822956919,0.10584909038012726,0.12243558746052464,0.1270951940336015,0.1285952528982774,0.15161226236190847,0.16900217614737742,0.1590774012133217,0.1384230902753159,0.12045076140868069,0.11263025437168088,0.10677565183738345,0.1502390455951365,0.188415726336498,0.13880814559093807,0.1558776664144265,0.18816948881292755,0.1715033545475006,0.153788142673917,0.1511999925047306,0.16083144243409941,0.14769693421022265,0.14516209284017428,0.15452835111206092,0.1592839927765367,0.14958507473198285,0.137851899318253,0.13913460711944522,0.14563498573449235,0.15058011845139535,0.1491166891954901,0.13523289518484422,0.140053431826221,0.15984865756239733,0.1588980971302779,0.15597511501592046,0.15112012086169657,0.1406127751808848,0.1367583527301861,0.14479204869899362,0.1616576371866413,0.16087336605680208,0.1582631905770691,0.1607457925865238,0.16248868088456137,0.15851228774999468,0.1530147480928841,0.15534667549242426,0.15744890688506133,0.15576911923148493,0.15004304778751762,0.15216496842898042,0.15572189051499064,0.1561574763094416,0.1569761469000125,0.15819526989732205,0.15968841343661516,0.16104202473202353,0.16479201835707005,0.16702140942033256,0.16219473063649223,0.15989627472371723,0.16329061440472897,0.1710377246914676,0.1688086899447571,0.16596556992345804,0.1666967019692059,0.16392517940745865,0.16614574053356923,0.17117542983201456,0.16937320961876579,0.16899503300206456,0.16889168961184012,0.1660594293145848,0.16491483388351572,0.16267138042805457,0.15859844665532036,0.16098571506075968,0.16463014476947654,0.16629987692109607,0.16413190578279868,0.1666503140235021,0.17087602432554666,0.1684862909990781,0.17067612323050552,0.17251844571827765,0.1681943285647771,0.16629309337515255,0.16584826057013627,0.16574840819206688,0.16629617266746138,0.1665487033428526,0.16686098428174687,0.1690126320303519,0.16875166648076342,0.16668767238277735,0.16526551312282836,0.16529181403029308,0.16564514529817928,0.16559801138401437,0.16767974387571194,0.1692910906879345,0.16899341599762796,0.1672913347189963,0.16362220651484524,0.16077070246436,0.16397628917149648,0.1646424277849495,0.16399351172104368,0.16554367418986418,0.16728219612457018,0.16780741306496866,0.16665193959857297,0.1652339009506044,0.16649994645936353,0.16898117506885013,0.16404755791683148,0.16311807659324185,0.16578630247395734,0.1659408280335025,0.1667572838408769,0.16739980027199305,0.16675155402855202,0.16650734317275812,0.16695111014388322,0.16795334569906495,0.16905921048912076,0.16817231950192818,0.16612382421382552,0.16701620348145224,0.16797534449724033,0.1690068693192609,0.17099379368642129,0.17166287577806574,0.1713744794812745,0.17119203259244764,0.17302476274839906,0.17450595419715384,0.17462724513858785,0.17518149563952354,0.17683027025133466,0.17895294370046555,0.1796578330114011,0.18138944017165914,0.18350713408313427,0.1845826376706402,0.18655942124632396,0.18819301285591766,0.1886600437371481,0.19036371924394782,0.1927562679453003,0.19510134487539646,0.1964385292258488,0.1968786468775376,0.1969629908693528,0.1976396805451344,0.1996679059237946,0.20171479547249127,0.20212833611443584,0.20241131244304866,0.20214303781690493,0.20148663569986533,0.20328123994399078,0.20478234877585627,0.20486033188373964,0.2043699138802177,0.20418303538778573,0.2044492497841645,0.20486340430096042,0.20505447598696513,0.20539754308577193,0.20627908614441515,0.2069599540290139,0.2072286143851838,0.20709449646000175,0.2069176694822775,0.2069289948295881,0.20708441432597594,0.2069995720861693,0.2068320491011075,0.20675112779969412,0.20691307772455894,0.20659453095904345,0.20576097637756646,0.20462917334771233,0.2038313465269131,0.2029479736308744,0.2017933393553773,0.20085925186588496,0.20012524863886658,0.1996671177399666,0.1997183052532171,0.1986125664193183,0.19670400797344836,0.19516633278842865,0.19390003277414328,0.19325852994359166,0.19326013235736386,0.19245399478024197,0.19108855906544897,0.18960925259779068,0.18868428702243123,0.1884928790511116,0.1885389183788458,0.18768268262689033,0.18684344412602807,0.1863836126851015,0.18635772562105474,0.18551740847117543,0.1845316922890917,0.18406198047242303,0.18391406005214458,0.1834317897720111,0.18267432974563624,0.18303027713724299,0.18244630082979596,0.18150217005321967,0.18226510999032966,0.18201876174475987,0.18118774990227887,0.1808261590123699,0.18043456231949528,0.17975099552629886,0.1788247573167849,0.1784990551820849,0.17836195137335079,0.17812626887232838,0.17756832820996016,0.17713449588422042,0.17692160868375897,0.17681789953692728,0.1758251514246116,0.1755836354427317,0.1774939830831595,0.17844536558894433,0.1791955066160251,0.18026278747367497,0.1811018906360022,0.1804582499081118,0.17859454405173086,0.17734189065723413,0.1762494280721494,0.17475470541704113,0.17244123996670757,0.17193112548816397,0.17139132480320965,0.1693849986779739,0.1683444532433532,0.16803339400875414,0.16795196350361538,0.16709898961962324,0.1666806325332817,0.1669221761562047,0.16747408238529377,0.16805804886289177,0.16882226535852504,0.16992984713158302,0.17059898451043318,0.17121947081857236,0.17196286892014576,0.17198454827376874,0.17175186651208657,0.1715959830157347,0.1718011242051431,0.17138960532672673,0.17049374433658346,0.16970718590764794,0.16852274029280603,0.16782722462406463,0.1681437488465887,0.1672188348244052,0.16651999073683546,0.1666923107159218,0.1664878963660637,0.16588560293356117,0.16539830338364714,0.16611049120250357,0.16554842664319266,0.16429353606074387,0.1637999293740774,0.16369419841413857,0.16339551861216386,0.16260659062013041,0.16197753208976778,0.16159143943339135,0.16131110573869542,0.1606399523326206,0.16028011191674485,0.16008927537578888,0.15956642386693884,0.1599197907125013,0.1603478879828173,0.15998599899214672,0.1600061172583461,0.15979217308174112,0.15915057832919102,0.15901341801501928,0.15892992465757041,0.158954236858788,0.15953764658775155,0.159691884899688,0.1597449157886313,0.16029046264701735,0.1601604644774208,0.15990626753064682,0.1600461585554337,0.16031488105714356,0.16075915165468285,0.16145315684589115,0.1625888244262577,0.16322143349834312,0.16359212074017912,0.1645311002577834,0.16626533384391703,0.16827996369309117,0.1701782529336741,0.1730021434408494,0.17581608303727492,0.17838242208864638,0.18210119593278637,0.18571954620808853,0.18927019204354073,0.19366817644904682,0.19828901979905086,0.20302056273591973,0.20784532867301928,0.2123467684638419,0.21713985473525,0.22253094456843567,0.22789603413769124,0.23272960356638672,0.23726385185318372,0.24255904143599205,0.24772126626735494,0.25275379091258643,0.25792790814801175,0.2631561759557167,0.2683256316765569,0.27337543879736326,0.2785807517721666,0.2834175776761862,0.28790237711272093,0.2928966574250878,0.2977395451348871,0.30240004107633645,0.3071353237123727,0.3120203496566061,0.31676227463773154,0.32110233917774555,0.32521187419366754,0.32900494438162214,0.3325199371985277,0.33598090250907686,0.33953933685660065,0.343022114878669,0.3460219150992221,0.3487539118433427,0.35136952166351276,0.35395572865531094,0.3563588589640459,0.3586228321491401,0.3607971682041132,0.36298228121167064,0.3648609276409487,0.36638770558182443,0.367719847614504,0.3688236163931804,0.36990497313381093,0.37115335327738436,0.37222282143722296,0.3734022017425817,0.3747089344959209,0.3753495695166713,0.37601574704007323,0.37675779298377665,0.3771032063968735,0.3778322419533702,0.37861473227642894,0.3789165676591368,0.3794253518094887,0.37987230096370267,0.38010665029902097,0.3805252341634991,0.38094386151911536,0.38122534697139104,0.3812462237551835,0.38153644670545583,0.38201739741901375,0.38236643103037704,0.38207058208390055,0.38194560845077624,0.3824272656926446,0.3826302724884804,0.38297790836238493,0.3833046180051385,0.3828899747197976,0.3830879503796948,0.38348818629664055,0.38328295852122435,0.38323441472402464,0.38344980098530523,0.38384240892127397,0.3840389989951909,0.384158182902871,0.3840630621006304,0.38339453413566316,0.3833017423562322,0.3836475354711635,0.3838768555271236,0.38355314353461234,0.38349822110622395,0.38405922801097025,0.384268134863105,0.38438629254589474,0.38439576153021127,0.3841128596832434,0.3841950923463665,0.3844059164401985,0.3843464338225674,0.3842097482632908,0.38406272224319016,0.38398437027698773,0.38414200005119875,0.38414573610201475,0.38400942405418226,0.38400686048868055,0.38438457305173807,0.38452499430942744,0.38398930968918416,0.384039667727275,0.3840736992171464,0.3838924151771407,0.38409531868032804,0.3839568372218059,0.3837115999232146,0.3839832160927419,0.38409505613795697,0.38406047014246825,0.3839891075421108,0.38387857189020913,0.38392413335290204,0.3840389745663763,0.38377143578987344,0.3841693094152473,0.3845411065542178,0.3838468531197937,0.3836645200616596,0.3837498569426954,0.3837895654713835,0.3838222300941012,0.38377869001919834,0.3837181422479304,0.38379723908733293,0.38374895667577363,0.3837674831997435,0.38407439218480083,0.38452433512513656,0.38448187948465395,0.38397548229098677,0.3842150158565051,0.38413028226958074,0.38390157775371386,0.38418539266696766,0.3842384489376498,0.3843658458501138,0.38470947525881,0.38435150671044516,0.3843219481547072,0.3846218234267052,0.384260328923334,0.38416054004611716,0.38448334726525935,0.385059643045109,0.3852259979522244,0.38511909276199896,0.38488435854153663,0.38448990740272665,0.384734815627374,0.3851544108352726,0.38474659444232934,0.3849064367468144,0.3853077557692733,0.3855458691974847,0.3859094997225768,0.38592898589562147,0.385681536510103,0.38575816724699913,0.3855818945134907,0.38555631661000817,0.3859916347260819,0.3851978731164959,0.3850457539546435,0.3861062934920985,0.3866396649940206,0.3868093110189397,0.38663786571760506,0.3862547896087662,0.3864165985726279,0.38650041679959946,0.3861796181547851,0.3863489389920871,0.3862886004362331,0.3860102438860561,0.3860096514237833,0.38619989364498697,0.38666481546257847,0.3873013633277902,0.38728061062799074,0.3869983636692167,0.3867727648703866,0.38683137966286935,0.3861997620524353,0.38588777105297367,0.38683129585979753,0.38612971182960987,0.3859803046488166,0.3870848048682743,0.3874102743115814,0.3873499666694353,0.3872920171960016,0.38752204220315956,0.386678047261189,0.38624687256376017,0.38690841600813053,0.3870782701955885,0.3872265578891748,0.3874575059042674,0.38772542740689775,0.3877719576622291,0.38770651563050007,0.38771185755320325,0.38812145177715524,0.38776028699474135,0.38688813653105225,0.3867558698452245,0.3869996452870975,0.38721695879322765,0.387093753750008,0.3866087155137164,0.38653025834422766,0.38687758207767536,0.3870179097999427,0.3872514669853634,0.38737492166463516,0.3871652705216873,0.38659998777853444,0.38666917867868283,0.38742419814184786,0.3879426267352247,0.3877233083635712,0.3869085575274881,0.38611392278858697,0.38704869638618405,0.38748928687785006,0.38706659091593515,0.38757864807451176,0.3875619061813622,0.38743890206230297,0.38781144119746663,0.38777587878965925,0.3873539993525219,0.38670541950288095,0.3861105919386347,0.3866412371397405,0.38722110458767156,0.38669335503891633,0.3865782799615665,0.38662231227724075,0.3866443176160823,0.3866112802198396,0.386323853349266,0.385839602856294,0.3852786691940601,0.3845218582647575,0.384467719752025,0.38516900053379416,0.3857321171913549,0.38499504778545585,0.384108744814888,0.38425724437160896,0.38404437100481065,0.3844355375149321,0.38516280683185494,0.38480260602915567,0.38380016549756507,0.38325415401488244,0.38377348317902593,0.3838561284945908,0.3837269357280624,0.38352623473570613,0.38338276394455517,0.384144290512443,0.3843941109416189,0.3833649250317985,0.3832484491130609,0.38322087594496845,0.3832355201811073,0.383572594869742,0.38313544608460626,0.38367721315549,0.38536881912164167,0.38386235154117027,0.3830025480235723,0.3835769892528692,0.38473233287960973,0.3837059199773615,0.3827735232366225,0.3831238628800996,0.3834948207865825,0.38396041344516285,0.38442841916283105,0.3848275719562092,0.3852812322926965,0.3855688056419591,0.3850912807054781,0.3829595613322719,0.3816751895455151,0.38292720696827803,0.386130912166478,0.3840407443952764,0.3835685262168368,0.38522093154982523,0.38534744702316304,0.38593402384690206,0.36690302286097815,0.36677864850578173,0.3653606855470263,0.3647584815641478,0.36418713700030036,0.36491916240251165,0.3648915893018739,0.36640857519389075,0.3679139754558137,0.36777074590934383,0.36848390336699016,0.3680630134934316,0.3671626755931354,0.3675822626323595,0.3674937002408491,0.3673470236930085,0.36730876214183555,0.3677383346234074,0.36701428532596225,0.3661729876856535,0.36665396377221476,0.36697009076830484,0.3675104507910044,0.36856352556447713,0.3685794394173442,0.3681794974007651,0.36846524981952755,0.36834220570613335,0.3674083974554504,0.3669689481386172,0.36614195299759694,0.36638752665486113,0.366906249065979,0.3686759499021729,0.37084178626166076,0.3710976424758425,0.37059283001360716,0.37010545189375954,0.36890491144498533,0.36880170635392995,0.3692302125840793,0.3695357709827772,0.37066851620338376,0.3722019127714245,0.3727574859060489,0.3728096555673664,0.37249101481114655,0.37171458892003517,0.3699932225671795,0.36948719120499895,0.3700264569017741,0.37031012380440104,0.37142091364566726,0.37152081777628887,0.3701249173242438,0.37011164085364423,0.3704697109128454,0.37115251076577394,0.3725446750717591,0.3721067162154264,0.3718510599124286,0.3707180916784032,0.37028298672471593,0.370606704821826,0.3718551766673377,0.3724008978938246,0.37320171135655356,0.37307875306772426,0.37167256507984753,0.3721965782116161,0.37253732165494774,0.3718543470682522,0.3722289703521334,0.37205643836365776,0.37080670153130424,0.37071204047413114,0.3713752638546804,0.3725981371130744,0.3729436919568212,0.37350833157752783,0.3733975067457641,0.3720099251306892,0.3709803206373052,0.3706021427769998,0.37087663111631625,0.3717980073410664,0.3727513281501679,0.372942985934915,0.3723196224560894,0.37170687786712264,0.37146454281908725,0.3714713341535808,0.3716236868669242,0.3722578753759721,0.3721789297452635,0.3724027922736314,0.37278739532482097,0.37235489677600264,0.3727182728008953,0.37297212051822315,0.3719291351924369,0.3715447862240672,0.3713252532133521,0.3712241069512076,0.3716922662282732,0.3716821911917284,0.37175562821913194,0.37167066734997567,0.37110929610112486,0.37071486662100817,0.3712723059335739,0.3712721254161719,0.37137909875420094,0.3713191959441338,0.37047854413677833,0.3705959898968336,0.37074876090434933,0.37042091296014995,0.3708684604878188,0.37130617330450216,0.37125628536758376,0.37124447146272443,0.37071209614276696,0.3688103844197001,0.3684117967124923,0.3683457643097896,0.3689281498701622,0.36912813638519415,0.36930563523871696,0.3693318655884218,0.3683898767285736,0.3682401600038331,0.3686240701725299,0.367599594800831,0.36724807844970553,0.36709837392261097,0.36572441061659866,0.36507713110571505,0.3646635743914435,0.36412556767902754,0.3641496749969351,0.36379888192047166,0.36345736910165305,0.3621039487794205,0.3613268343495278,0.36040961734887195,0.3597530532271579,0.359638935638083,0.3589212454076487,0.3580470733586742,0.35782688716564215,0.3575450605513454,0.35699216859980054,0.3570006782497643,0.3566396078490512,0.35541310633606255,0.3549420646840754,0.35507528424673324,0.3548738963184933,0.35491000962915287,0.354707219671187,0.3544454876462602,0.3536497387153703,0.35329323352612746,0.35322930364089344,0.3532920381242183,0.35341646731433823,0.353534360262337,0.3537797810576637,0.35340599919765225,0.3530539847438993,0.35298034591571,0.3525809392652967,0.35243054542649566,0.35315291859681414,0.3531862187056566,0.35253220394144913,0.3523090109733028,0.35208937546758773,0.35199364690524315,0.3518758828763128,0.3520484897042766,0.3521843246763515,0.35194059876680434,0.3519906700520336,0.35223920896613214,0.35210657154067637,0.35186300977864404,0.3517322229264913,0.3513422200972324,0.35132476708677574,0.3516681642357862,0.35164847274836597,0.35149880128533956,0.3516726773220851,0.35210976606827254,0.35202547403341616,0.3518819842205234,0.35159727801051255,0.35103052425096193,0.35107265502561025,0.3516317498918619,0.3516969430911334,0.35158902122862973,0.35177148256692214,0.35198693396849245,0.35222648930649353,0.3523109370967171,0.35221211671851377,0.3522122977348175,0.3521515909220143,0.35228633348095423,0.3526901805272555,0.3527664706807558,0.35257853863899463,0.3526493886245792,0.35275549481045504,0.3529218945306092,0.3534449673303153,0.3536215295766084,0.3538561139262342,0.3536816516865278,0.3533406464782916,0.3535897762468001,0.3540173756356157,0.3542407340725329,0.3541830012277108,0.35395765035406257,0.35396737404144646,0.35362588862040456,0.3537003840272062,0.3544037548268762,0.3546231582582937,0.3546385952592305,0.3547329190172198,0.35476383186876753,0.3547960119926437,0.35490702390063905,0.3547611292933115,0.3547847643385825,0.35524132155069993,0.3557075539886579,0.35582712731025096,0.35575013766761454,0.35565054819483044,0.35568488440210316,0.3557542487234691,0.3558749603078266,0.3560523137111721,0.3561777455232212,0.35645667675475573,0.3565604835534883,0.35640122699045135,0.3564882959071146,0.35685988626080417,0.3567388468215044,0.3561629053357945,0.3562765505070086,0.3565258198920406,0.35647604378696185,0.35643554766761587,0.3572682202544614,0.3572267949673382,0.35671832626701716,0.3565702212267145,0.3565239301056218,0.3565097331456123,0.3564843877542867,0.3565637302132497,0.356809363099698,0.35688520987649686,0.3569707247278945,0.356923857815719,0.3566314927644123,0.356698263963111,0.3570420475359456,0.35699856471956337,0.3567500493379003,0.3568338882966758,0.35714851604649667,0.3569440294003214,0.3566084951576342,0.3564489431142143,0.35633050110935316,0.3557520227819545,0.3555277518269009,0.35596042325896765,0.355932147345394,0.3553934013834606,0.3553468868790622,0.3557595632479844,0.3556706781652483,0.3553221637990552,0.35529283922792115,0.3553326443398128,0.35508245023273577,0.35475332211566,0.3547438465807327,0.3548713791407926,0.3545104434443074,0.3539873624944992,0.3538362457676239,0.35343444638873234,0.35304703653737046,0.3532686650131926,0.3531927796445456,0.3526028169975671,0.35212574997766843,0.35183620945108773,0.3516258348243986,0.3513698109372302,0.35101787574211546,0.35068130669247555,0.35062132496653836,0.34997443255473815,0.3486400660074434,0.34824966099887844,0.3482475234798023,0.34771325149340304,0.3475089434369171,0.34710083955190707,0.3459053708929019,0.345287141611304,0.3454025587813066,0.3449151769399847,0.34397217076519976,0.3433943342710667,0.34288516901768984,0.34228969612495524,0.3420926704523537,0.34149255099820525,0.34041806562711413,0.3393089514979445,0.33908423300176554,0.3385926138478102,0.3378715048167775,0.33741472521948623,0.3367672024856439,0.3354875551266943,0.3347549016666565,0.3345999878874071,0.33394254355452724,0.33285012785247464,0.33227987024041844,0.33210473543045593,0.33138404841444136,0.33039801259039003,0.32989948931299873,0.329513048687623,0.32874964025289694,0.32802739676841963,0.32756061481975773,0.32687308409203425,0.3261387922092388,0.3257983584124567,0.3253402800672513,0.3245521975564811,0.32381836184320645,0.3232796654892842,0.3226669799722095,0.3220096439629365,0.32116653605562756,0.32042811679733196,0.3197735712183263,0.3190728375234872,0.31839900187757336,0.3175363269569296,0.3165922411815603,0.3157038138644813,0.3148369324753341,0.3136390806169337,0.312270193160421,0.31106380403864875,0.3097844579108389,0.3082873898681126,0.30680682686040117,0.3053164598588792,0.30380609923858193,0.3017974856560082,0.2994418243980295,0.297404271849462,0.2952795121198288,0.29281559238835964,0.2905643825582347,0.28809017569270234,0.28507027199557033,0.28202798966961506,0.27885692865015643,0.27591465337661986,0.27299865322187195,0.2699571206164211,0.26680065483655685,0.26374218712483544,0.26076615970407385,0.2575722355077849,0.25444511062218206,0.2515170071792199,0.2486483828997429,0.24562065090620427,0.2427053199664189,0.24000078957048332,0.237383176763566,0.2346176097891339,0.2321334809233032,0.22997695348690042,0.22785435133418414,0.22578920467226132,0.2237989407110752,0.22193234261274242,0.22020798563952929,0.21857612144801444,0.21697917101460681,0.21551790010840674,0.21414415294741987,0.21279695431883947,0.2115177365625346,0.2103447819157287,0.2092777036602284,0.20821871738386347,0.20729960964575014,0.20662499805771234,0.20591302681196721,0.20534490576917908,0.20463528738339734,0.20392124605459636,0.2031017266353628,0.2025610852303592,0.20211915011451698,0.20158434877598483,0.20112475797581159,0.20079371649934566,0.2004917741876649,0.2000547899320434,0.19965902276389325,0.19942735713976742,0.19914606365400855,0.19880293876023414,0.19859707807401117,0.19848312221697537,0.19824763896191566,0.19804941797382528,0.19807835212463873,0.19808429310875109,0.19791035395980455,0.19787799416099774,0.19819038923638774,0.19821283208197982,0.19796953065440331,0.19791355372914235,0.19790395341473285,0.19783616562041512,0.1977054024114655,0.19777114966245882,0.19800601520367037,0.19805330865069265,0.19805064610196527,0.19822164605366993,0.19848466577956672,0.19850668642961591,0.19834567759464414,0.1985420533292264,0.19872133652214932,0.19894258644118593,0.19916394340719157,0.19978467497977817,0.20009630591286698,0.20004466291654743,0.20036172080485423,0.20096631548297622,0.20130926706420968,0.2015148906312007,0.20194520585372985,0.20242376805284026,0.20288431718312966,0.20353447812890163,0.20396667073114227,0.20413716112745814,0.2046308368894866,0.20528325818151236,0.20578814578778162,0.20632482002062694,0.20694864981058303,0.20749290848170723,0.20811339156743244,0.2090302835586616,0.2096390159116071,0.20987560721686607,0.2105222716126956,0.2113720566951154,0.21203879015233842,0.21291399954703727,0.21357700749109873,0.21380880792872395,0.214394037681784,0.21522584276356732,0.21589429072549682,0.21654449446024113,0.21729486596446096,0.218078370414608,0.21876109950932232,0.21943879154049506,0.22020884442808195,0.22094617012769416,0.22164271790248874,0.2225333775839316,0.22325339594103627,0.22367641254187853,0.22425725794012968,0.2247929462865863,0.22548179692935771,0.22647609371675878,0.22725300826522793,0.22801299546148052,0.22872478228979806,0.22934979404954622,0.2297446674675602,0.2304188626989267,0.23124348955357005,0.23181735355262686,0.23228076302929654,0.23307628732847135,0.23395601138380206,0.2345648200652733,0.23532635580513425,0.23597876460935202,0.23624419819625408,0.23680506673010446,0.23762918658489723,0.23835109037451171,0.2390341486880856,0.23962303739025392,0.24020190029059935,0.2408947326310269,0.24157808541421083,0.24209887216485979,0.24264005286444063,0.24327543524472378,0.24372626442735504,0.244296901366905,0.24517167798784956,0.24580846707624268,0.24624230650298112,0.24675775231863809,0.2473158472058616,0.24782428754899138,0.24820060921827683,0.2487662164596218,0.24947834351771406,0.2500582143949904,0.25068333541935806,0.25125650754619605,0.25162134095230826,0.2522247436464217,0.25315821400444083,0.25366788154111736,0.2539285398971272,0.2544377122976029,0.2547346312244415,0.2552762860428679,0.2563591840178174,0.25696526596834635,0.2572284090901495,0.25774162271211115,0.25834578700260563,0.25868731302430864,0.2588967216421124,0.25932692431116183,0.25967271811286186,0.2599800893877487,0.26044527032350945,0.2609860369034973,0.26147144404299966,0.26186190859239883,0.2623562249673939,0.262887012242805,0.26325440355103863,0.2636660095360635,0.2643178956268484,0.2648124166180406,0.26508635588467244,0.26545494457583035,0.2659015077045908,0.2662771818273368,0.2665263911909792,0.2669289352347374,0.26745492646169505,0.2678919225892879,0.2683941105928088,0.26882767432117766,0.2691205265963169,0.26947945417244284,0.2698505838531554,0.27026407397895447,0.2708067595320831,0.2711704918517524,0.27130789535084,0.2717070859285942,0.27222602311345556,0.27262893715283665,0.27320557147402735,0.2736794980932296,0.2738901054246636,0.2742208746096197,0.2747198293597274,0.27507581176687623,0.27525817825165816,0.2756056176406121,0.27599267893867513,0.27637313509417305,0.27696383812193515,0.2773812474809671,0.27755138300243837,0.27790187366577546,0.2784022621717667,0.2786895913740085,0.27879537322423786,0.2791822361653628,0.27984857897186094,0.2800603177160702,0.27994754767483515,0.28027098759578767,0.2805230465292909,0.28074095907386176,0.2814407012784009,0.28196091075174395,0.28221825174227805,0.2823871411929773,0.2825498173052889,0.28279257404163066,0.2827850118487767,0.282909849490532,0.2832904284730916,0.28360833517899153,0.28382048573880575,0.28416950031795746,0.28490018112512044,0.2851786030766987,0.28504828944825966,0.2852201431178855,0.28529660569969995,0.2853744721421965,0.28568762916467627,0.2859681710257895,0.2861409230874058,0.28628696793164626,0.2865951435244624,0.28678178955066624,0.2866839894556952,0.2867644170522818,0.2870108119124053,0.287080152686367,0.28706721261122115,0.28715245912374493,0.2871838818994274,0.2872783834461898,0.2875854556669736,0.2876642259717144,0.2874460216826601,0.28748275114484323,0.2877974112077927,0.28778621159835754,0.28762482479229085,0.2875773323476318,0.287293719167037,0.28714603072283,0.28728138789891616,0.2873019354113176,0.2871574191096437,0.28711406689806757,0.2871911946104681,0.2872610747781774,0.28743828783030834,0.2873853146847342,0.28713072586965727,0.2870278794291964,0.28683859916316984,0.28675561578849434,0.2868742101608585,0.2868674925461912,0.28685654228337976,0.2868340999110343,0.2867629657779321,0.2865627691335841,0.28618782980260077,0.2861071866629883,0.28625265338453676,0.2860699539212026,0.2857554277339926,0.285640922393967,0.28537045372365455,0.28527514061778775,0.2856711861013009,0.2855631798978141,0.28496099035651945,0.2847886438534818,0.2847080671751989,0.28468147732719884,0.28501955947173385,0.2849218931621658,0.2845361748571247,0.2843168709767723,0.2839520480363978,0.283718282910866,0.28367702502242687,0.2834138493932201,0.2830385247907279,0.2828132683125178,0.2825150721503537,0.28245472217899853,0.28267184315342064,0.2824886211375374,0.2823080862903232,0.2819454164095813,0.28111843934512437,0.28089062853450697,0.28092694757224007,0.28076024092550245,0.2808044109718612,0.2807187498770618,0.28023446214061015,0.280071170334964,0.28020099342396043,0.28002022510717706,0.2795564155347785,0.27914747379809796,0.27885712560942116,0.2785511686392489,0.27861555652301573,0.2785542055322785,0.2778658926188708,0.27749663862195767,0.2775331785260901,0.2773826931007013,0.2771020198630645,0.27684848545498586,0.2766396898398903,0.2763883623404607,0.27638321767230956,0.2760539574054038,0.2757705517195663,0.27564656773602014,0.27543657225566315,0.27522221506643,0.275073270451946,0.274790094934988,0.27458406640871785,0.27457356654548376,0.2742816886074678,0.27385082011067097,0.27361391431598975,0.2731755096800884,0.27299122388476255,0.27330158546956135,0.27307480732454265,0.2725999988199881,0.272317099362026,0.2718800236916554,0.27144114066402336,0.2709378176108101,0.2709128798561165,0.27121906468738693,0.2708056181515219,0.2705342288664888,0.2699678498444319,0.2689155999234159,0.2690363904952967,0.2694560005107262,0.2690875210743561,0.26873139932874557,0.2683294198102198,0.2678258101717368,0.26786614989154006,0.2679536460772285,0.2676123291868133,0.2673386675926187,0.267203643387914,0.26695318159882014,0.2667062949597464,0.266179494094867,0.26574602297571626,0.2659900237608169,0.2660113375943696,0.2660631791238835,0.26655624534045574,0.26668562939968465,0.2673137689031387,0.2674525370226885,0.2665598407683119,0.2664454455067615,0.2668925050616419,0.2669320660297671,0.2669920073319833,0.2670241531007235,0.26664380110251895,0.26684801103466765,0.2677397523846621,0.2679170408681837,0.26784920009377067,0.2669044955469019,0.26675459998505197,0.2870021647961954,0.28743419349828453,0.28732702032270435,0.2885981463667382,0.2887865223949118,0.28750511391905725,0.2871070683007964,0.2870629464592635,0.28791981258052946,0.2879939614750601,0.2877047265294065,0.28763481640438193,0.28717594888824943,0.2874096849438553,0.2878105417017389,0.2888160620233606,0.28955064408172576,0.29010311837852953,0.28942063961769315,0.28639315341272725,0.28606543970188003,0.2863165827096312,0.2863058782603025,0.2876986031122905,0.289969722825621,0.28894078824464237,0.2868639532547019,0.28652152258925295,0.2862835309771054,0.2860351594499541,0.2870221511087529,0.2875754368047444,0.2879044365490975,0.28789075404303616,0.28773452655596804,0.2873444335198203,0.2864822204884097,0.2854746650413785,0.2849311386287454,0.2848151183857999,0.28452539446851555,0.284073422443333,0.28475264954133805,0.284506071413002,0.28289865468665865,0.2825526856323618,0.2823389527035523,0.28150772484710423,0.2821886396820228,0.2818837203061387,0.2816107645577761,0.27907442249227443,0.27772887273620867,0.2770697609897595,0.2754295848705601,0.2745827831645005,0.27436874212210227,0.27278888796686,0.2707049238366495,0.2698658324413806,0.2684921067627061,0.26661245121817884,0.2640699530467829,0.26224076650549566,0.259842225161116,0.2577363462025392,0.2565967771567124,0.25507707270034335,0.2526866236790711,0.25027392474008475,0.24813901887521328,0.24612857235020605,0.2434510118782583,0.2402058709458634,0.23732606289969074,0.23401960349307735,0.23155043630605837,0.23064622229201703,0.2277778983477613,0.22335061859636254,0.22055524712691726,0.21754483920543854,0.21441149766580592,0.21147932080737675,0.20971289705427232,0.2069559239337559,0.20361262811275924,0.2005649976826195,0.19675856208996442,0.19316401444410322,0.1908933522527686,0.18932551644706894,0.18762421242734076,0.18692803397281368,0.18547738081006226,0.18294748998394517,0.1803047291484902,0.17852531214783116,0.17806503158783932,0.177525815661066,0.17639711847805584,0.17524589715197805,0.17340576195444063,0.1722343427720362,0.17126468157454328,0.17046682137981387,0.16956668125190982,0.1689060705677846,0.1685864086839164,0.16863067335168738,0.16889639579517737,0.16858122790976937,0.16789012369636228,0.16557382841051554,0.16534818653568584,0.16639486422464222,0.16620337369584104,0.16608409326671925,0.16668682516959765,0.16647936994767804,0.16578597479915527,0.1652269528208535,0.16501484154705642,0.16508507210725157,0.1650192970319242,0.1646808529823492,0.16446737407440165,0.1651806091682413,0.16530247230035475,0.1658916915692451,0.1672453659702553,0.16715227167624702,0.1663329595783905,0.16647104302671079,0.16635838166066685,0.16641413496146124,0.16648705322929272,0.16658385922188632,0.16661456901285998,0.1666199533249638,0.16737802258421047,0.16757632630223804,0.16676911903727426,0.16725284318622533,0.1683138116900792,0.16836120498326107,0.1683402263110181,0.1686978055162339,0.16853537718861317,0.1685224648555237,0.16933263617874622,0.17003475763614917,0.17084223119730882,0.17083536394492477,0.16997076077029022,0.16955650169748704,0.17031115722067075,0.1704408259495951,0.17033334053743807,0.17109585860490203,0.17174572116638986,0.17083295656348235,0.17120720423155292,0.17307312073407538,0.17518142056286617,0.17522456712249737,0.17444131553900652,0.1747363640118425,0.17453199290506857,0.17463058726956002,0.17561737515303846,0.17614415764000804,0.17562376814618713,0.17596413269572178,0.17753315807355294,0.17791104876359218,0.17755081294975494,0.17823772340875962,0.17877155417126878,0.1780359882106963,0.17905302688311125,0.18020075154307436,0.18064720111074864,0.18054612725444066,0.181062985789274,0.18151250520145085,0.18192675813256276,0.18231803684801295,0.18312636744982974,0.18408157369262385,0.1853245994160914,0.18557591275194382,0.18568792014826577,0.18610576204813392,0.18593123111729068,0.18579048612768242,0.1859163193350694,0.18666560119325573,0.18740138592914235,0.18794097182134636,0.18975633840497336,0.19057551975541162,0.19068819232954912,0.18965565187214808,0.18970665169846734,0.19009503891067578,0.19056036050315445,0.19090682195667255,0.19118084074991543,0.19140274295725568,0.19168284341475544,0.19190096381726235,0.19226547767646224,0.1926322080736057,0.19310155924782102,0.19403083280922426,0.19441992809506037,0.19449993147756317,0.19448949564572315,0.1955170571457549,0.19575221199633736,0.19579095163007998,0.1957351939856288,0.19634979764628038,0.19661903199979539,0.19718948844614892,0.19938803571280986,0.20001837526888105,0.19888806148586627,0.19891104176393473,0.19881016942493718,0.19940558995313568,0.1999529385729301,0.20035486483902523,0.2009711988348966,0.20132716362451855,0.20177222858768043,0.20293756228313453,0.20326301553740111,0.20295165304420096,0.2026708397112531,0.2016788992020474,0.2015276157543246,0.20168756821138095,0.20196450392254126,0.20262390824006493,0.20340029433900905,0.20562390852536955,0.20607140540079202,0.20645879404928905,0.20658219150713308,0.20718771476204914,0.20778309327802885,0.20742945584508268,0.2067358813552382,0.20663566729425814,0.20508574581807662,0.20484538942077551,0.20653733998792836,0.20757779780509497,0.20876173164424433,0.2095758064124223,0.21006754535000002,0.21014654322662454,0.21070880612863452,0.21103450329520357,0.2116888370874826,0.21350352971102057,0.21397235287753208,0.21305400064720323,0.21318924505128978,0.21370061406417024,0.2136630902564268,0.21352537054578574,0.21406251837512455,0.2154044134260174,0.21458850198963303,0.21504779017295278,0.21650593787486472,0.21712923782530505,0.2172817451327069,0.21747082400300935,0.21792017212271095,0.21773097309937678,0.21629021946465224,0.2163013329584346,0.21698464910724513,0.21731106018396548,0.21879616055053971,0.21903947157946435,0.21725271472323693,0.21720087185781028,0.21767878990468287,0.21862894829746088,0.2190772802546782,0.22047826005764642,0.2209578333185664,0.22017107619192883,0.22045717119078528,0.22145779744845936,0.22194918597449334,0.22292966282992696,0.2228246964343286,0.22156091875296516,0.22119231454581473,0.21980455558090467,0.2197042058364969,0.22119449896461374,0.22263597369452529,0.222852048165867,0.22356520274506878,0.22378760508709034,0.22309183017282666,0.22299188155946276,0.2230892007896761,0.22325967338431557,0.22322031114616092,0.22373746746915332,0.224974206255856,0.22579212313815808,0.22697059595497882,0.22747730816605005,0.22691515854547542,0.22731659274596522,0.22839690316876077,0.22875646132882504,0.22878650973578527,0.22958062665195747,0.23020688114843482,0.2308029500079693,0.23019945128248973,0.22926217852047118,0.22862957372785853,0.22579876629648668,0.22606677971775485,0.22998466004518844,0.23045046971977345,0.22956240645301254,0.2300475898476757,0.22968280386466322,0.22950096514204524,0.23136030070671532,0.2319232194915842,0.2310642451128109,0.22971734398224583,0.2295333569783083,0.2295497799853646,0.22991856056379759,0.23118448632281732,0.23107165925497022,0.23020214921041404,0.23042757188721774,0.23054743951870357,0.2305786113454675,0.23139522917578256,0.23198393354261745,0.2320284911901782,0.2320657802974717,0.23267832133873087,0.232876797769813,0.23197597304386372,0.2319014649763437,0.23307918509012232,0.23315144070190852,0.23275781394149178,0.2321274527060984,0.23220602221087355,0.2317212467977276,0.23174680661267766,0.23277787787600354,0.233585633863215,0.2349476989853542,0.23434478132633715,0.2323218572686886,0.2320964821925782,0.2315045294879791,0.23086495107022045,0.23156996466250035,0.23194588369434077,0.23041631995402062,0.23058579997938977,0.23425091311001567,0.2350604149183056,0.23304853859179783,0.23341366082498044,0.23474786953090604,0.23432070990692647,0.23458957295604166,0.23707400466515827,0.23727250290579951,0.23539348143420216,0.2344179138388036,0.2331402364805599,0.23303490270021954,0.2336412167544181,0.2331666308592056,0.23258094859455372,0.2330659347707161,0.23377880604012696,0.23328591361322734,0.2328504289876969,0.23327950065770015,0.2332228741475249,0.23269871960201155,0.23277411409291265,0.2335002310291079,0.23421973118994918,0.23355404359759943,0.23258489343932245,0.23264258159362267,0.232184224571007,0.23171552707957158,0.2311844262599121,0.232489696937596,0.2323662503492425,0.23016263326138306,0.22976479315677475,0.23099175028470653,0.2307179145187577,0.2286837808155658,0.2297498092491765,0.2338195918092017,0.2337029596650043,0.2323774652564153,0.2326781310347375,0.2312967904396171,0.22967614854190094,0.22923881838591345,0.2297810070241221,0.2301811022197241,0.22900300121541403,0.22811702692710506,0.22831421889382927,0.22789440397925054,0.22583190749609292,0.22404857632248795,0.22552674447565466,0.22642932293988358,0.22423184210848546,0.22325719810628444,0.22391744178576012,0.22428979155465456,0.22368923269841196,0.22270550054451702,0.2228384586457742,0.2220443332187522,0.21865950049346025,0.21791110370121688,0.21983796569146924,0.21960012903056245,0.21760686824476533,0.2176230260163779,0.2185353884656644,0.21894424525753584,0.222197156381435,0.2216828776518076,0.21593834108753784,0.21470843403497655,0.21504202390925525,0.21392071716188776,0.21478723752988954,0.21535453557601017,0.21378886623310386,0.212523251791663,0.21456859119741528,0.2171909948030179,0.21643952071477718,0.21448158860169586,0.21358396969406718,0.2123956192039278,0.21222554328647295,0.21315010324065922,0.21290349738512893,0.21175700584123472,0.2106677411053796,0.20899810694917756,0.20865754982871815,0.20820142148720386,0.20855552337242936,0.2109877792941692,0.21124202433613903,0.21123509864219714,0.210790889021598,0.20811650138589372,0.20742861224830353,0.20804477430758347,0.20743302567766825,0.2070835128896951,0.20699960962699704,0.20532778615143657,0.20525627227101254,0.2082985636212892,0.20809247021922203,0.20530109419785655,0.20482329446291872,0.20436215814517997,0.2035720159266066,0.2046305959465896,0.20500447286371487,0.20440485299612243,0.20220032732727916,0.20211701979663382,0.20331132626737425,0.2059407699768842,0.20503558549897133,0.20176622603036717,0.2018924915899173,0.1999520684807511,0.19832597117930625,0.20177797877480988,0.20480002401596265,0.20402540667447547,0.20165691253521287,0.1994086171254381,0.1985850848372957,0.19773082455393196,0.19990925956217726,0.19948944518816525,0.1968500421415005,0.19603462151012296,0.19584869545340375,0.19597150853820366,0.19663693439511962,0.19699814968020465,0.19771139370284668,0.19796468643692264,0.19807237866126012,0.19788927691436875,0.1969795176507934,0.19706030020387882,0.19763651405749205,0.1980459834598482,0.1992085639207226,0.19875001926288183,0.19800678105688854,0.19656331548024128,0.19260881641729477,0.19142739511065357,0.1912312957644257,0.19069488005150348,0.19058106557300986,0.19166056308762885,0.19516434884103837,0.19528549640876,0.19366118150119171,0.19440632318551884,0.19536104899754464,0.19432986335139946,0.19229461081852894,0.19216281943338545,0.19145764916543337,0.19016935590673975,0.18944495110678672,0.19305018284616884,0.19484111873836846,0.19305774102311946,0.19043819524551625,0.19005174465268873,0.1922727844869927,0.1909967420167704,0.18926186437239348,0.19234021093061018,0.1902581484134917,0.18344915554843785,0.18677613593329118,0.18959697468711467,0.18355744701306753,0.18462114501081867,0.19151346521270177,0.18986791376976384,0.1861390014359949,0.18874444551055813,0.18510777365656259,0.17931326346643642,0.18433320993076932,0.18825343739387926,0.18733684637061743,0.18735562286522528,0.18262567881889077,0.17828915520475788,0.1835605288350157,0.18538516616708714,0.18207723004249254,0.18341345785358562,0.18159476902310356,0.1795803177257349,0.18474907416316946,0.1869906998088771,0.1831251124213379,0.18099727382076583,0.17965251499461737,0.17940243216537077,0.1813667970753187,0.1820558942985224,0.17886932350186643,0.17485617668866982,0.17723206828242286,0.180675326060244,0.18540900434345112,0.19162485563818255,0.18568721788854517,0.17741417162420603,0.1780417725094323,0.17809833554239654,0.18197843505719727,0.18814801422734534,0.18343219764913393,0.18231435786409206,0.18776785684613892,0.1814667981680536,0.17706138497926271,0.18103270288237697,0.18335541596210359,0.18527964641872985,0.1873892923021671,0.19164231779554528,0.18890777753179236,0.18503651537121912,0.19036977478379488,0.18798758532946463,0.1783986295298153,0.17809143274414527,0.18305012022588535,0.1825461913518662,0.18478724715352107,0.18949363188940674,0.18108134552735664,0.17195630629648795,0.17018371183880224,0.16527869642714157,0.16269569067263034,0.16725562889130036,0.16847265367176475,0.16082690189332652,0.16699604181216135,0.17590953884322708,0.16790406465962052,0.1716565753928461,0.17454564890158963,0.16293326877747122,0.15986501502640257,0.16132293838699666,0.15658366141022023,0.15591836124276426,0.1626005525750716,0.16379901044486594,0.16264511707907767,0.16006763396346896,0.15880303453654354,0.16866063331638256,0.17125554906674845,0.16115195964352724,0.15606482277801412,0.14820970248834983,0.14237114308455232,0.14975099522728408,0.15573023198903863,0.15705306341630218,0.15123387722206874,0.15423177189205653,0.17144927054451922,0.16858450671809297,0.157308070690453,0.15723503681072382,0.157544011959809,0.15480550979155838,0.17510185625425037,0.1799440857385511,0.15311056552399607,0.14761367967554154,0.1606074449374657,0.16085051903772885,0.15540480099315476,0.15936821009014385,0.16960995915803853,0.1684099584465575,0.1631376239577185,0.1662807727990046,0.1697685126575573,0.17391247237764804,0.17235930965424778,0.1590998133952539,0.14809692689076043,0.16192816094775528,0.1639324044885394,0.1462177963048738,0.14006447091506374,0.13769027583168833,0.14028257749248688,0.16570738553887707,0.1753427593772205,0.15541012554206943,0.15325173787857704,0.15776863227825896,0.14776172870317908,0.14434454306397657,0.15040880046912716,0.1420241577679225,0.14975951318018918,0.1871928005814256
33_7_PETVI_1_T_2_00001,0.22572291357991464,0.27716315890953536,0.13968968904343865,0.07404220300941482,0.15318578665297627,0.20487010878237488,0.20769243329981,0.1557147442220523,0.09314665583872825,0.1235293713190767,0.17322531681736533,0.17061275206325713,0.16090426778319675,0.15254945954020638,0.15143653237636992,0.1584950822155546,0.16447069879035545,0.1553474908240059,0.11248023608007936,0.0925972277986772,0.09082965004974156,0.09231199417129153,0.16065765917727398,0.18301679186332195,0.11978329754961363,0.16741078379031563,0.19289620798815857,0.16793874962420474,0.13833896484517416,0.11719477461824054,0.1168846714544872,0.14884744110203568,0.15800507058770366,0.1580838222503396,0.1600763941046389,0.14199603342914152,0.1335250546078144,0.14604038169109917,0.17214881289584583,0.1804596232025143,0.17632494303021795,0.18071082549681347,0.16871451134048138,0.16765684332490735,0.1956232023547347,0.1990836120528852,0.200648925498601,0.20513259600399728,0.17981628959558396,0.172014004404159,0.18127414289238208,0.1800449025549876,0.16820296714726915,0.16945234166633089,0.1993422964762066,0.18653914270670544,0.1733573224589931,0.18213956678531154,0.16945075327498949,0.16793336661146657,0.1811180135184206,0.18783698003066002,0.18665317779900112,0.1830782921941365,0.18457582650623675,0.17812377070248506,0.1743650594757268,0.1806533015285673,0.18046759770963997,0.17907587270213968,0.17953536869725578,0.1811761149611491,0.18569272454940625,0.18961609374825222,0.1868124894203883,0.18330506101548016,0.1835934901017221,0.18903508538402322,0.18490390130567663,0.1828692674798788,0.18866354266778723,0.18869680283718962,0.18932170770181533,0.1929317097440199,0.19914762594126934,0.1974504914146199,0.1913970193508588,0.1900930242806407,0.19157055380320112,0.19396193684574034,0.19558091263111863,0.19619898236430777,0.1980588563002426,0.20097719616407245,0.20007536383759203,0.19711030013156358,0.19504638322368723,0.19823096426585002,0.20086106809942156,0.20089165890506192,0.19822532087454792,0.1981831180356546,0.19982674862675243,0.2012280459178176,0.19978376655404081,0.19906493908769043,0.19930255447664236,0.19586195014570454,0.19391320449188057,0.19504661859215272,0.19912740661413927,0.2043866498259746,0.2068782506056894,0.20395758310658224,0.2009750012214376,0.19973870186535292,0.20006533219503575,0.1976489995924811,0.1974266581374522,0.199657710093898,0.20027096465954203,0.20257759415858054,0.20338799232411836,0.19832731571798792,0.19858886174449975,0.20082261654888597,0.20070125466604005,0.19931359594308024,0.200882963179022,0.20458361577299292,0.19974798529571758,0.1956084757861677,0.19625357554368034,0.2029962415648772,0.20159235831819228,0.19568485337440175,0.1940518831832139,0.20100316989276576,0.20464427585941425,0.19876125207937798,0.19863697310484418,0.20021103126522546,0.20150612081325656,0.20364068523654133,0.2029001953393877,0.20044238886566396,0.20003993446035853,0.20142206056073575,0.2026842362948595,0.20217399431877645,0.20217756205232926,0.20260109357625491,0.2030455898579062,0.20266845339214676,0.20338448794305367,0.20484361663822725,0.2041123264317539,0.2052859314125502,0.20759038450881234,0.20837748540619597,0.20815849201089284,0.20801060615868258,0.2091335943058193,0.2130414792303874,0.21608732819673523,0.2167648636266786,0.2179286175081256,0.21894669183481752,0.2203500850073388,0.22361938901327685,0.22673931042495254,0.22886634003959133,0.22989487603536318,0.23325031926012826,0.23643276261522567,0.2374116429904035,0.23917227115167564,0.24178873547604257,0.24459647288179695,0.24558831132379827,0.24718515041405445,0.24907384484428682,0.24922417015092777,0.25054871758086034,0.25259338053364033,0.2540282534652425,0.2548776307874913,0.2551573964884101,0.2552247792853912,0.2565299203057316,0.25740859396658416,0.2573385110035893,0.2571661850216619,0.25828864941007723,0.2597065429484251,0.25906229991945456,0.2595257175702266,0.2604578032606707,0.260657798619744,0.26165870666580365,0.2623183476473009,0.2619578508717841,0.2615693689802576,0.2614882197897781,0.2614989255220635,0.2606322648130829,0.25982842597022465,0.2596376686982574,0.26032338741885885,0.2588880051666303,0.2571701184508395,0.25715806644974876,0.25598074742117555,0.2547420719757283,0.25407198029216016,0.2530757516378528,0.25159933250295563,0.24979906250007095,0.2481998310475604,0.24660221698759133,0.24491821677026124,0.2431327256118444,0.24199031409768448,0.2407662920619878,0.2388954284406497,0.23760804366734234,0.23618983923545084,0.23450065741062312,0.23373265602283907,0.23275138114085286,0.2315970875039848,0.23117758916725412,0.23060432162017067,0.2296607269809548,0.22847972027474492,0.22850703041658557,0.22822003027399348,0.22664931825473325,0.2261153427959045,0.22551389005686734,0.22443222758693226,0.22352504440637416,0.22298841800820474,0.22303140963477933,0.22380831174948,0.22366326214400262,0.22298114236811034,0.22257735470114445,0.22201901345183594,0.22147085741925404,0.22099148664894952,0.2201491809241485,0.21963202622865519,0.2193461481485319,0.21812027220519412,0.21736915598061404,0.21698220697140858,0.2161575312113174,0.215353370527942,0.2150872688094693,0.21564438832120497,0.21603361577825797,0.21620976582764856,0.21633555799826878,0.21701947189356466,0.21716831540718598,0.21638854592863857,0.21491941183086213,0.21298646633094648,0.21131859176921602,0.2106399293175352,0.2099152710784627,0.2082257950968562,0.20552020223454054,0.20451001688136738,0.20473386025855494,0.20526593714587932,0.20424792677242676,0.20342353996943757,0.2033116567378713,0.20378743731812352,0.20454933162575634,0.20525503840498427,0.20576023555743256,0.20763633762477782,0.20879672056506146,0.2080772740453035,0.20770789009185245,0.2076601397146554,0.20769248252449368,0.2072419533600395,0.2069222558605018,0.2064144162634991,0.20510015475662047,0.20423590504996156,0.2032996477957452,0.20184111348019868,0.20135635003410807,0.20103337436839339,0.20038584396255407,0.19972416297807405,0.19917664472652533,0.19889041974746313,0.19904585205095893,0.19845227724234085,0.19753566920393026,0.19717253647594332,0.19706410597572022,0.1965649676713902,0.19542905134112182,0.19478457560889176,0.19410122273907757,0.19334394736214155,0.19321267898923988,0.1933296566675167,0.19315115899078752,0.19205535723759276,0.19110023637934678,0.19076501121315803,0.19111257580456004,0.19086812330056635,0.19080486333898458,0.19122448645702583,0.19121636270289483,0.19062471868117273,0.19004351106353018,0.19081381582637114,0.19111544313982268,0.19102504166154505,0.19121589750539608,0.19195825350379117,0.1923422803916569,0.19207815596044023,0.19335709912841764,0.19424524161414322,0.1943012552288122,0.19499399769261702,0.19616842385879765,0.1976182603603556,0.19905261280280842,0.20096905383985708,0.20344362666478322,0.20641684935154758,0.20968462881302377,0.2133995206760344,0.2176781608200494,0.22267947741976823,0.22808574268552298,0.2337318093468124,0.23960600991451952,0.24649393049638357,0.25380404958741737,0.2607376239670752,0.26792430786709853,0.2751357381509162,0.2823204452552204,0.2901252686917634,0.29777549464365455,0.30501320800050197,0.31204790118871806,0.31944543471999504,0.3272329002244755,0.33515672368098987,0.34302807076360803,0.3506767893901078,0.35802139836734653,0.36532036906304965,0.3725811578616145,0.37985356767736195,0.3873690069055528,0.39457216768530234,0.40134763204941337,0.40784400207309734,0.4144811525274372,0.4209994802508722,0.4270587820471831,0.4324642798607739,0.437884775085587,0.44348847881555803,0.4484615592392998,0.4533213848761542,0.4579421910023318,0.46185861823209695,0.4663473171764137,0.4704470410563622,0.4731412872860948,0.4762177981084159,0.4792641411079671,0.4819593131913609,0.48448447330762634,0.4870228771497891,0.48938133440849807,0.4910771566073179,0.4929989332928496,0.4947895467454068,0.49596505508821837,0.4976014969359375,0.49918559539673213,0.5003375822123978,0.5012430506053075,0.502263040287701,0.5033146352140965,0.5039143893367323,0.5046521504221688,0.5052827533243409,0.5054478220725172,0.5058948604229848,0.5064209235589021,0.5068091533708383,0.5070150362556821,0.5074609099492271,0.5081020743136545,0.5084595685271436,0.5085784473710598,0.5088661021499992,0.5096436499557814,0.5094990596484901,0.5091147292382726,0.509130228974396,0.5095493799292592,0.5099388399719824,0.5100986811230692,0.5100266519669892,0.5098493100777549,0.5098027477078064,0.5100781184446755,0.5102918505074425,0.510419371082191,0.5104880517451927,0.5105324167346791,0.5106839697346822,0.510789308285402,0.5104302096847005,0.5102263504633646,0.5102865241454936,0.5104825232629763,0.5102180405431078,0.5100870176520038,0.5103041349753057,0.5098553567874832,0.5101054157101876,0.5108283362059437,0.5105977350395794,0.5104091846488931,0.5104995104387116,0.5108045410419417,0.5106464800590147,0.5105148516214291,0.5106024869564445,0.5103065953939314,0.5102937986259105,0.5104236292664633,0.5101023175674175,0.5102452432693804,0.510642405387405,0.5108338392996804,0.5104043878530924,0.5100722834879317,0.5101607828555376,0.5103672988642357,0.5102754663028254,0.5102394006313273,0.5108754378881942,0.51051344797594,0.5100730264143705,0.5103681002242678,0.5103081554195729,0.5104735436369215,0.5106622915722062,0.5096813439306148,0.5093780130868792,0.5097790160933166,0.5102104338230626,0.5100519066958096,0.5099711922373141,0.5102940850218274,0.510125518845774,0.5099989089716029,0.509981374440555,0.5098164806107401,0.5096649569810318,0.509826156431363,0.5103701130181973,0.5100978131931236,0.5097782200657169,0.5098515853017211,0.5101127049128158,0.510338172417885,0.5103086873179309,0.5098738208927382,0.5094285300039613,0.5097975178230016,0.5110364978479155,0.5107382758316922,0.5102190183167938,0.5100627238267448,0.5101936817483415,0.5106748618452659,0.5110745637096623,0.5109343944051817,0.5105091995892646,0.5102386666055081,0.510303767504472,0.510463473372183,0.5103508949628265,0.510100257478242,0.5101136688940809,0.5103176025902628,0.5106434157473694,0.5109482261175129,0.5108324065467472,0.510945737305949,0.5112545602771225,0.5110869850959674,0.5111827102970513,0.5112587828347851,0.5109670212447465,0.5111262408122584,0.5112431551743701,0.5113095052378142,0.5123173307695491,0.5126789188083003,0.5121128733720961,0.5111174053070974,0.5116504216846635,0.5124029491690468,0.5122962367598838,0.5118338867634795,0.5113292325053316,0.51116270213681,0.5116753899121123,0.5115174246649379,0.5109236390309774,0.5105802947265412,0.5116467556937704,0.5118984193173319,0.5111053122738382,0.5112365888986361,0.511107154480271,0.5108930966321277,0.511010794005274,0.5110878330015779,0.5113897889743114,0.5118320928726421,0.5116994485425497,0.5115818717682772,0.5118297515572324,0.5124770602951693,0.5117874867847916,0.5107820671882324,0.510399930646683,0.5109389449994148,0.5111647380943768,0.5111368924058393,0.5115432666790922,0.5118132759717047,0.5115288762522815,0.5108109747549416,0.5112040419941353,0.5112018474183764,0.5110110923277079,0.5118800612337014,0.5115514168620672,0.5112388342027475,0.5119769416302539,0.5120183787470881,0.5118075127777795,0.5114448116203434,0.5107884360176836,0.5110799064695137,0.5116942581255606,0.5116681882885818,0.5104075721530742,0.5099852809066614,0.5106733135613191,0.510887086116915,0.5106489481565586,0.5108640921084536,0.5119878112039828,0.5114188773770116,0.5107675105154975,0.5103763107239189,0.5090636824267202,0.5089836683151233,0.5098003081887093,0.5105198569740789,0.5107894178047456,0.5102566437501209,0.5093833290353976,0.5095503028958818,0.5097444496868502,0.5099214421958775,0.5101250624905249,0.5096503132331681,0.5088573804854546,0.5083228417202695,0.5088092916773199,0.509002676548594,0.5085477712625222,0.5075252143093736,0.5064536670296625,0.5058104235866819,0.5058337471162658,0.5064814688081413,0.5069657763076713,0.5067139913562128,0.5057832680597051,0.5063637993854598,0.5062358408188036,0.5052702920680849,0.5053205751189747,0.5048145165479414,0.504369286530808,0.5047051941278644,0.5054348610158721,0.5051541183867588,0.5043442854569348,0.5047908588862415,0.5032987808502437,0.5023160837082851,0.5035338000189903,0.5036338796897193,0.5038674889707936,0.5043625044686892,0.5045310365425826,0.5029505528890068,0.502128842175199,0.5033046435738716,0.50384817907669,0.5041648741035157,0.5041221821278444,0.5035148664063414,0.5024309208653509,0.5021469980367637,0.5030145827434389,0.5038365636752699,0.5039840781470427,0.5040708757525358,0.5047196724230653,0.5041159526518273,0.5029688545796955,0.5024399868213072,0.5039689790210952,0.5053595438998393,0.5063047730955936,0.5064336153238582,0.503016131711822,0.5033428789112339,0.5061670106234241,0.5049227540074801,0.5043014636644484,0.49029642609980195,0.49058227235324353,0.49020553324842747,0.4906482724237325,0.4914254458445461,0.4924800546803427,0.49259453311106255,0.4936198461478624,0.4943234911086075,0.4940478689665093,0.49500149087191836,0.49616242743112443,0.49591151315062626,0.4945705067989487,0.4933871109543798,0.49249742581820505,0.4920749734600689,0.49190537712593785,0.4930253157759795,0.4939468524891462,0.494046693318159,0.4937513636722737,0.49346881143082866,0.493189637421879,0.49220742228990855,0.49140887351201806,0.4919813295568689,0.49303075360435633,0.4938595255574054,0.49469582032406245,0.49655581167357865,0.496470041187808,0.4949786103343901,0.4945428482383005,0.493895539904895,0.49287900980438265,0.4936393092043188,0.4944547297314388,0.49492609343145605,0.4957767320088939,0.4958078862533892,0.4948745289036953,0.49447263204608155,0.4940353254426985,0.4935781947324348,0.49382326977249646,0.4951360731636507,0.4952546273277974,0.49531610513987057,0.4957621219454799,0.49511134646972194,0.49558356889658745,0.4958461775256611,0.4955906837760695,0.4955593274508497,0.49466528900711565,0.4952165900257218,0.49610969449905346,0.4958035074076339,0.49643615838056887,0.49693396382122973,0.4969631068645592,0.49669458356704066,0.4971780240720903,0.49704726221066214,0.4965609700246177,0.49623834717665877,0.4963533348428671,0.4974569741389594,0.4982209105222744,0.4975461486355061,0.4967013395053744,0.49575904689619177,0.4945715800489276,0.4951357434205174,0.495610754499042,0.4970101832908752,0.4970851158610439,0.49769189749870507,0.4970508190156993,0.4946561959235556,0.49476563558295256,0.4958953914159224,0.4961214481063703,0.49760480412558206,0.49828367782093413,0.49658357944977266,0.49595309812313365,0.4962546771952909,0.4956274752775309,0.49561073432123737,0.49652088175981557,0.4965839189044742,0.4961546961491574,0.4966749314465972,0.495934222175303,0.49427912750307995,0.49405565361206333,0.4938877997467277,0.4944131305688522,0.49567014962706984,0.49561259229900956,0.4950326101413866,0.49449538163891515,0.49428554695453036,0.4943488815685922,0.4952357675225106,0.49491422396395757,0.49405877481984406,0.49364653506394496,0.49332624857387486,0.4938308116067345,0.49487370019223553,0.49482133483523816,0.4932987162680511,0.4921083647318939,0.49188022277881605,0.49173871783057593,0.49265172974433846,0.4932036929150214,0.4928320133099728,0.4912041741116814,0.49123098367908097,0.4916227689663327,0.49125180686472086,0.49138539971499273,0.49131041303238326,0.4895756546624957,0.4890202650040733,0.4904501886061201,0.4907985629956067,0.49010125914101815,0.489237460824963,0.4875661012479642,0.48642007284479005,0.4869773000517543,0.4870397256503284,0.4862438402748439,0.48458932487837036,0.483881996813025,0.48289337521609454,0.48180213034053165,0.48125834122962985,0.4805551091065455,0.4789764883490604,0.4783419420232609,0.4781964233409965,0.4771018497192202,0.47582570812868047,0.475144687941022,0.4749990951333205,0.4745551526766359,0.47387787510711427,0.47304587335402637,0.4722509011419636,0.47094815925478883,0.4704816611710467,0.4706416414502878,0.47022576806139893,0.46988636955392443,0.46950176253567283,0.46872916340357207,0.4682719080473998,0.46828999646066055,0.46802469755947496,0.46785505508225345,0.46787313487098237,0.468120524385323,0.46845288363829307,0.4681139516115773,0.46769676408371114,0.46751629753491264,0.4670984636209967,0.4667059632446088,0.4666287608962022,0.4664940693778792,0.46608679436512535,0.465800313655017,0.46565397895719757,0.4656617437965971,0.4654479050438578,0.4653250684343507,0.46556029097099694,0.46583003052815125,0.46589727306091394,0.4656182936023325,0.4652391246166664,0.4649600629699107,0.46481015252277214,0.46492831589995093,0.46480022171311264,0.4644435915482019,0.46437163166673545,0.46434836957897396,0.4643788544949845,0.46483558274924786,0.4649152250666504,0.4647561457509594,0.46453550423909,0.4644350561954804,0.46457460685105106,0.4648272718408375,0.4647611189026296,0.46430458720860296,0.4638982108181235,0.46396467902234034,0.4642247860456409,0.46436182350152755,0.46479794531864616,0.4651057430441421,0.4652095312773797,0.46528443719550266,0.4654181660711612,0.46570127229364694,0.46612001971292366,0.4661252963083652,0.4658041677402712,0.4660423885281901,0.4665118917762367,0.4663789676247022,0.4666895996515514,0.46714469413922743,0.46649363327282467,0.4663495871504119,0.4671946986497984,0.467403185123717,0.46737278860384535,0.4670924644308378,0.46718919073397874,0.46694788631169554,0.4670591033064781,0.46788087350374885,0.4682330692055863,0.4683629859784306,0.4683433998247868,0.4678996664636127,0.46803012726140736,0.4683047253950071,0.4687145378708385,0.4691602001769225,0.46922064374934375,0.46889882294523655,0.4687261959575169,0.4688475065177257,0.4690191935974168,0.46914341941200666,0.4691893613736312,0.469288103728964,0.46949928802783136,0.4695551193947738,0.4694311006134429,0.4695486907300877,0.4697091273270726,0.4699024656841781,0.47041616251861584,0.4705580869395425,0.47043158443073174,0.47049429045517477,0.4705442892805497,0.4704526282671911,0.47028147269013204,0.4702135302894694,0.4704834380298577,0.4704128168835416,0.47004486193036116,0.4703014736349068,0.4704503435365293,0.4704864674427971,0.4703183551682326,0.4702683127392603,0.4701845228610828,0.46963254361644685,0.4695007564050172,0.46988743854568404,0.4700043208635715,0.4700373973821934,0.4699580498731925,0.46977267486970214,0.4697223960751991,0.46953447954274374,0.4694670985813633,0.4696429241385571,0.4697674866745417,0.4696677464551882,0.46960857666299083,0.46947021895669305,0.469448280442438,0.4692274148242801,0.4687874825606558,0.4687707942908095,0.4690133057115711,0.46872313010675093,0.46844686609860364,0.4682587703087355,0.46758265581801745,0.4671984939601466,0.46727739710743804,0.4670781904564864,0.46681238416647836,0.46637029378639544,0.4655073641203597,0.4651806845046433,0.46519188042181336,0.4648070506662977,0.4645138340297385,0.4643390862876709,0.4641216023900674,0.46340600127965753,0.4627070056598017,0.46267893381137604,0.46215314510321753,0.4610976538589401,0.4604616311362991,0.46019329180029794,0.4595190323516017,0.45860863493120646,0.45795011315756734,0.4572748464199294,0.45655577381604434,0.45608551414167536,0.45532913277457465,0.4542034756317326,0.4533996875372493,0.452706017772792,0.4519159565014137,0.45136298703368327,0.4505519094126367,0.4493472794088913,0.4484261108254062,0.44771311767700145,0.4467838716119099,0.4456339542677149,0.44484185798912734,0.44453889897915944,0.44361923519603746,0.4425788796475462,0.441492205854696,0.4407923816325184,0.4399148013726103,0.43896303341739784,0.43844508348895983,0.4376888796602609,0.4364283416520382,0.4354382026613871,0.4347946549220989,0.4339922760406377,0.4328616652850188,0.4320554864043399,0.43168096062167444,0.43093783011108533,0.4299952423491628,0.42920052455614727,0.4283946623431132,0.42748485799223196,0.4264348815722088,0.42569600066384555,0.4252771238641165,0.42443791048408197,0.4234381034364866,0.42270548491844145,0.4218550821194364,0.42062216439273364,0.4197078386691947,0.41924436571703805,0.4181902898406481,0.4168057027594785,0.41560331409666185,0.4144351919220709,0.41296109293623245,0.41135712561930077,0.4097716544565254,0.4079353322977572,0.4062140489486399,0.40482323293980904,0.402896379243118,0.40071644660730094,0.3983823186924389,0.3958173324070021,0.3930143888231296,0.39000354673727167,0.3868538638112081,0.38335154608274935,0.3799032532584709,0.3765729999508433,0.37290065356575686,0.3690746008577345,0.3650653983576746,0.36058639152532357,0.3562822400137091,0.3518510693618113,0.34767841345778144,0.34322472269944626,0.3387330387025567,0.33426427837953626,0.32951505088721256,0.32519689697705473,0.32109407499638043,0.31702979949718263,0.313136158295489,0.30923379668984463,0.30534731032407103,0.3015872436490655,0.29782997005511647,0.29433537307077023,0.2910030746967431,0.28779300343999253,0.28468099847080475,0.2818566949298578,0.2793571708488216,0.2767529450934036,0.27411705106219697,0.271895171786311,0.2698374688727866,0.2678482763642417,0.2663243984209507,0.264677617871907,0.26283232086523173,0.2612088213752435,0.2596706642410696,0.2583334068385532,0.2573804779166594,0.256190238094391,0.2548508674159998,0.25371928618820827,0.2528617017989188,0.2520548040493285,0.25118667336323414,0.2506309322120742,0.24998550826716937,0.24911077767844284,0.24838760725977435,0.24783621302750009,0.24742189209795848,0.2470704137829849,0.24654505815336641,0.24602961171457643,0.24582913332508613,0.24568465936770387,0.2453324224022057,0.24522106122295237,0.24505761457465555,0.24447768694558886,0.2441819002730747,0.24431943701408093,0.24422049933735743,0.24385419865756192,0.24372269715143186,0.24372946474795917,0.24373292254545278,0.24387899960099527,0.2439101414758317,0.2437714126405475,0.24386370696959653,0.24423175192912297,0.244274117704839,0.24397105121321772,0.24417477157671152,0.2447537594471175,0.24485152637448362,0.24476984123667225,0.24514289297210198,0.24557404355908277,0.24563846245646928,0.24589786356176702,0.24668855620334207,0.24722205620214854,0.24730336655031154,0.2478213205843933,0.24886753338240544,0.2494284316082183,0.24961106474054426,0.25028927456942396,0.25123753908965424,0.25183627953859267,0.25246590376090794,0.2531170036386941,0.25346015605507194,0.2541099376431731,0.25506499187726084,0.2558948164062181,0.25666195957522714,0.2575317526469252,0.258570039329343,0.2594290776784681,0.26013981598045827,0.26105655262143124,0.2621181937559972,0.26293634025519236,0.26361499292695423,0.2645746692897426,0.2655479411786165,0.2664410736268258,0.2674896310015068,0.268613124561429,0.26962325079077687,0.2706519899572475,0.2720120124744155,0.2731143033036388,0.27386121654097645,0.2748023067456053,0.27581750169185204,0.2768096879831667,0.2778077049206888,0.2788597265768072,0.27992460997304414,0.2810085098252007,0.28223337136568655,0.2833351478044155,0.2844137997997089,0.2853998745103891,0.286034012516753,0.28702645709136904,0.288449258771917,0.2894733854351932,0.2904067751160132,0.29136942043412606,0.2924935234568373,0.29342789718759804,0.29433511994769435,0.2955433142358803,0.2965037109409355,0.29702146259276074,0.29793470447294623,0.29918504365569476,0.30012723782640427,0.3008818544428532,0.3018694833688468,0.3029685113761914,0.30388008015164464,0.3047738127417973,0.3057554545451208,0.30667130411758314,0.30753843179442997,0.30850405227616035,0.30943011045483504,0.31019351102885745,0.3110486355383642,0.3120712078031986,0.31293041721665144,0.31355508730176423,0.31448477283048093,0.31566641223498976,0.3165232066925213,0.31734627398883614,0.3181797635704282,0.31869500076678514,0.3195454800235621,0.32074183863029315,0.3216786566154448,0.3226421569359804,0.3234520974188262,0.32399521236848744,0.3247674946990195,0.3256281466086068,0.3263893846684495,0.3271791390362349,0.3279870895940558,0.3287629192230705,0.32946930203253405,0.330168877788705,0.33092263789948384,0.3316039485431619,0.3323101538835386,0.33318916426515194,0.33388507759767,0.3344462393207252,0.3350005594329664,0.33524084015921196,0.3359674277544467,0.3371997636658731,0.3379073561327689,0.33858596437297894,0.3393047954559647,0.3395881567323818,0.3401044839246645,0.3409809727947442,0.34168587833459724,0.3422438405547364,0.3428535737747257,0.34349287128304,0.34413951582256247,0.3449014187370869,0.34543046644112263,0.34564682099003996,0.3462136328132291,0.3469366486936053,0.34746925468628453,0.3480445562394496,0.34877169396195984,0.349469714605107,0.35004521041018405,0.3507716380903329,0.35146910301274326,0.3519729559535103,0.3524641825787286,0.3530265994839059,0.3536090637659791,0.3540896225934945,0.3545524628837445,0.3550308885366686,0.3556200519348107,0.3563266612468134,0.3568263275544096,0.3572831464180542,0.35778722915205396,0.35808971946543905,0.3584786703328714,0.3589761413390532,0.35953069855405445,0.3601770878810527,0.360700922411356,0.3612553790302431,0.361788228135051,0.362117853808334,0.3625857925654477,0.3634028487873425,0.363799791602184,0.36364544481025585,0.36405093196752497,0.36475435964866465,0.3651146926890254,0.3656549573049918,0.3661955074100967,0.3662985565075064,0.36657875102965676,0.3672769305744197,0.36774265829538877,0.3679289847732534,0.3682259727788185,0.36849596662447665,0.36887375114112586,0.3694286407184663,0.36986143591696635,0.37046302331719827,0.37073700908515367,0.3703114312352936,0.3705981981569312,0.37152442853774986,0.37181922804560413,0.3720769162131382,0.37244672997871936,0.37235182851271564,0.37234408074902065,0.3726968014465752,0.37295303334760915,0.3728400937397803,0.3729726482120094,0.37356359781936815,0.37381605466038625,0.3738655552260557,0.3739453273984699,0.3737289115756347,0.37383108960956446,0.37444411401358124,0.3745426620969148,0.37407973536815703,0.3742804710722759,0.3748977841904483,0.37495657469416455,0.37519867750793917,0.3753651044544346,0.374837216819857,0.3746055545662729,0.37477322879139924,0.37482116258160375,0.3746560222378213,0.3746517170013723,0.3749184560212218,0.3749319879317129,0.3748108277145127,0.37479381512613036,0.37471214880562576,0.37466315504020137,0.3746870177691611,0.37463069073263755,0.37455781466718413,0.37444060480451663,0.37420335009897615,0.3741936146127686,0.3743109438956918,0.37422310025738936,0.37424807082297296,0.3741707061033289,0.37378970353545393,0.3735963385131939,0.3735960524747363,0.37337886085653615,0.3729710926316798,0.37281099484510133,0.3726398101491183,0.37258992693613013,0.3730822058278009,0.3727437352806281,0.37169365568837315,0.3714576776787287,0.3712141070672201,0.37101028474846254,0.37153679615701024,0.3713457469582176,0.37041274497596366,0.3701256675025292,0.37024246426102125,0.3697491654452194,0.36892795364809083,0.36878147016497315,0.368575175007879,0.36838738700437335,0.36901356614967795,0.3687433108726243,0.36756011585812115,0.3672812268947862,0.36729453588133226,0.3670722026346046,0.36713231459491746,0.36681237321017063,0.3660638391895517,0.3659256904117348,0.3657455993471564,0.36511023212917615,0.3647752432512702,0.3647550707820583,0.36451330223897654,0.3644170460135447,0.36446949984680665,0.36402625544815564,0.3633066876685729,0.3629361778328456,0.3626062578382867,0.3620781977894183,0.36202665143510815,0.36210028759415297,0.3615551378711517,0.3610355566488601,0.3606196412364062,0.35981826151217655,0.35923236734618486,0.3592402132519689,0.35906222116625996,0.3586834668248422,0.3584463343834947,0.3578848502886846,0.3574625822430166,0.35752735910509575,0.3572467319585443,0.3565236959277418,0.35612851186863076,0.35585641202475055,0.35548453649874323,0.35532566988266595,0.354924293637427,0.35426902476692407,0.3537169602927252,0.3530102747774512,0.35273418487752206,0.35281073377997607,0.35222788644296044,0.35155882917343056,0.3511419430507597,0.3503932738694681,0.3499716744499973,0.3500192611989041,0.34949761763159803,0.34854326012055675,0.34880903850644074,0.3486334380750749,0.3485873257883417,0.3480590896717277,0.3465963278593379,0.34605746168097645,0.34622255679417524,0.34615150996353566,0.34612461766854014,0.34592747862039885,0.34572149572893895,0.3454106390954224,0.34530355332957197,0.3454704819486888,0.34481191959356466,0.3440982287634596,0.34394952800737444,0.34375384203247084,0.34408743895354255,0.34458610853684607,0.3444782042945308,0.34409214094701945,0.34354149873835504,0.34338815016670277,0.34345645383377976,0.34350932808825474,0.34381461819297127,0.3440206784781459,0.34425309985932767,0.34426241632653404,0.3440233850081396,0.34398608580481405,0.34384300843423105,0.3440391790852151,0.34481681900823585,0.34481219854636147,0.3444971425619316,0.37047478113361615,0.36812528104680287,0.3679638997270708,0.36795802131058886,0.36888391836740697,0.3704067428818299,0.3715077087375232,0.3715928105475333,0.3697630483407729,0.36947518843857846,0.36977131308203715,0.36959425909351123,0.3698995927991208,0.3693109188812377,0.36782717537774573,0.36776150363665155,0.36885119587849946,0.36890105069833895,0.3687212552228611,0.3675772189978049,0.36820745045864856,0.3693080468317287,0.3709703123243303,0.3710829147889618,0.37042793084928777,0.36987157339968046,0.3687714508248749,0.3684822896063146,0.37049790301446595,0.3709537833904567,0.3706921803705155,0.3701016382914218,0.36918359722298855,0.3680993531888246,0.3673476012563037,0.3657678378600044,0.3655642573380887,0.3667753616934461,0.3667086555236075,0.36621840307063086,0.3656752001052451,0.36420400862429697,0.36380357331129726,0.36426442392895886,0.36465940461702817,0.3643790509344658,0.3629019672848248,0.36209006216909373,0.36122885876801464,0.3598580660372742,0.35861318658836655,0.3577448462519153,0.3556033558671705,0.3536038767979879,0.35261494174969266,0.35162102572526654,0.34998357201730135,0.34689581197616726,0.3436912163488757,0.3414074193096758,0.33898359638419084,0.33654988204697095,0.3345684819963645,0.3331869504230181,0.33052256081475984,0.3261909946390759,0.32263774010534857,0.3196638574488388,0.31536387451253595,0.3114242972038768,0.30777522925269746,0.30469329920179433,0.2995354878720635,0.29515493393609654,0.29299854693943805,0.28919208960656123,0.2847470979119823,0.28080624240103613,0.2754542812956453,0.27013495813265376,0.2667583699055929,0.26294920146531836,0.25970141787547885,0.2547864789502157,0.2507345993365059,0.24711176832641707,0.2418128465214755,0.2382703860819803,0.2355445352483922,0.2302735592954988,0.22570491175672147,0.22368976511277908,0.2211660282528362,0.21886199499025594,0.21632067306723576,0.21419993869888332,0.21092533299504457,0.20784152033989178,0.20635675218819813,0.20434821073553178,0.20262324867048556,0.20104770754257567,0.198716914022114,0.19712645292559014,0.19655044475011688,0.1955883317446433,0.19399502704394173,0.19304243924338355,0.1932829286978156,0.19341950424993448,0.1925654191426965,0.1920680289467272,0.19175581456207733,0.19050424966385587,0.19019688362905052,0.19092549359655073,0.19174054863169337,0.1912803938465154,0.19022748790741595,0.18940499497841523,0.1897019346548306,0.19047207595786483,0.19005541767082407,0.18967719756600532,0.18871838184615083,0.1886307856307569,0.1885161029030159,0.18880569730370073,0.18941481133767035,0.18911067218887936,0.18735040047189055,0.1865963737192796,0.18808790209315615,0.1887292515102108,0.18912388756793685,0.1906200262880904,0.1907908640680271,0.18886391448968204,0.18861889367795565,0.18846770117444933,0.1888938766187167,0.1912623482850359,0.1924253028633713,0.19145254195341566,0.19137515818419332,0.1915079771096578,0.19052708987907832,0.19022286006198527,0.1913817247196831,0.19195892072589513,0.19115632200602775,0.19170937869216387,0.194144368942516,0.19501094587818144,0.19469638353137794,0.19591260802059868,0.1960463489169835,0.19537802065911447,0.19582207238246127,0.19723761092439718,0.19765018482298793,0.19781384697933782,0.19836749561132933,0.19868744052695175,0.1990527586975202,0.19940924626616105,0.1997605832544376,0.19934813948925056,0.19928427344728328,0.2002108615138947,0.2028372790502177,0.20345785895443352,0.20322782287562424,0.20411325270204045,0.20489696885824302,0.20512556348761604,0.2059180212021442,0.20675824082943103,0.2067445201180257,0.20624093777415575,0.20619535606168582,0.20761758238188577,0.20821808731420177,0.20773390399038236,0.2084958792844137,0.21033727090709223,0.21125039539197343,0.21266805338894587,0.2133502402783838,0.2129486479727303,0.21303136454914748,0.21442026786494903,0.21413769220772977,0.21413842197856225,0.21533419109545807,0.21569795862145516,0.21497060298014967,0.21518177766001056,0.21571548585028313,0.21656191574452388,0.21800154216667872,0.21872517650254078,0.21948944202474271,0.22065799785509804,0.21954602745361085,0.21988199150769233,0.22152503651326771,0.22131722819523084,0.22215617225270062,0.22418087403621775,0.22488863256272548,0.22481636000204683,0.22523041235044003,0.224931780824586,0.22529678209596998,0.22657575509098007,0.22729627482584297,0.2279479393311473,0.22841779118081734,0.2286951720806777,0.23021028327792156,0.23071082373270269,0.23089927731803345,0.23147228680013235,0.23172996355572284,0.23223164913788255,0.23355314295395244,0.23421909167312766,0.23446582103788846,0.23463464033285772,0.23402834421494537,0.2342643436589396,0.23568673149145403,0.2365016919024043,0.2374565277193699,0.2395275647740291,0.2402748496811166,0.2397085758598955,0.23989290265404972,0.2401821376148826,0.24042776084106812,0.24045134014724046,0.2410124813718023,0.2422382829318471,0.24265510332660364,0.24187487414910394,0.24322153765278703,0.2451636513591676,0.24566178660719792,0.24614124551279257,0.24691544329691711,0.2478791341334945,0.24846792237536566,0.24839381852242,0.24803447389260516,0.2487393396377258,0.24946488079900805,0.24939483095912823,0.24973293893335266,0.25057516067593627,0.2506332101212526,0.2508784558504349,0.25084953665447685,0.2515546433589075,0.25252314106188734,0.2531345911672782,0.25332810863230065,0.25449640855289307,0.2550280473390216,0.2538950308242833,0.25367492069012876,0.2539821375117053,0.25481796614695645,0.2562785714059714,0.25694613312769254,0.25739849084868804,0.2588838436575856,0.2597016113723985,0.25951834336550267,0.25994824435720565,0.26119407317623705,0.26160516889269786,0.261296177058013,0.26139271775909784,0.2614157266882254,0.26167009089561283,0.26268214791627154,0.26255337138467905,0.2605262765990142,0.26083350354271323,0.26301949163301974,0.2633081749721252,0.26310899086421385,0.26460520795212167,0.2656662183969988,0.2649861611766621,0.26556020785751666,0.2686904119573191,0.2691463011666383,0.2668898940063142,0.267056839241386,0.26792444257745457,0.26863396603939504,0.27065728189522825,0.2717248310298747,0.27203076409747456,0.27237884886671687,0.27216816794886844,0.2728188203646983,0.27305021027127696,0.27211080349723793,0.2729311385539378,0.27489903678836913,0.27536115863114075,0.27612996079458163,0.27645291230014624,0.27479360394652247,0.27509972571379254,0.2773902928402536,0.2779725804883562,0.2779630293262335,0.2783859356460157,0.27788026515512865,0.27817253626667887,0.27976164764165345,0.28077388212044707,0.2821905235521858,0.2823203408872799,0.28269717186977733,0.28284113382800924,0.2830650814499716,0.2830712742700673,0.2829793293787617,0.2825192509932106,0.28281499744962596,0.28369212161260876,0.2837759828246152,0.28345502348119606,0.28410256459597316,0.2848640987501582,0.28532467139099194,0.28750747676346033,0.2879530719092666,0.28649687635418103,0.2850213878537525,0.2851116293627053,0.28582380659125434,0.2857690095086766,0.2864324166308832,0.2867287141216625,0.28538993503245513,0.2863880712002631,0.2904490507863569,0.29083894709091795,0.28993660755987805,0.28964989378254796,0.2868052074652207,0.2860050479346433,0.2877766939896097,0.28798713196103365,0.28721087312658294,0.2874542706245204,0.2877953231419943,0.28804453093031157,0.2879858407627226,0.29003234897822905,0.2905618592538718,0.29031702189268027,0.29098067366362274,0.29229480256527746,0.29235568226765785,0.29222850021093605,0.29203189101950966,0.2909676452704853,0.29023302321235334,0.28859333867331816,0.2892394740573513,0.29217879218832543,0.29272687615164716,0.29349861612523864,0.2942935470102193,0.29386095174502397,0.2928159376828495,0.29063166751210145,0.29079062518238236,0.29193572392765144,0.29192553260882104,0.29219802602776396,0.29469395898320794,0.295223692859686,0.29347900574808794,0.29322996333386775,0.29450324177150244,0.2939826493989185,0.2917568315889019,0.2912198228472929,0.2901021321932557,0.29067305671428717,0.2940380591125959,0.29512684416921675,0.29586024638218716,0.2967359052158477,0.2973037523938478,0.29659901769568,0.2942754166936384,0.29391767480267866,0.2940591311192418,0.2931913704208549,0.2919572499552607,0.29317429728186045,0.29495574279424325,0.2944510048004263,0.2934989720809203,0.2932610208079801,0.29316908395116875,0.2906482859289979,0.2902379188220422,0.29315455015803255,0.29312663638207875,0.29053560036508064,0.29041836634272206,0.29135795486352,0.2913256935710575,0.291051346541716,0.2920955087975773,0.2951908053367887,0.2947508817629299,0.2926554095061193,0.2919574267499843,0.2886324058582289,0.2868406205892885,0.28818511509707984,0.28840010682889156,0.28832490605347544,0.28632301735862536,0.28781314478254894,0.2888719538627783,0.2853230984886511,0.2852077803583408,0.2850004137455121,0.28373079724713146,0.2826704664459134,0.28341862379498284,0.28336856153842455,0.2818403629094383,0.280855524653209,0.28154156975664024,0.28098824971277386,0.2776621860911278,0.2776188520246213,0.2805662117546046,0.2806671992257184,0.2804894572801994,0.28055950190008183,0.27970083541106994,0.27840437816895686,0.27706870621174884,0.27628421656737256,0.27364515548095825,0.2726890916571859,0.2750658059999245,0.2752783953879272,0.2743264620750363,0.2741755037202185,0.2737014504307627,0.27209193770155693,0.2703711824996799,0.27023310576597126,0.2697945477404608,0.26688631456770656,0.2650820921348877,0.2647932739573445,0.2653850879358336,0.2683733459727193,0.26743289465467796,0.26503299518940765,0.2641895488796459,0.2613531321073768,0.2599679783598969,0.2614802747829119,0.26159426968262245,0.2592554351366914,0.25933192672819866,0.2626999595147646,0.2627198138459509,0.26109642813141487,0.2608478025008615,0.26005516961500347,0.25847012311342865,0.2564536502738827,0.2565420966281935,0.25717896417072533,0.2568009351365019,0.2578936861655604,0.25853653752579603,0.258355074222221,0.25707760586349376,0.25469825564663584,0.25413666646895694,0.25325781291035393,0.2518881071376891,0.2532339604651055,0.25586288161220977,0.25642202732696856,0.25465250849892046,0.2541842497892282,0.25561717725183486,0.2544415658540019,0.2531450635861229,0.2539329114054312,0.25287692463281014,0.2507272346601463,0.25101013330408484,0.2506544111541663,0.24844073786613796,0.24849699843080908,0.25207335708970713,0.2518597876959546,0.24922865950269063,0.2496228447080089,0.2509131477838444,0.24987108468300334,0.24808756092823028,0.2492120058582744,0.25109584216207814,0.25112459050058594,0.25312266673270817,0.25346482490413624,0.24940614753023413,0.2474577626893285,0.24941724073391053,0.24832430428458388,0.24265149180371218,0.24190000546331686,0.24378337312275508,0.24309395334752748,0.24378877255069062,0.24421348893473094,0.24255924149491673,0.24169373572968975,0.24255104942570677,0.24259212741218822,0.2401750235288134,0.23996066048323514,0.24334056885589364,0.24241127101077312,0.23946537591460038,0.23829909175121386,0.2335738967018923,0.23214357961640253,0.23647180400482826,0.2366450204852197,0.23495594046430776,0.2334994175292971,0.23348407006876862,0.23239450986724183,0.23451860806929425,0.24072699601081357,0.2426555090181301,0.23892344139451693,0.23672175570000212,0.23536684252397663,0.23339489396306062,0.23433260417686094,0.23372503440559628,0.22917176265145284,0.2238832100852896,0.2222778786151103,0.22526077653959312,0.22675127359832295,0.22710161070334192,0.2291305988904634,0.22913927093899802,0.22649814312570973,0.22621617459854784,0.2280650991017334,0.22930683664281426,0.2295672156984043,0.22958606720559105,0.2313532799867133,0.23100232953122243,0.23152361676147268,0.23463579480610175,0.23374489496032727,0.23282380152290746,0.23126186611926833,0.22739526635529594,0.22506771643894968,0.2241616307055119,0.22255825874796983,0.21843914871688308,0.22204244502632794,0.2299959573385745,0.22953853399690943,0.22959727826836857,0.23198869864727356,0.2296390441431678,0.22344072433630813,0.2238120874986649,0.23320863440335113,0.23210028264419752,0.22243091700607984,0.22004070494249633,0.2208612570148177,0.22238313507449453,0.22703424523766313,0.23151561825025516,0.22451335010009427,0.21277075687178898,0.21400209700603814,0.2252047821941671,0.22880474820318686,0.22013310640609632,0.2181808273530846,0.2167561802421899,0.21002355545174953,0.21469075718222275,0.22275435988863218,0.22341570547859624,0.2206835177558944,0.21906382130472643,0.21781647025700948,0.21008769403366429,0.20400158627195322,0.20845635991728723,0.21203551844774884,0.2132070489149257,0.21317400650714718,0.2107675792413567,0.21007143531771974,0.2068000949091211,0.2041656626854747,0.20453118088324765,0.20449210793364503,0.2039185064382543,0.20397690101073604,0.2047858793926861,0.20680893137407919,0.21930011331066987,0.23207049295158141,0.23176038550706707,0.22556591983191435,0.21016763325062454,0.1988221049898309,0.20406945310232258,0.20829415578755794,0.21006288625209668,0.20915803309934425,0.21035228874642417,0.21150152776177897,0.20172140483379716,0.20658551020662197,0.21383851890660824,0.20596176664935195,0.20866146696535903,0.21488803878484888,0.21050674143336853,0.20226997928483628,0.2000028114213133,0.19977016179829404,0.19391304806392787,0.20032065498438914,0.21567605852097918,0.2128217879422696,0.20811158380489034,0.2038948238600091,0.18774284982073652,0.18907622623282577,0.2068175354188632,0.2052468629348463,0.20038722995021224,0.1986076457391394,0.17908518574575488,0.17687655925719256,0.19659483270475583,0.20140179100542405,0.20320464306419883,0.21063732503434454,0.21797997670947936,0.20776678907509186,0.19809294694016263,0.19154893981980434,0.19865023241711174,0.20830724047556634,0.2027898828791294,0.201468695999279,0.19964645560385194,0.1981527560721543,0.21869000389933177,0.227845370542393,0.20693397049803253,0.18995569096805873,0.19906264102079635,0.22194932014536145,0.22843147487000887,0.2197631447325494,0.21680787144426808,0.1990962144533713,0.1709591505310688,0.16796201605244485
33_8_ANDGE_1_M_1_00000,0.15420798743785918,0.07585367954643639,0.046867863081099755,0.05371277611397981,0.0719324811053388,0.06869650429692692,0.0877299695250287,0.1110877380425114,0.10342078482404604,0.08911973338402128,0.0851197697662265,0.09452812902109774,0.06710042741199532,0.035928373342934944,0.030986554555560205,0.08569326302691706,0.1197415050954531,0.12122142644641115,0.11693458860666255,0.09048496923142703,0.06956361207238823,0.078083186369858,0.06037985735135366,0.05044517092287572,0.0679231682869025,0.08370209890861639,0.09059071519844614,0.09022789515172737,0.09248021732156984,0.09012996795292201,0.08062448362502787,0.06669593373436347,0.08298982293492596,0.09877652698150066,0.0904939115278478,0.07251776302992788,0.07316608495527299,0.08920620583937607,0.07701112307596164,0.07520658024626163,0.0822480151243785,0.08177203934904893,0.06728508356554767,0.056437605911615674,0.0629056532900961,0.07232887612075191,0.07535442132790457,0.07233196153985084,0.07961311246632698,0.08830007094119607,0.08845850918526384,0.06763212415574839,0.06391028902956199,0.07259324043072282,0.07963123349793932,0.08544502391937504,0.08416806823560263,0.07611109267735534,0.07474479052515111,0.07681112436192253,0.08008020474825266,0.08318806263730223,0.0812286391606915,0.07951571922602546,0.08546235883118243,0.08465775063415468,0.0821808670260762,0.08282323187714141,0.07962858708631661,0.08080671781650119,0.08699651202157728,0.0874337883377961,0.08518196558266604,0.0827546085447794,0.08296992075467889,0.08418009363135506,0.08478890660939926,0.08386632124787054,0.08455624680042229,0.08619228278291127,0.08794027220224919,0.08956577966034467,0.08929313319287731,0.08891942663787963,0.0946813334744578,0.09536294306900868,0.0928294237650419,0.09380172550879698,0.09710481652077882,0.0973101773556213,0.09190425642073144,0.09294689327450252,0.09533572158317637,0.09617292119837663,0.09754098221790962,0.09934799531509447,0.10057711227639644,0.09936226967706771,0.09924544832014451,0.09992805465332393,0.10029289652686486,0.10286458935892227,0.10367428476784951,0.10097676106615769,0.10168232724878336,0.10258222932796335,0.10266217824007298,0.10391376692633807,0.10443171454135701,0.10386733740719564,0.10264883053482574,0.10204748030937653,0.10248653152556576,0.10390584089448826,0.1054449836538288,0.10534991121243398,0.10369477738913706,0.10493080825354605,0.10552194630102617,0.10502427499312013,0.105789366189321,0.1047775422496816,0.10325389061060304,0.1038584813123099,0.10491642658103434,0.10520996792759485,0.10441434628261421,0.10545045297767182,0.1055223896762143,0.10433086198436727,0.10667225236905402,0.10730602059664363,0.10631072006957884,0.10718820758687864,0.10715506448857486,0.10661731785293638,0.10665012783715416,0.10624110973768318,0.10637982083883629,0.10753765901832998,0.10809183202666361,0.10850677383792177,0.10901459335866903,0.10950082829265265,0.11039715562999312,0.11149188800108621,0.11223767604703688,0.1133201498901847,0.11437575773729416,0.11507765580551224,0.11696972425405915,0.11772795884781981,0.11699546489114979,0.12000553457766247,0.12278807585392304,0.12434302838453455,0.12652476753111916,0.12793277996525615,0.12958438045418255,0.1332242593021315,0.13584268526269436,0.13808562492414814,0.14116876260629685,0.14584530447345564,0.150063428523283,0.1530490019192884,0.15653946139902178,0.16092948381220315,0.16599949415923837,0.17094587418554594,0.17486109840981318,0.17854825887457257,0.1832935692194077,0.18843051151557308,0.19351240828673108,0.1981973932968388,0.20254103575001134,0.20661415987498583,0.21044655348230426,0.21398360227975982,0.2174677228613445,0.221026439954249,0.22475187886532702,0.227651554268814,0.2301690300590219,0.23307016606199277,0.23603509925513116,0.23837298133227924,0.2398274603919364,0.24150018523578512,0.2428416418031575,0.2438763965484524,0.24550779315219595,0.2472346486727349,0.24843047972433108,0.2483833177562757,0.24945419591422127,0.251042400459878,0.25201169830342035,0.2529809600621426,0.2537230094335263,0.25418850536091564,0.25509788925109683,0.2552462880184893,0.2545721487837727,0.25435523759623385,0.2539430606004457,0.2534124867105398,0.2530651213514787,0.25198899747178083,0.25037539126682895,0.24865798366236183,0.24719550289238126,0.24557573207079814,0.24364231263808878,0.24200314199792242,0.24003398788701033,0.23757239670226923,0.23484903232926815,0.232280059540676,0.22977682409511677,0.22707129116573913,0.22435832778637216,0.22176301949412727,0.21931698231491942,0.2166219784078241,0.21403714964595505,0.2117663175029383,0.20970848830232955,0.20753676043824132,0.20535698198352928,0.20362794828946884,0.20184523730162393,0.20009172418791443,0.1986090038722194,0.19739840196412525,0.1961779192629657,0.194791208079691,0.19366708928353193,0.1924961068224574,0.19124426527110883,0.19034632534671558,0.18954213551158827,0.18858389685784774,0.18721314881118872,0.18642970777129617,0.18620000035696815,0.18623249868643302,0.18668242001800409,0.1868249901412255,0.18619099253579105,0.1851026224018673,0.18380052245940803,0.18237110475623425,0.18070838909355913,0.1789417776157856,0.17715127797862004,0.1753767887881414,0.17334719211777236,0.17148527700552485,0.17014370981169152,0.1683770884296328,0.16732465467894567,0.16735193055900163,0.16669823806059575,0.1658843602918726,0.1650450627674013,0.1640238998502047,0.16324050379144206,0.16250305346505656,0.16140379514394038,0.15994799972503848,0.1583886832539804,0.15706377399215865,0.1565088552414018,0.15639831417706065,0.1563055098771417,0.1555425732873297,0.1546734073648791,0.15386553157605373,0.15308885877635753,0.15295384218681238,0.153019943919553,0.1526518645292741,0.15239293205633442,0.15197998520533862,0.1511592206698037,0.1497864980417564,0.14876765726958557,0.14811554910728209,0.1467958544513778,0.14534739703695004,0.14376252180979562,0.14189441303267597,0.14048481898362053,0.1390353334845083,0.13704376119432035,0.13502903500763025,0.13334032356346334,0.1319893275237837,0.13027997132816949,0.12894976729321542,0.1279743761271706,0.12674634763951861,0.12551508647092283,0.12429167769983743,0.12300362049569016,0.12142973210918,0.11976111593135812,0.11809474590148591,0.11599888514058701,0.1140938556521648,0.11251493650780406,0.11073506896908893,0.10897756820640338,0.10735187205729756,0.10594202192124741,0.10456060737993879,0.1033153230189499,0.10236595799028732,0.10185281370057309,0.10114658527390501,0.10018637332696755,0.1002823695991828,0.10036989828135705,0.10021832707925594,0.10020771931536998,0.1003413266699984,0.10058025971577171,0.10086606697249807,0.10123445036836731,0.10167837065465928,0.10230694619971267,0.103599810488298,0.1053188585740305,0.10729741867736381,0.10938276957387515,0.11215650329157371,0.11578696124641351,0.12022925956373892,0.12535648047370795,0.1311620962942172,0.13770107524655315,0.14522273492843923,0.15362997402976183,0.16270303816259685,0.1719645703788546,0.18217411495428304,0.19311627141826862,0.2038889967025595,0.21472684856277469,0.22556028552299998,0.23632175601752653,0.2470537069761674,0.2576158159913155,0.26797393876289255,0.2783230801234952,0.2882829751324309,0.2977918292580536,0.3070385634736585,0.31655499605487536,0.32593517108860715,0.33450803244733723,0.34358967408907004,0.3524727493225074,0.3605769117782186,0.3689290795819261,0.3768925137675709,0.38434742814460904,0.3919862461712343,0.3995468305934665,0.4068809944707109,0.41389572496921884,0.4205894322151357,0.4269285331920133,0.4329847733236184,0.4391437554622396,0.44480265272168606,0.449764404101905,0.45452670597054173,0.4591411385826437,0.46346609815082424,0.4672148965754691,0.47130722315941376,0.4751103621918447,0.4779496100472046,0.481111280314825,0.4840998092141954,0.48661833053757353,0.4890587316881628,0.4911913830129746,0.4931054786111342,0.4951133300480637,0.4967458061655222,0.4982325954814636,0.4998792214694362,0.501153717917987,0.5022614100551289,0.5033745683066224,0.5044546433674744,0.505298140914276,0.5058535046722303,0.5061897322831869,0.5068871560769498,0.5077238614294115,0.5082335603267905,0.5082791848190911,0.5083681947646741,0.5087356306307638,0.5087708755441677,0.5087788552417088,0.5088241347462852,0.5087704931441855,0.5087072596562549,0.5088936858341498,0.5095302507565665,0.5099632369041817,0.510267785224064,0.5105566655062707,0.5108582207778959,0.5107489083601995,0.5103970679521701,0.510541453382212,0.5106532278825313,0.5107212085853247,0.51085249570436,0.5108895571391797,0.5108610704929432,0.5108050117903119,0.5107274249119264,0.5106287038738208,0.5106002813067074,0.5108202309539018,0.5107062063104866,0.5103779209755143,0.5101930329304476,0.5105486193531719,0.5105784574382647,0.5099940387156207,0.5100982098064135,0.5101239437994775,0.5099582188097703,0.509934920441471,0.5098915005952928,0.5098227415278667,0.5097605400366,0.5097309954942818,0.5097093129629322,0.5096987709579254,0.5097996377489726,0.5096977869437743,0.5094686341284663,0.5094345382439738,0.5095918567944754,0.5096554277700791,0.5094087083171502,0.5092117621113806,0.5092853388705894,0.5094884908848872,0.5090258671471534,0.5090485098744751,0.5092744531866732,0.5088407625918305,0.5088645460640672,0.5088454455385155,0.5083561933909478,0.5081151638290574,0.5079510953396383,0.507835189738627,0.5079172872172235,0.5078834752307707,0.5077132382004305,0.507515280145642,0.5074538060834244,0.5075514144767029,0.5077296697917378,0.5077341902506868,0.507501940559939,0.507267341707873,0.5075027208555039,0.5076325080979994,0.507649117027564,0.507667557558352,0.5076961989263156,0.5075187185424541,0.5071776179197685,0.5071765771429821,0.5071730118744013,0.50717672736149,0.5073075983954033,0.5071376207695822,0.50716490108714,0.5075800004342782,0.5071651871342959,0.5068491757516115,0.50688980349835,0.5069155687044962,0.506833567308955,0.5066799436295485,0.5065483388796956,0.5064972031072066,0.5066173299838633,0.5068052619888725,0.5065152157683089,0.5067182843754369,0.5070682567444854,0.5066536975714696,0.5065197879697484,0.5065117696731276,0.5064186283834163,0.5065109479814968,0.5063377681178228,0.5060176652159426,0.5062036698004497,0.5061601559555248,0.5060817058583877,0.5062701048442653,0.5062553358114317,0.5058949720435464,0.5053809624089374,0.5054450382338559,0.5054141606000986,0.5052435940802854,0.5051602494721504,0.5054178724041206,0.505741176918376,0.5058164960707083,0.5053280663106713,0.5050392677410612,0.5050224135531901,0.5048675900039888,0.5044400164354386,0.5041330296063963,0.5042461176073139,0.50430738729334,0.5044287577171408,0.5045397095423496,0.5043643226645228,0.5042219672709615,0.504252850358832,0.5044663866064174,0.5045503191018985,0.5042530406647445,0.503727430104672,0.503790415716326,0.5034287870547044,0.5028317643296352,0.5026349527163019,0.5029410871347609,0.5031998888880235,0.503086631985332,0.5028580303792736,0.5027176570098393,0.5026610852065758,0.5025608490645307,0.502451900333172,0.5023250168319708,0.5022605663998404,0.5026621739408756,0.5027835652857724,0.5024135221455621,0.5017832827242966,0.5020818012914197,0.5022722939235116,0.5015298796164442,0.5011619571084088,0.5009482184358298,0.5008795760691673,0.5010946418675654,0.5010344029820099,0.5007371272325127,0.5004362603849751,0.5004969702805523,0.5006359871331821,0.5004982709415582,0.49968905877925707,0.4995975638092916,0.49990001801218487,0.4999590092785434,0.5000157890042394,0.499359979817433,0.4983403185334956,0.49848699370654787,0.4984365472031787,0.4981897627130151,0.49806103679574704,0.49812808296818906,0.4976607875965875,0.4970023187740387,0.4977580250102389,0.4978811330469107,0.49755966104570903,0.49742084492609,0.4970234045979253,0.4966119021336433,0.4963230906482589,0.49614865415487175,0.49611411633971303,0.4959015890282331,0.49531257956842006,0.4950408539092158,0.4948615578583905,0.4946807422723611,0.49456629123804935,0.49424776096291867,0.493502235841909,0.49238220009614253,0.4917888122325922,0.49181844557032084,0.492038441626093,0.49157248478040194,0.4915219507001115,0.4915221622551817,0.4912017896218843,0.4913568553218248,0.49109063428689437,0.4906807438945285,0.49119518594496875,0.49055623640115814,0.4900889821354303,0.49070972720287975,0.49041312932183084,0.4901108225923369,0.4902402506762462,0.4908364425270066,0.49041164804098547,0.48993275999286745,0.4900276448393169,0.48983831370548897,0.4893045386290734,0.489078204705539,0.48984049140919445,0.48967469895742155,0.48925822674040337,0.4894522502104681,0.4911225850316794,0.49055959886074263,0.48940113771771077,0.4901698714821103,0.48989081827593134,0.49007112152253535,0.49080737458594464,0.4905278388937146,0.49004667705549393,0.4894841116022202,0.4890543685505227,0.4897873084091919,0.49056780168943687,0.490710835351424,0.4900410884837067,0.4902406330820432,0.4744018455395147,0.47460286579975103,0.4751096163711972,0.4757379114878699,0.4768949451222237,0.47789420485211126,0.4782037540441664,0.47880228437514866,0.4795442223627431,0.47951088411292525,0.4800682085049538,0.480387823944451,0.47927009929287,0.4785409608013929,0.4778477094785641,0.4766937970372529,0.47617479889805586,0.4762813273484407,0.47641653535543077,0.4760968799728116,0.4762303951895781,0.476585482069482,0.47695810258403304,0.47738636232984905,0.4778278987790956,0.4779718027122195,0.4777184362421495,0.47803240722697565,0.4784972505850721,0.4784980183355688,0.4781034919993905,0.4781762347995258,0.47827653213154087,0.4782106338842293,0.4780053046976971,0.47841601635459496,0.4778726629964575,0.4767137373410203,0.4767856854653596,0.4769896098404847,0.4774805954652936,0.478477078034515,0.4787035710310495,0.47826313610074955,0.47788594846107907,0.47773022981124313,0.4775618780539706,0.4773984289181043,0.4775646745109733,0.4776574491571901,0.47720392129400924,0.47715243967926785,0.4773909284251762,0.4779950903260547,0.4787450638643773,0.47870104711454514,0.4787026212702558,0.47864961996595795,0.47784487633672884,0.4778462648439293,0.4778164155462208,0.47792376544110693,0.477318701851561,0.47748913448107283,0.4775106834802943,0.47769044410217404,0.4782609267814399,0.4782129734118276,0.47813329352326744,0.47777980626884126,0.4775082352802942,0.47791309603224585,0.4779311065747453,0.4774974266666281,0.477216915277032,0.4771502058052258,0.4768763872507591,0.4770218227588305,0.477955855554002,0.4786342760785083,0.4783625714389722,0.478230372351252,0.47800745648718207,0.4773728945242081,0.477651281991648,0.4779102371228745,0.47754934353228357,0.4773034432452534,0.4766143202292624,0.4760891280984157,0.4760371066971555,0.47677535525811654,0.47678110937187307,0.476912768114383,0.47656368460957443,0.4756830002783532,0.47488302848879005,0.47452770330255745,0.4745855435073575,0.4748987137009217,0.47525708095516256,0.47560604123765593,0.4756716078717243,0.47506089001473134,0.4742558534982939,0.4740864364517785,0.4742571565689445,0.4740210461940315,0.4739716996907474,0.47420003336180633,0.4735869247506092,0.47289580450953894,0.47305633928725127,0.47303569391142286,0.47291077250413105,0.47290341273046516,0.4724673102776402,0.4717881172996185,0.47127284146595744,0.471022812657174,0.4708485572959167,0.47104827858103293,0.4707945184203127,0.4703602866965909,0.47020148494146413,0.4700322955258055,0.46971245696872593,0.46960483249565615,0.46910341079082174,0.46804579221902054,0.4676656840810559,0.46775099886149435,0.46728244161890065,0.46644006655539894,0.4655408363477269,0.464689907245597,0.46395390790414476,0.4633186153110655,0.4632277171065891,0.4625492299521548,0.46141053724042297,0.4607060519954296,0.4600652249342401,0.45943502853527,0.4586945164017293,0.45781049071883073,0.45682800519642247,0.45593114337576424,0.45558165620940416,0.4551892264449345,0.4544166537134784,0.4539370047248604,0.4534240808760484,0.45257948776495965,0.45206512072579824,0.45184613905060217,0.4514326325635977,0.45100733749925503,0.4507005220987274,0.4502908635389411,0.45000400171494265,0.44979948351761495,0.44975241792273823,0.4497735194399166,0.44966133215503157,0.4493007505575959,0.44930262894153383,0.449318932208472,0.44884591477167285,0.4485648970215753,0.448391920272415,0.4482260548884201,0.44799723743262426,0.4479447234715564,0.4482498629945099,0.44814608284430346,0.4477161495910004,0.4475540601445584,0.44744369461466993,0.44713640358385975,0.4470923794420402,0.4473153905722724,0.4471957421391219,0.44677559132997013,0.44649536781679205,0.4465230991259085,0.4468327983033417,0.44705616649515584,0.44692930740100173,0.4464514372969526,0.4462706189144457,0.44601961489106073,0.44580958798690085,0.44564920075507697,0.44566290931946595,0.44569483646366637,0.4456077926478615,0.4455387956540978,0.44596967407924354,0.4456895920537859,0.4453654041884666,0.44545634011368196,0.4452955448349638,0.445089878829258,0.4452669431820416,0.44548643478965494,0.44544954075786775,0.4455344995987421,0.44582781953599415,0.4458705430903395,0.44571174977134914,0.44570734276534907,0.44562260029419887,0.44563370203944247,0.4457740789771619,0.44588871994750096,0.4460926859390616,0.44620825200649505,0.4463065698557219,0.4462916901204922,0.446452293680479,0.4465480075390056,0.44645194110370273,0.4465574728789254,0.4466714179881512,0.4466385300666709,0.446784740603983,0.44725482327594085,0.4473882063135932,0.44735182094083975,0.44739531921221304,0.447286809116774,0.447343972745188,0.447648929671055,0.4477256286353501,0.44755691908961853,0.44767535115964985,0.4479731605541457,0.4480647464054822,0.447904058164693,0.4480436123054509,0.44812886680595576,0.44799387246863887,0.44815183127820424,0.4484699932146237,0.4485209266879604,0.44814692685645147,0.4482233753789333,0.44862740689133346,0.4486825526562348,0.4486915262027534,0.44873782672289614,0.4485013600158899,0.448504910701773,0.44875905687120016,0.44893388837649545,0.44930989652535347,0.4493592702631255,0.44901969651351553,0.44901046787712606,0.4490924413119822,0.44899899034777924,0.448961012756048,0.44915958390967875,0.44924960142072556,0.44901257603629097,0.44883434007012296,0.44864129761150406,0.44867445420789903,0.44876993006621385,0.44865009421540114,0.4486099700037788,0.4485849470693003,0.44832158811063,0.4481428733128665,0.4482281240625048,0.4481549604321955,0.44773492337394016,0.4476127815600219,0.44790689623892127,0.4478184100529645,0.44753175742643186,0.4473027643272841,0.447209687723468,0.44713035382221544,0.44708362871454016,0.44700615681759737,0.44694459322575747,0.446707444059754,0.4464622965700159,0.4462888196706002,0.44614826848090566,0.44587317128065573,0.44563356864216797,0.4455718242450267,0.4454329994062591,0.4450430643832173,0.4448953583806461,0.4451310273121928,0.4449710268029594,0.4445334637488906,0.44434678728207905,0.44417877241683634,0.44387905556951035,0.44375622797692155,0.44349819926988754,0.44294581541008915,0.44242076319672125,0.4420801885409781,0.44165975875348334,0.4412074990813666,0.44069608484478934,0.44024640942812415,0.4398236471731999,0.4393557281002785,0.43888301672236274,0.4383824955824006,0.4379041718128866,0.43730193984148374,0.4366662818993676,0.43596179377294053,0.43503843522464297,0.4343082578441144,0.43371447527749896,0.4330014406023405,0.4323665473621412,0.4315962713579181,0.4306835821563508,0.42976198557576395,0.4286898648831416,0.4277810245481279,0.42694226279241043,0.4261339508353051,0.42517966170210786,0.42424490501095957,0.4234014723251814,0.42250821139045386,0.42154920158943926,0.4207211210742572,0.4197592385254728,0.4184646762273647,0.41758539565088865,0.4170466454900522,0.4162012616487103,0.41532445946666546,0.41446973991517194,0.4134236278006311,0.41255796515043075,0.411870630818703,0.4111227794997161,0.4104199413044608,0.40962504779728415,0.40880324138974977,0.4079534174853827,0.40693730419237556,0.40607757136479555,0.4054618323181163,0.4046003666632311,0.4036959528506699,0.40267409111983093,0.4017500056520195,0.4007058211276289,0.39968606782774524,0.39883273477642356,0.3977289118001161,0.3964564461843842,0.3951607821232028,0.3938306848122906,0.39243601948086265,0.3909853305522202,0.38940037852963044,0.3877868434530361,0.3860010079416554,0.3840758063070055,0.3820251865457191,0.37993700085413595,0.37755656207775024,0.37490908335622214,0.3722062201485969,0.369393978997277,0.3663243529593168,0.3631851252029446,0.35975037104768803,0.3559903168404394,0.3521025241359247,0.34793537710084205,0.34376030518935635,0.3394871395127536,0.335090127418538,0.33053812522005066,0.3260889726531957,0.32138064255765075,0.31641298476962104,0.3116197709007918,0.3067029130204555,0.30200270710213833,0.2974555848144231,0.29279561167767554,0.28804180711722477,0.2836099570986556,0.279269339000879,0.2749730358853313,0.27077102422355004,0.2668798943997388,0.263090758242268,0.25942573458373197,0.2560793119644607,0.25281377337507277,0.24947829651080042,0.24645886612063475,0.24378379785861476,0.24116078002214897,0.23864619399270767,0.2362846689705408,0.23402744502867212,0.23199082900031548,0.23014344880711962,0.2284215187341459,0.22699929004280736,0.22553086024685656,0.22401466385235957,0.22271063557567564,0.22153388166803345,0.22042346151632722,0.21940833674219315,0.2185928959232126,0.2177222911534103,0.2168092337279989,0.21610951946924295,0.21555868452267635,0.21498020822798247,0.2144925283715563,0.21403601274207198,0.21359792265726651,0.213186824188837,0.21282694599554278,0.21253166647049243,0.21225105862811575,0.21202588809753548,0.21190704273221403,0.2117775055782558,0.21160322463507858,0.21156628766128585,0.21165137219291694,0.21170494601469217,0.21184641495038356,0.2119391908949893,0.21203169994473448,0.21207329025236596,0.21198391372233152,0.2120779412610647,0.21225688608185986,0.21240350668866045,0.2126093972275195,0.2128894901229046,0.21322076431420217,0.2134806724401719,0.21374765174307359,0.21409921152570907,0.21434425843698174,0.21471868273769087,0.21525464508692405,0.21587503673587063,0.2164531432468973,0.21702737383252235,0.21769630337684318,0.2184023299631714,0.2191673284585202,0.22003781836403494,0.22083897916080147,0.2215692467727725,0.22254264603003945,0.22369298047503008,0.22461464276689516,0.2255110699234742,0.22659629502271209,0.2276421258990178,0.22866269903161093,0.2298333182672538,0.23106131494018584,0.23220204556198656,0.23335744581183618,0.23470887040709537,0.23599598777339933,0.2371698856317611,0.2383215742635494,0.239494980941438,0.24076113434584942,0.2419845494817786,0.24319181646656407,0.2445164737600982,0.24583531517254986,0.24707563436490612,0.24831372143622152,0.24961241882581867,0.25093372260302316,0.2521810420546995,0.2534763367984843,0.2548872902130707,0.25626088689024656,0.25770621571933094,0.25896383629613906,0.2599593980870365,0.2612368588370057,0.2626954785912461,0.2638994975352993,0.2650331058548626,0.26635639235673003,0.26764336806854827,0.2688054914581666,0.270089568428957,0.27140852665926046,0.2725745002053403,0.2736979268703423,0.2748440352140446,0.27612825034147254,0.27742225391870784,0.27867065370826677,0.279762251779998,0.2809220197437514,0.28205305610394127,0.2829074550099135,0.28402367750998114,0.28543753260717497,0.28654474087689924,0.28742549628206543,0.28861606637718384,0.28998621707400984,0.2910195239999268,0.29201799503686315,0.29307899143888044,0.2939279309299249,0.2948581578880353,0.2959747816509135,0.2969941954231464,0.29786398177344,0.29876482898719825,0.299701488270968,0.30072723946619445,0.30173498022822387,0.3027193150854684,0.3037960148545214,0.30489573904559375,0.30601082914794564,0.3069510561336851,0.3078850575901568,0.3088350233599157,0.30966175643932187,0.3104051249257194,0.3111756941871708,0.3119557336849351,0.3124714537406322,0.3132426327512558,0.31433695650096666,0.31518439213391214,0.31591850938979715,0.31675005076173884,0.31759339574041495,0.3183530443973972,0.31914335128229154,0.3198922944127718,0.3205228302154255,0.32118089724735677,0.321869877675315,0.32253969788657594,0.3232108122438567,0.3237926126958737,0.3242174488623883,0.32487558946230033,0.3256549676787181,0.32630569324936337,0.3270934687450816,0.3277762993597469,0.32817220121692714,0.3287833511574362,0.3296368274354234,0.33028563407566575,0.33083031525823214,0.33145339471383894,0.33203931355262584,0.3326085523344198,0.33331919715011815,0.33385960292368716,0.3340883262962389,0.33458793705019274,0.3353149533296755,0.33581095824061424,0.3362117393978447,0.3367852384952316,0.3373225047026177,0.33780860037042515,0.3385136473087863,0.33908900017084564,0.33936532546834036,0.33982006030431133,0.34049072920841117,0.34097489218535426,0.3413055755966061,0.34179930260427793,0.342333933141292,0.3427925973267603,0.34336616715666085,0.3438513976020101,0.3441025127632165,0.3445195004485138,0.34509776035703577,0.3455725737463146,0.3459835498540772,0.3464970226546004,0.3471728107913492,0.3475802924349628,0.34773809360140573,0.34817982039313894,0.34871401179550987,0.3490529685562816,0.3494207769736639,0.34990426897942833,0.3503084788781699,0.3506062914865689,0.3510089187346928,0.3514475463494934,0.3517136265039031,0.35199806381327564,0.3524058387652654,0.35282137501868305,0.35323364309170857,0.3535257637981495,0.35384180855343494,0.3541162847894431,0.3540322200985683,0.3542900762673804,0.354943069621245,0.3553269114840034,0.35571696447282425,0.3560949720153387,0.35622829165940306,0.35648217564956397,0.35699171809224767,0.3572894288230935,0.3574030352708914,0.3575957473748962,0.35775893740621634,0.3578881889716906,0.35801756046239014,0.3581625337557407,0.3582430736034329,0.3583901884514459,0.3586165452311869,0.3588156348092664,0.3589745852536536,0.359218451788869,0.3596584107826147,0.3598544041123908,0.3599073123053742,0.3600329060285287,0.36000351498105,0.3600380961347411,0.36015202743893404,0.3603257307101531,0.36064096896247994,0.3607139510024261,0.3606483353728116,0.3607253685682786,0.3606799929352293,0.3606856107855914,0.36091410656358447,0.36104238199074107,0.36107302840167826,0.3610595745669755,0.36097822044657135,0.3610024162097623,0.3611133291137252,0.36103853439362216,0.36083377839406616,0.36085225331191706,0.3609141065837615,0.3608508893505844,0.36087582506898214,0.3609210664282531,0.3608984247273192,0.36073318669449445,0.3604889603024547,0.36049355946086814,0.36055909101057854,0.3603719195403947,0.36025938178497413,0.36021070034793645,0.35983497385760055,0.35966567038037534,0.35998572707931353,0.3598289599900261,0.35922425679887743,0.359030952687801,0.3589371450174823,0.3587380852598474,0.35869268218837186,0.35853878200042766,0.35817433833385975,0.35800516434576596,0.35802965010692434,0.35787942403682704,0.35769525230520477,0.3573648200987325,0.35677191065744285,0.3566446937964939,0.35678912579857586,0.35653065865263006,0.3563165533500918,0.35608497715365267,0.355515272990503,0.3552017399089973,0.3551678620708252,0.3550300051275219,0.3547603259037196,0.3544955821909538,0.3544309687411559,0.35396801001668077,0.35347212893347457,0.3531361171611629,0.3528762091522911,0.3527756149525783,0.35260811088014765,0.3523528922757346,0.35195142177011424,0.35147660727146307,0.3510627499387448,0.35068390865061777,0.3503092465125158,0.34981023498012,0.349417248182355,0.349205506718761,0.34884997723716293,0.3484156951412519,0.34813498291841094,0.34789884516495767,0.3474481401742461,0.3471211908222407,0.34684749226912304,0.3462858595918224,0.3459548037759796,0.3458429998863047,0.3454373111636583,0.3449279747066055,0.3444703219230217,0.3439207324877071,0.3434175152355438,0.34285058152474,0.3424391773272082,0.3422949083359611,0.34179823017291816,0.34114182905158413,0.34069805623876726,0.34012234233698796,0.33947925526001005,0.33904189985483174,0.3385511481082137,0.33782065087713525,0.3371208342943059,0.3366224498985749,0.33609125862171707,0.3352613072022809,0.33468899610849157,0.3344513185903694,0.33351249697597235,0.3329772661561356,0.3329753753489723,0.33273443616167475,0.3322955940551287,0.3318601062789026,0.331241645249925,0.33064062623065354,0.3303840068970327,0.3300742312073798,0.32965973998532105,0.3292913644154362,0.32887640340848434,0.32867920528839656,0.32847002275538273,0.32804817226615657,0.32773110441912295,0.32765571028728874,0.32759771672863436,0.3271288511622628,0.32669536470572275,0.32678573393089755,0.32659277934802494,0.32641928421460165,0.3263093101682583,0.3261801892089092,0.3261405785450122,0.32598699172770673,0.32577618569143707,0.3256122192016113,0.32519646435099,0.3251439250292094,0.3253851155406175,0.32551096812512914,0.3259547066958838,0.3261874346887207,0.3256994437446304,0.31123238808959486,0.3114507233663416,0.3114758226547722,0.3113412534708015,0.31190315324282414,0.31257279470907917,0.3118758103245286,0.3115863979617659,0.3112355386992498,0.3111562330975426,0.3109068092400607,0.3110176125416631,0.3118166142528237,0.31188592943891363,0.3120370219047338,0.3122984216030476,0.3123857310975167,0.31216082573581433,0.31205693684906244,0.311837151617251,0.31162622490232733,0.31104479146452635,0.3115306920272084,0.3117763327942685,0.3110153618244909,0.3110257352481011,0.31069794037995435,0.3105599395812582,0.3108573725489079,0.3106983062779182,0.3103375956092716,0.3100069872919747,0.3094430807976252,0.3086481974050272,0.30850503140346847,0.3079863427855689,0.3073465896988815,0.3071785237244211,0.30671023997983676,0.3059121144416833,0.30552903006712945,0.3055366284440666,0.3049282084749641,0.30434570447615483,0.30364683361802025,0.30256115433422176,0.3015844460031165,0.30059512138767214,0.2996207226973278,0.2983307248407787,0.2966532112011746,0.2952569715133435,0.29401981536343624,0.2920419020985014,0.2905423901938343,0.2886809807497571,0.28575664745415663,0.2836900167194455,0.2820124593049324,0.2794923556899675,0.2768417970513658,0.2741762128501959,0.2713288992607782,0.2680599539113108,0.2650723731829045,0.26189973358954555,0.2581588870451362,0.25415911926453544,0.24983341128726488,0.24575332827812862,0.24135280953633895,0.23691750937446618,0.23204595551932564,0.2273149366204269,0.22222019235256626,0.2174730429679114,0.21274768297387459,0.20687707420062904,0.20089548692948256,0.1950865278483213,0.1896058263175489,0.18415770934678297,0.1792308044409427,0.1738344818440335,0.16839304888623605,0.16295248406902235,0.15729332391617093,0.15204889625457896,0.1470618147079563,0.14228309883370918,0.13775659034858834,0.13325838046202498,0.1291421283879959,0.1252716594279162,0.1215055386507157,0.11787529907055884,0.11521915186678792,0.11275267957136452,0.10978706645236401,0.10751733670877267,0.10526708451416646,0.10292178032432157,0.1003098359942987,0.09872443517572227,0.09768545150618581,0.0964002899894959,0.09508329718012065,0.09427807954217125,0.09257222673475439,0.0907176171977247,0.09054153676641237,0.09034918473837801,0.08990938708101594,0.08980558116039387,0.08954505295965934,0.08898226018047872,0.0884159007859126,0.08862441447448093,0.08813924809761366,0.0874515407761664,0.08728967144726354,0.08705283505930125,0.08711931826264738,0.0868621893813095,0.08646508079136667,0.08655423813093226,0.08677213627616563,0.08661722942316792,0.08658186855401606,0.0870273326086304,0.08676305526206171,0.08617390529324245,0.08671659852199254,0.0871159348880857,0.08711483689927833,0.08662762513312586,0.08692362148823013,0.08731022582010245,0.08768379960699395,0.0885256703805721,0.08930297823114415,0.0892971255928417,0.08907360125293193,0.08940853454082283,0.08954018428096325,0.08964390114958261,0.09046965764527831,0.09120189544342794,0.09210435375742684,0.0925738140664441,0.0929833847102503,0.09357820125855118,0.09408374408452137,0.09420660627868763,0.09467764095545829,0.09514048534898142,0.09533356516321176,0.09570505679169478,0.09614111331494105,0.0966959139985213,0.09748730841286969,0.09883130299351936,0.09937750890686024,0.09952196856334826,0.10014517743896806,0.1010582823289282,0.10150028436157037,0.10237836886923406,0.10328710683473061,0.1039821609160473,0.10385344787391418,0.10442431311209475,0.1055909575405148,0.10643649056562557,0.10709200183216622,0.1077397508888771,0.10832005912270107,0.1091987967395129,0.10975284300818441,0.11067743417394495,0.1115619159499861,0.11212890157603077,0.11316503110171736,0.1146751836766751,0.11549469212726213,0.11614656063795646,0.11696996949879042,0.1172344969481366,0.11790121157423979,0.11881763304997146,0.12027108859148794,0.12140690015761685,0.12220445987070974,0.1227930928910474,0.12356497717306138,0.12455674004908403,0.12577521429697214,0.12657202599464554,0.12737742091944176,0.12825942745275778,0.12876626973402944,0.1294922360498107,0.13053744639115417,0.13165044800351616,0.13216736989792524,0.13270974839292443,0.1337707662261355,0.13434986840707602,0.13535525952327804,0.1370769298359419,0.13790527587680393,0.13814447057066018,0.13889570986126554,0.13935562638877744,0.14005561705654737,0.14140280307543288,0.14243819468182792,0.14346357494878303,0.14398708667872384,0.14480113972984915,0.14554424362171733,0.14621610226732085,0.1467090077791833,0.14751918311106407,0.14856436893260888,0.14931421177538415,0.149947413536812,0.15080840875761528,0.15164980210942658,0.15237668830799347,0.15320305246935195,0.15421913390447045,0.15495447281839322,0.1555529278151732,0.1561335629057352,0.15670775192133404,0.15741873167777345,0.15801509842012423,0.15867409211781408,0.15961947059335152,0.16038491358719675,0.16087871719506852,0.16163386977124425,0.1627514249265355,0.1634624179580096,0.16382894570015585,0.16463925528354117,0.16522590309503177,0.1652176140800512,0.16578785048730735,0.16674023361847826,0.16735859761459593,0.16801363716421602,0.1685922067200504,0.16883114388964374,0.16941532325855055,0.17024008101537422,0.17098236499093622,0.17197181145929777,0.17265909479492278,0.17297716729681484,0.1735566826699339,0.17413710011716158,0.17490522339856862,0.1751110629841831,0.17467343661308044,0.17529897215042514,0.17639284187772772,0.1768584747510648,0.17763647376288597,0.17847708987448713,0.17858675749435832,0.17905619281635599,0.18050448061579288,0.18134958165553577,0.18171174060478945,0.18196310171455074,0.1823938400879897,0.18268485073298268,0.18337351130860652,0.18436955474726419,0.1851002287961058,0.18604454714758725,0.18675006326723564,0.18721211022875328,0.18764569045178253,0.18785965292668527,0.1883225943440153,0.18880968677442597,0.1893534091955047,0.1904439371777418,0.19096657001725098,0.1908757566286145,0.1909715307418926,0.19163259550393152,0.19236039397183388,0.19309717988775085,0.1946270915392434,0.19545019657506488,0.1955616634152964,0.19622293588840461,0.1973155662593634,0.1978777943133029,0.19815039253594924,0.19862487801925185,0.19866110041057075,0.19920804972658507,0.20027287195313856,0.20138716483941657,0.20220875662905036,0.20267416090542473,0.20341736963766832,0.20411772169236325,0.20447437707618446,0.20462444727442972,0.20525312484791058,0.20592063350191878,0.20624327689313837,0.20675517070543115,0.20734176655372683,0.20742155482234298,0.20774085021431454,0.20861957633150982,0.2093448903157018,0.21015906606782128,0.21039026576912986,0.20978174466649704,0.21009289818196208,0.2106970688820256,0.21142213266770413,0.21162009736974727,0.2122817196295423,0.21275945314663128,0.21221067833432608,0.21248403487910442,0.21390427802723339,0.2145182774165376,0.21428658682535817,0.21488544885553654,0.2162590379251268,0.21682307860756095,0.2170542547088296,0.21772007700459836,0.21860116516527525,0.2186298157141217,0.21851992940458775,0.21906043500932323,0.21943518922540656,0.2191874688488762,0.2194795081938241,0.2205253794113552,0.22104816862598967,0.22123283589351878,0.22157512245491254,0.2219566349178134,0.22241744402804065,0.2232117876048592,0.22331109281647976,0.22259257430229998,0.22283589662939288,0.22380856704844632,0.2237344741061151,0.2230868845483769,0.22337825638200035,0.2237217216531523,0.223362803743947,0.2234948993072241,0.224819577109845,0.22538749198695943,0.22517480772254847,0.22525056731664073,0.22575540780646908,0.22610776373671287,0.2261415897955353,0.2261130275765159,0.22646992739039978,0.22629634774719168,0.22486886769275813,0.2248854951036488,0.22601664879199204,0.22620035209728775,0.22652696449853404,0.22696601123120658,0.22684144319085311,0.2267588818501703,0.22715527126803914,0.22733525331944868,0.22748634556019295,0.2272602206547993,0.227121601485703,0.22683282982035186,0.2274289351593718,0.2287461833193508,0.22867926668763416,0.22864793481375775,0.22860408782446123,0.22703167586298934,0.2265959600906367,0.22727732420890123,0.22772661246900466,0.22861172576836952,0.22851585951540415,0.22752371733906454,0.227658078166524,0.22764694563051077,0.22775017503006836,0.22945049212147425,0.23013349249204024,0.22942438300886253,0.22943696619239623,0.230275009168641,0.23002861544495654,0.2297106261040661,0.2291460935554714,0.22907250337057303,0.2286191289645018,0.22862474487461887,0.22964669323941653,0.22952246883175023,0.22854455915793115,0.22838281059409132,0.22815177419557242,0.2280681118978028,0.22862159556858255,0.22876734236025142,0.22890331827140042,0.2286497732814103,0.2278380431196117,0.22749732844855294,0.22730403203334218,0.22675890297074663,0.22610273256715055,0.22579790885064555,0.22550936754930165,0.22497184346869797,0.2240415541084271,0.2237064308401692,0.22383029200363383,0.22337962733350636,0.2226562435675021,0.22218768461208926,0.22213731645420204,0.2214889703554487,0.22099860494989576,0.22152177590537386,0.22154979238765632,0.2212420134268882,0.22026899474974193,0.2189943958743739,0.21805402779225802,0.21585182067888584,0.21494189776526648,0.2155314098875448,0.21554724112319054,0.21619182512407942,0.2155040628817682,0.21350496803862296,0.21292665651207066,0.21237795092739906,0.21128774179088078,0.2108164729805403,0.21049672696047353,0.20902737130571705,0.2087907683569076,0.20964261871311168,0.2090598718327019,0.2078233799609793,0.207157386440403,0.20727467764925428,0.20689102939616916,0.20616064700178374,0.20606571678323587,0.2059979308159539,0.20595499254788138,0.20564929961150952,0.205861954948643,0.20511360118053318,0.20312564522500898,0.20249138344606546,0.20195387766883055,0.2017550759374037,0.20294218586097396,0.2026920149138757,0.20142321238107952,0.2012177342666297,0.20117006844173096,0.20057596560499008,0.20030666358600477,0.2000267659554171,0.19907239521264405,0.19834043340725394,0.19797597525060606,0.1977119248491965,0.19753233342236282,0.19692816584173137,0.19642802697945083,0.19600226227106443,0.1951290016138734,0.194233730754191,0.19393841606555573,0.19247463142203328,0.19129381930390443,0.19172864470245357,0.19209402473102577,0.19201169340273422,0.19108462009214353,0.1893214867704976,0.1885527958588448,0.18811508557918474,0.1872463110509258,0.18689652803692136,0.18608630960576913,0.18535159237140142,0.18608430972466597,0.1859202857611307,0.18567100450409266,0.18534789041750838,0.1850399165300828,0.18436755434571925,0.18383658577955986,0.18300154796640958,0.18256195806667164,0.18265408571399372,0.18241900640816644,0.1822944602665914,0.1819975468894189,0.18123881377978698,0.18049807389103004,0.17968289215342242,0.17923951439505986,0.1790304111396115,0.17890939360071004,0.17856154581603276,0.1790253249366494,0.18096959735763246,0.18066290178903044,0.17956486183003026,0.17899688756475732,0.17694509018223833,0.1753755374380509,0.1745273120133962,0.17411232861970824,0.1742933211107083,0.17343436050149544,0.17098987004156482,0.17085169479973877,0.17242825235513595,0.17233561376632206,0.1731602659788225,0.1740655575719701,0.17354169413137285,0.17230511723959469,0.1710099147956074,0.1705328053703985,0.1698751898138478,0.1689282973706433,0.16704326913217438,0.16801105648518214,0.16938109892112554,0.16787118466229145,0.16819701174227722,0.16914957096602318,0.16779844224010815,0.16643369360487278,0.16640198038141943,0.165694231086664,0.16403225879406141,0.16359318251065155,0.16298124854305374,0.16142400936679555,0.16084239726969152,0.1603367340408667,0.1589411381173479,0.15876702985111937,0.15821664571512428,0.15609326663691256,0.1566092299249882,0.1581812161412819,0.15875312181238846,0.15977167151292668,0.15835813498831214,0.15477303071631404,0.15446054463946365,0.15561872728429274,0.1552697311341246,0.15594416279685788,0.15434456904649402,0.1505724525270502,0.149308603996891,0.1504279042798803,0.15232764198970267,0.15256132704166447,0.15103523721818482,0.14955051156035049,0.14778349085274473,0.14667864173401474,0.14774565311737237,0.1471733326167354,0.14666884117456314,0.14982665146097263,0.1523163421736326,0.1509028954136067,0.14755766376970367,0.14508562681910162,0.14293293171906069,0.14081575830563742,0.1392457860920289,0.13983241971339305,0.1427561116795109,0.14572787159073167,0.14729743522520222,0.14421988217966242,0.13931877017729374,0.13879140729264544,0.1398341655422281,0.13979743618373847,0.1404657933755441,0.13997843555811804,0.13621102063987453,0.13530918584343907,0.13782248673959116,0.13783053232402473,0.13687931341138773,0.1363547973270321,0.1357628983946041,0.1327761309327885,0.1308791523259454,0.13259751485177917,0.13095090867479509,0.12832507738494783,0.12841765970649033,0.12957579323255647,0.12903060391851875,0.12560392188755665,0.12268278338546237,0.1204406148536802,0.11834454493244731,0.11919547353275915,0.12644806093441077,0.1293901783379053,0.12571393235069306,0.12545883370982183,0.12156971914061697,0.12098941516155572,0.13001442087310924,0.13247758170422513,0.12774635941869053,0.12512736248736195,0.12164334546005526,0.11810390599805841,0.11935122442183604,0.1158203770139556,0.11085013605320347,0.11366591617170914,0.11488103897887707,0.11599781643612186,0.1191501945246513,0.11622703618927475,0.11006055684841737,0.10984291064715285,0.11362723115674192,0.11198682070771232,0.11007306826603008,0.10999518840813359,0.11042284341947982,0.11062434764675842,0.11436045782705806,0.11432202906876576,0.10900374158940905,0.104978336139205,0.10263835920387544,0.10170774903097529,0.10065455307100521,0.09853831508481709,0.09575638597525718,0.09612175580724149,0.09602613028640052,0.0994443645731888,0.11056155149303877,0.11360125928443376,0.11581855255288435,0.10497397016585748,0.09385411594549298,0.10448335086167196,0.11149261589177685,0.10863987970791725,0.1108440527995908,0.11517168547624335,0.11129361207573935,0.10639999927177042,0.10974675681661088,0.10398284318411243,0.09252198266784234,0.10032962587788194,0.11234025689456277,0.1136240862426523,0.10817587469040423,0.09725808404173762,0.09072863536988225,0.08993789254228202
33_8_ANDGE_1_T_2_00000,0.06394559753816452,0.12157726800742015,0.13628249137677872,0.09887329853501999,0.04101643464746532,0.05511875111551156,0.08011048602793097,0.10159029543071502,0.12555471667380283,0.10438461753220794,0.06688902387846754,0.05135605190152905,0.05773762932805554,0.06324047010015967,0.06335430386318401,0.08920799141157035,0.09778407642023973,0.08647853847040285,0.07612836452900613,0.08388281353673166,0.10368260450086984,0.11836188989849092,0.08203994972573053,0.05395205939904282,0.06725795621969921,0.07461315570882648,0.08090542157345187,0.08303724152683967,0.07083057113625847,0.06870201373153544,0.07202185701263897,0.07125298802537795,0.10580310153029679,0.12338812762494186,0.0957325917126363,0.08935846799199715,0.08755483809222281,0.08113887935218826,0.067781483394086,0.07168692843468485,0.07984769643346067,0.0665604438813876,0.0591202872340257,0.06322342947819323,0.07568661063741525,0.0777255847254047,0.07435575804561988,0.07054263566963716,0.07050286512847927,0.06648050530059002,0.06224435777152736,0.06854393385700719,0.07562759050559412,0.07423518883699042,0.06196792642959947,0.07553958322775813,0.08217656013193231,0.06723816049601705,0.06672070673796586,0.06881092525268241,0.06869759080363447,0.06634442097401427,0.07463510222985124,0.08172369056155926,0.07053440197985394,0.07248075689501748,0.07545912887559117,0.06886557082339391,0.06863358044085735,0.07280570878043059,0.07736959059953137,0.07537525993163796,0.0727934829281165,0.07284108153804028,0.07746636583990284,0.07997776869608253,0.07871577315871721,0.07481428894876863,0.07815652294812556,0.08089249130559989,0.07844207048583145,0.07635307389387495,0.07792612682812412,0.0825816879700945,0.08608278979891747,0.08311834943554015,0.07831800396136679,0.08000366490367344,0.08272773539309129,0.08393258464701386,0.08256415815405058,0.08135387121642279,0.0805555165824574,0.08053552432089196,0.0824170512407887,0.08395320858374121,0.08453513262123283,0.08460555775954401,0.08496932638609003,0.08493244227435932,0.08366604283823431,0.08293883658399581,0.0837340350740333,0.08604967758134666,0.08787904851332286,0.08734911785192283,0.08495882404056002,0.08439888905614695,0.08542381914233164,0.08687251694811839,0.08687182434451082,0.08654355271293382,0.08683871082784914,0.08823801697588954,0.08906193074088452,0.08866441770934698,0.08728917242622834,0.08691571972958288,0.08684232229211786,0.08719528145290374,0.0889576006563566,0.08864060650340347,0.08705667436631932,0.08662414568795795,0.08734011483530053,0.0870976594524901,0.08499227148384673,0.08612027948521739,0.0879474689572675,0.08846726524261442,0.08623145005808604,0.08645300887488482,0.0884035596315502,0.08726505219936395,0.08625045691215101,0.08594325542629494,0.08625328026413696,0.08737839627638724,0.08847798549923776,0.08891826217499471,0.08886577809821838,0.08884212481055084,0.08896014955511239,0.08879297302622292,0.08830241436818845,0.08843268128565387,0.09060359887376151,0.09224055024400457,0.09290298988387238,0.09290770290230484,0.0935987794713729,0.09502833076772291,0.09684418358939535,0.0980057158999528,0.09941453134076987,0.10111029157034523,0.10222279228262979,0.1034290510517354,0.10516057811834778,0.10769942898932999,0.10997195308031364,0.11210667654563605,0.11434955455901408,0.1162100228916708,0.11868156259675298,0.12214833220538365,0.1258664302305923,0.12913386717653663,0.13229965304338712,0.13671442410489376,0.14009849666736654,0.14260970251067018,0.14522461030726966,0.14837883406894808,0.15168343713369037,0.15467109384031114,0.1571433062049393,0.1598101023142508,0.1627999054722699,0.1652113989232235,0.16780213651239045,0.17068915596172962,0.17364041542934183,0.1754535934707474,0.1767629713356061,0.17858415661967178,0.18003887499096405,0.18153607895531662,0.1832622850126674,0.18430518273185173,0.18490709464559033,0.18541605690927151,0.18637973870068417,0.1875931473951619,0.18870977420347834,0.18925751549315056,0.1894053765104709,0.19000312257169782,0.19158795842961385,0.19166846013192929,0.19162151325912358,0.19232312520154815,0.19247219607000632,0.1924157888476276,0.192383200714464,0.19255232734846078,0.19248239488636182,0.1920834616324011,0.19144087220702158,0.19089174962832337,0.19023734755020794,0.18924332403388217,0.18814785157932026,0.18689295322557498,0.18553733998046668,0.18457847325871035,0.18299265293984354,0.18089818142216987,0.17955453026809165,0.17808491720237277,0.1763516475838565,0.1745021790869321,0.1728795618058139,0.17111654369432994,0.1689807645307014,0.1673387815095612,0.16554824756540232,0.1635057129781517,0.16229630977264264,0.16109297848235407,0.15967855759606794,0.15822335862557504,0.1567873811723819,0.15558029016442196,0.15478281797315327,0.1540428266444741,0.15303919397579702,0.15168837800827942,0.15066686453612413,0.14956319606686505,0.14823340852040992,0.1468865199944654,0.14609842352487848,0.14553150564482434,0.14428251504838208,0.1435998660893717,0.14328736143867216,0.1428896269723619,0.1428800280073761,0.14295509858242916,0.14291401896898528,0.14312906682859755,0.14268392107167674,0.14160770211039986,0.14118777641759786,0.14020399829642854,0.138777941432706,0.13766521678073354,0.1373552781350015,0.1373193009665223,0.13688323614250136,0.13599939807325337,0.13522708533436037,0.1347750039892348,0.133925078336207,0.1330298460192959,0.1321270648896902,0.13097712868883987,0.12968974836827954,0.12835496509174293,0.12709715589892978,0.12621412817808758,0.12554241997240023,0.12488125492056826,0.12406177607713663,0.12414156360191946,0.12486464219950684,0.1233980043429643,0.12237931532655538,0.12208308065023213,0.12138461619213924,0.1205589458124487,0.11982089837649824,0.11935279311272731,0.11895716316711723,0.11844529110911205,0.1177492846835119,0.11706216092921912,0.11667418891543181,0.1163488149110616,0.11517866255830336,0.11375296037690023,0.1124250737067333,0.11146420642646837,0.11045105694839548,0.10930506348801028,0.10799955240764224,0.1063356683998159,0.1048683055219848,0.1038000989609508,0.10255212627358325,0.1015873065551153,0.10082667126288991,0.09976950886046816,0.09894461808506275,0.09815671415492114,0.09704957982560598,0.09600303554190233,0.0949404870205141,0.09373400855648766,0.09223290241107943,0.09086540222041269,0.08967773655824873,0.0881528783384976,0.0869022127472934,0.08578415967335971,0.08433423853522859,0.08336090595925669,0.08255248361198833,0.08155401056976193,0.08109686975231231,0.08069646450518708,0.0801383818768885,0.07996214483992772,0.0796964687853525,0.07932000229073428,0.07916025347785924,0.07927607998889363,0.07943731852564359,0.07940070856907987,0.0798333617601447,0.08043017010566869,0.08098487466488508,0.08198740317143409,0.08318962350229649,0.08454075860113885,0.08621266853656342,0.08844092316324852,0.0912894920085135,0.09470760094842531,0.09845534788886486,0.10291068645939654,0.10830602205803891,0.11369088269806102,0.11956569586510632,0.12616011351449893,0.13313121685201193,0.14034755613047395,0.14775768221390514,0.1553771574521012,0.162666793934795,0.1698027323855872,0.17711049311355911,0.18418396469584683,0.19101759612874752,0.19764472541791334,0.20398522884141548,0.2102530635054625,0.21639636830362619,0.22204998772704723,0.22751215024500668,0.23277679223181053,0.23773890377488818,0.24265161593433177,0.24737903186787208,0.25182251455833615,0.25629136694501525,0.26057305972214184,0.26459448422925985,0.26851012079196523,0.2723006829937873,0.27604473117721195,0.27983700059922384,0.2829582801426085,0.28583058784047766,0.2889509680874741,0.2920760087956683,0.2947028694101014,0.2967873176619857,0.2990851157107067,0.30126721955005137,0.30329489275575233,0.3052466343949624,0.30689374695546323,0.3083837017779333,0.30989715254995537,0.3112632508542387,0.31268558900918575,0.31415967724546223,0.3151935623503713,0.316172916558821,0.31713662574221674,0.3178895369176364,0.31849117107661823,0.3190606787052236,0.31969764581301846,0.3202062678950326,0.32080206520950305,0.3215071659018193,0.32175053254811886,0.32219446892178655,0.32282369351483203,0.3230576401184079,0.3231288973525893,0.32324841009822025,0.3235639948909032,0.3236823345688981,0.32378154177321483,0.32394404089371864,0.32384861213030924,0.32372090052161934,0.3236545389783854,0.3236366982587798,0.3237227839235995,0.32387768984028437,0.32404270066758495,0.3242584197497742,0.324394075181473,0.32441926814991645,0.3246405001221995,0.32456595082709233,0.3243194953975706,0.3246075340153375,0.32486968656265836,0.32483239808730696,0.3244234935634325,0.32440569223583987,0.3244973726472974,0.3244512859658668,0.32438853150732544,0.3242894028669204,0.3242338161916992,0.324392518234837,0.3243912804103043,0.32420138672522647,0.3239523321560477,0.32403747415258394,0.3241195367547053,0.32397596831104597,0.32376833221326357,0.32363633880992265,0.32359018607699774,0.3235319216303921,0.3234104529110572,0.3233458209022501,0.3234381681404509,0.3233878187450654,0.32330450477404804,0.32328806736891724,0.3234032601184934,0.3233262955705069,0.3230845368686489,0.3229295893253636,0.32285760791703155,0.32286399014045075,0.32287746956742525,0.32254511236038075,0.3223719364491387,0.3224811169868692,0.3223260054102703,0.32229192856441563,0.3223022425678778,0.3221083023879011,0.32205475607287737,0.32205997171208184,0.3219987652479822,0.32184266733265193,0.3216845842810354,0.3216018652380264,0.321662458785793,0.3216821656083968,0.3216443210315582,0.32158777191904364,0.3214565636674771,0.32135223690485437,0.32133748043016064,0.3213825957869112,0.32116729969636065,0.3208719449273932,0.3210662103791185,0.3213489945472532,0.32140281663937104,0.32110686565685687,0.3212027418658337,0.32129658801248706,0.3212063274873508,0.32117939713400817,0.3212062408038438,0.32117236723353526,0.32094606697584815,0.32097984130531093,0.3212252828279307,0.32145426352083056,0.32112638170078217,0.32079850208016625,0.3207317050932487,0.3209154957188926,0.32076738121935827,0.32056103867663466,0.32068128063451834,0.32053052538186866,0.32029442596803087,0.32019127503468436,0.3204326493716764,0.320864480026017,0.3210724779457452,0.32059379323430975,0.32047637312657684,0.32057475202964625,0.3205994764719565,0.3204410216113363,0.3204011744619762,0.32048175796115974,0.3204050744134549,0.3206276484262501,0.3208367741442453,0.3206702570984051,0.32066301285253146,0.3207257523222415,0.320730187474252,0.32050581789504934,0.3205141542644376,0.320645021374042,0.32058103562273704,0.3206140679480244,0.3207206619578907,0.3208023588042531,0.32063945564977636,0.3205967519635554,0.32069182022014453,0.32069505225246764,0.32040855307311933,0.3200814569942158,0.3199534802293752,0.31979103536910974,0.3200820597081507,0.3206498924759714,0.32058851054610477,0.32030445232989185,0.32018080118158304,0.32040933291886975,0.32004688573295087,0.31986918405258336,0.3201003700415425,0.31994609578137034,0.31994442592393996,0.3199760210573919,0.31974768024943273,0.3196373823917118,0.3196629199353636,0.3196456575798701,0.31893324009530877,0.3189785544667185,0.31959174649351546,0.3197369889056044,0.3196218866707418,0.31926697929287234,0.31887494979238723,0.3192133450963742,0.3194229222731323,0.3193054221963158,0.31912849110144004,0.3191298636806068,0.3192020657140465,0.31919156243481617,0.3190291548122214,0.3190868742910272,0.3191269367188636,0.3184229762765863,0.3182419580844785,0.3183597943989234,0.3184059838280555,0.31896378247733714,0.31890864714707995,0.3183555060840621,0.3186772247301257,0.3187210118091065,0.3183907144685382,0.31795916187978474,0.3181162380027906,0.3179172337652941,0.31740830499428335,0.31777346916837923,0.3177099013085783,0.3174763518852703,0.3175436254511814,0.3172919499675842,0.31713294155073074,0.31723310726227805,0.3174413940820209,0.31738424772320867,0.3172441090058956,0.3172895816411315,0.3173692780998604,0.3173651515943251,0.3171073657768005,0.3163715713951958,0.31602756932424253,0.3159708553646291,0.3159095902291029,0.31608114744360416,0.3162708318135838,0.31624974590230437,0.31579956528266157,0.31547554610284817,0.3151694912451101,0.31473276910363396,0.3145285647089549,0.31474703001710597,0.31499930432517004,0.3144062468438575,0.3143114624571052,0.313932469261952,0.31287759252142944,0.31385295146538206,0.313996657650715,0.31323914658725477,0.3136346174214866,0.31382561200168846,0.31401818443192747,0.3143124832367655,0.3136585722437063,0.3134408616458593,0.31372437982072354,0.3137732985900105,0.313481788763791,0.3137876694444542,0.3147903676840517,0.31438514873556855,0.31398272295550067,0.3138384536654695,0.3137758091817738,0.3140556370373637,0.31406227185403746,0.3138454614988656,0.31467013874744654,0.3140112222857935,0.31363771070748364,0.3155972344409141,0.3159228352621886,0.3151423535252471,0.31417585959476985,0.31411746972671994,0.31420803268941866,0.3142610212958399,0.3142684893957882,0.3143264845844545,0.3152172971069976,0.3158359628271984,0.31420343699453773,0.31411052528590105,0.30549346685510576,0.30527297555158966,0.305487310013431,0.3058031624974157,0.306147513088715,0.30776285087052013,0.30884394015766775,0.30943281386705035,0.31010446190166135,0.309887233814317,0.30973811743109625,0.3092327337880463,0.3089665049827671,0.3091979305474002,0.30928017832668964,0.3103288037405763,0.3105245169217129,0.3104581295449926,0.3100158195582742,0.31013210319576534,0.30961960422215806,0.3100826795049587,0.3110064509423699,0.311368691889581,0.31153944968776087,0.31120929916395135,0.3109048208055538,0.3110268833388159,0.3111710278535626,0.31127159665189363,0.3120960118741573,0.3122642589254323,0.3119595499097122,0.3112838325913754,0.3116766286062228,0.31095306703284525,0.3105622098459071,0.31153446381276567,0.3119885866874764,0.31245391711183496,0.31288049275861984,0.3125727082605706,0.3123245009839405,0.312381626188338,0.3125350563316407,0.3124836331625374,0.3126473027790656,0.3119206992974312,0.311103180836363,0.31106696097739855,0.31157506597921825,0.31253070523261317,0.3132340879307593,0.31360253518718456,0.31302324493841904,0.31257778530358254,0.31287994337554315,0.3127670683769416,0.31303024843497385,0.31284449987398594,0.3127991824290274,0.31252197471055576,0.3130529012483142,0.3129316064346969,0.3131166232889031,0.313574318901854,0.31297720421650993,0.3130750291408244,0.3133050886071258,0.3128089623098455,0.31295015768372525,0.3124624564197693,0.31197721317916693,0.3128216005868604,0.31292416747498686,0.3128696466025666,0.31281979781477154,0.3131850971604092,0.3125936384882489,0.31269183456212096,0.3135903952477212,0.31351141806988586,0.3134060257409083,0.3134834534120859,0.3129946531627364,0.3127837055025148,0.3128090671310168,0.3126566354304386,0.312784315760236,0.31307792008019486,0.31318951178630605,0.3133501505243495,0.31330766610725175,0.3128815430230259,0.3129034066812573,0.3133098631431773,0.31337684259437165,0.3136544864220221,0.3140323811988647,0.31373353497254197,0.31377010409081885,0.3142850066746024,0.314123501855658,0.31375510502959775,0.31399486643969277,0.31412267535514776,0.31415993101244055,0.31402515785528134,0.31400248953577864,0.31387985241817346,0.3135045819613765,0.3133366517317764,0.31358064770324356,0.3135444552061906,0.3130665135008361,0.3133017849451833,0.31347223444059036,0.3129897917800984,0.313017956044318,0.31292366351764034,0.3127813352645291,0.3128287731556977,0.31278999891069414,0.31248706593337894,0.31216431245076165,0.31177931869581477,0.3114925386680186,0.3112289911863149,0.3113678575372678,0.3112968265091869,0.3106949929364061,0.3098893711695015,0.3093847306872294,0.30936713912293157,0.30955805619902577,0.3094539482293364,0.3090305867817698,0.3085955315400894,0.30754487564907507,0.30697651367007217,0.3068360514202548,0.30659115489297556,0.3064662643689305,0.3061524826246845,0.3053618780277894,0.30433953716600276,0.3036071417711484,0.30347041150791687,0.30385297521381877,0.30357346002873287,0.30264357731985564,0.3018959491616383,0.30158970697360077,0.30170280585816067,0.30147761168057,0.3014207937595917,0.301261766358915,0.3006405541502301,0.30042534310913804,0.300786958725565,0.30075307790924655,0.3004682053358703,0.30031813730482804,0.3005366776672755,0.3003224734231831,0.3001128788461606,0.3002508187207041,0.30010480364638537,0.29989203693682653,0.2998304432701189,0.2997194197710276,0.2997102814021855,0.2996884368830244,0.299720009317443,0.2999548269793059,0.2999738756093229,0.2997810319226578,0.29972581853615465,0.2996818995631317,0.29971305921862246,0.2995619117217644,0.2997060520387975,0.3000615480793576,0.2999299638878882,0.2997610050834817,0.299877496530927,0.29967278719480966,0.29946357620614017,0.29946561015619955,0.299714440427323,0.2996942534313882,0.29967495823808377,0.29977335587434245,0.2998427112601431,0.29977769915132724,0.2996470821507404,0.29966083238464725,0.29958966812532634,0.29970532638470165,0.29978734731027984,0.29977273730454673,0.29982865006040155,0.2998164660990531,0.2999831645150393,0.3004219694817918,0.30038284686243655,0.3002315607387183,0.30026955525887145,0.30030507717450716,0.30032199931402664,0.3004985245822905,0.30062071539829044,0.3006571535337026,0.3007460761342131,0.3008719209544307,0.3009452432085857,0.3011007759178372,0.30113025746437905,0.3010167350019947,0.3008711149039273,0.3011368148787995,0.3015203548347506,0.30178549029322305,0.30199890609882,0.3019705885850038,0.30179747399400353,0.3018610075388476,0.3022217637220802,0.30231163760942353,0.30216551166676936,0.3023708367178511,0.3028751361735106,0.30297654415480335,0.30301575649877904,0.30313326804786195,0.3029562777244247,0.30291424489659075,0.3031020238158188,0.303260792145373,0.30349469147443986,0.3034191111813019,0.30330753923715587,0.3036566107165102,0.30379201811693224,0.3037162263840386,0.3038501368477443,0.30419920951524004,0.3043286518790345,0.30444159121657133,0.30442626373010706,0.3041426990398099,0.30414322826956297,0.3042457288494819,0.30431915628172707,0.3045350007376933,0.30465936995420356,0.30472354316584704,0.3047632201811334,0.3048082320225123,0.3048625775742246,0.3050624283993417,0.3047497270517528,0.30464881557531187,0.3047478532403956,0.30479239424834953,0.30496938455220185,0.3049248052124742,0.3047238638117955,0.3047640909481195,0.30481242248706136,0.3048419253728614,0.3051357470342071,0.3051556878680693,0.30477339823012645,0.30477232710997243,0.30509216625568414,0.3050706011607374,0.3049115094277328,0.30494757656810156,0.3049581281252332,0.30485483979707956,0.3049705041476559,0.3048370179059549,0.30452798127811637,0.30437051011373173,0.3043962307061692,0.30446431386105516,0.30441199859040347,0.30429389648239,0.3042161677949389,0.3040895033584767,0.3039979890015385,0.3040196059094709,0.30386045811009127,0.3034563146566275,0.3034013766036782,0.3035531938323183,0.3034455669677796,0.3034676221337093,0.3033528809796374,0.3027449107244259,0.3025676293419236,0.3028275736186472,0.3027570203035414,0.30259720533046147,0.302555757052851,0.30250697515574837,0.3023108535250281,0.30187084933267655,0.30156025958913607,0.3015283215902,0.3014942283595549,0.30127499585847906,0.30140154851010714,0.3012316783032918,0.30051154346244024,0.30017847346779764,0.30028079870598207,0.2999584632169694,0.299226183419273,0.2989090682485606,0.2988638173905831,0.29843306729297453,0.29788927901492673,0.29756366108436383,0.297199565977244,0.29663088569841584,0.29613508925199145,0.29571936160288054,0.29511923852253513,0.29444975803794227,0.2938774163461819,0.29338764600892503,0.2926712898124298,0.29206833643891955,0.29149674832447436,0.29118026649755907,0.29059852541550374,0.28978310898751786,0.2892393359004557,0.2888829941695304,0.2882419813818372,0.2874922315542297,0.28692902846496876,0.28637124506545164,0.28565718633894627,0.2849028904277735,0.28436512019404564,0.2837968419757921,0.28317199343568816,0.2827852840439748,0.282297107477626,0.2815396659882219,0.28091973723602837,0.28051963493553805,0.2799858336459038,0.2793197056054335,0.2787166835125024,0.2780568082714573,0.27757659661225587,0.2768882723553691,0.2761424685420595,0.2754730330500132,0.27477016922731207,0.274007232996709,0.2733404320558721,0.2725056396009607,0.2714923874651361,0.27055604651404636,0.2697051474975435,0.26863106377832036,0.2674517082039035,0.2662309383378768,0.2649274246466997,0.2634842076960743,0.2619617559062395,0.2603792583875626,0.2587411311677317,0.25686043502466316,0.2548150879957005,0.25274841162311107,0.25056572890425216,0.2481913105146217,0.24568319880005673,0.2431972863121979,0.24070888831778595,0.23789733339023875,0.23494941642730996,0.23196083231178208,0.2287107465720129,0.2252473672150813,0.2220425325822475,0.21903555124328103,0.21573571268954111,0.2122203475882782,0.209055894635669,0.20599678337221328,0.20271952933058834,0.19942269760194906,0.19641283711120094,0.1933045653234449,0.19031503363780614,0.18765856894158775,0.18499276738560627,0.1821402301965159,0.17956864918213497,0.17727801756134634,0.17506814798406936,0.17291041431537288,0.17088992923988905,0.16910087227938597,0.16733272795573575,0.16554018185724292,0.16395984785836065,0.16255187078736397,0.16122064247849655,0.1600180912572244,0.15892279060738912,0.1579578762481961,0.15702825279534055,0.15621524027371947,0.15543644990889666,0.15464941458243442,0.15398204964581866,0.15336272663346306,0.15282216222848494,0.15231356605643934,0.15184974466987775,0.15147614259516798,0.15116835303846451,0.1509011824101826,0.15077961777136775,0.15050738449812825,0.1501237551708897,0.14994942872407482,0.14983664276546574,0.1496825324680247,0.1495999616110885,0.14959752587151803,0.1496098886934298,0.14957302222083696,0.1496066381100835,0.14968363509644803,0.1496728405344277,0.14973579142027646,0.14999181319440044,0.1501354037273437,0.1501677776829335,0.15026976508196827,0.15046034860980606,0.15054890999796297,0.1504397656925759,0.15060435266069594,0.15097992614052977,0.15117725760153997,0.15142604076496688,0.1517154126628805,0.15183788457822203,0.15203806699895447,0.15232321223891312,0.152725756701975,0.15321136085779985,0.15368699222793203,0.15411049413069244,0.1546068784092267,0.1551658743713381,0.15563662232915376,0.15621479983533654,0.15699034600258008,0.15765488744888606,0.15822184961876903,0.15888680874700606,0.15962403862298333,0.16036906971942383,0.16111597599101665,0.16189163672168094,0.16274960335704025,0.16353482057524998,0.16421857387716166,0.16508591209146148,0.16604651338050216,0.16695912977094357,0.1679861508151652,0.16892653506587987,0.16977454295907404,0.17066150132917948,0.1715705055891129,0.17246935184741946,0.17333586574129672,0.17423562307179216,0.1751440883770986,0.17608339276149473,0.1770885462763145,0.17802191514173876,0.17889904555205785,0.17985393318880444,0.18082881031059775,0.1817718125472638,0.18273197961308668,0.18373242832734507,0.18474583584685042,0.18571133325739675,0.1867411001624541,0.1877044960406544,0.1885180995160529,0.1894153829760707,0.19035447010830198,0.19128663487610545,0.19231576068467846,0.19322486624925472,0.19396585584990866,0.19484361292790964,0.19577584564029338,0.19664479636763219,0.19752402685418885,0.19851582218604963,0.19936553652078953,0.20006184016095505,0.20092895956765902,0.20191108372348357,0.20266911906857776,0.20329941696050902,0.20420374237001734,0.20514257913570383,0.20595900126516944,0.2069242955878688,0.2078232412722229,0.20857450607196823,0.20925086028877007,0.20992886836324248,0.2107579343013381,0.21151672715427922,0.21219087429005803,0.21304502439845588,0.2137979908321269,0.21428980833093517,0.21489140237235618,0.21556016141022857,0.2164008220356686,0.21736978622673642,0.21803237968244593,0.21869619926637132,0.21946872999381709,0.2200511034871721,0.22061623592804927,0.22141065556685466,0.22207535301894618,0.22240651581862642,0.22294507723025914,0.22375194556333902,0.2243569196198855,0.2247658931374418,0.22534055704084674,0.2260281076004485,0.2265913159419927,0.22708502920285667,0.22770395446024927,0.22836112195433272,0.22892905040611303,0.22958131991151728,0.23016592187503876,0.23059371831840872,0.2310710038442729,0.23161327936836143,0.2321089774861996,0.23247625055362614,0.2329882494790321,0.23367361164784048,0.23417236079661505,0.23459808714475375,0.23509128491620085,0.2355000391957225,0.2359427277545222,0.23653208885892132,0.23699459125040703,0.23728509129772946,0.23771166145439238,0.23819600472775182,0.23864960511065475,0.23917222650554082,0.23963850386929075,0.24000009154750276,0.24045919003651808,0.2410989443148809,0.24148321547493956,0.24157951100591332,0.2419996154226802,0.2425163047769539,0.24292126184133514,0.24357070221703714,0.24407242461311868,0.24419749526392093,0.24458082716372057,0.24531475375231174,0.24571974164120317,0.24584964695760422,0.24625226091984306,0.24673358354893923,0.2470523300379514,0.24736742550775068,0.24785999614213794,0.2483479246523734,0.24872282112226207,0.24932047734153676,0.2497816870161282,0.2498400977745218,0.25015336093696744,0.250764049845145,0.25115400560410417,0.25143166012290774,0.25179458580342445,0.2520934015823921,0.2524034070066926,0.2528397857099564,0.2532040818207283,0.25340084104158245,0.253729542635215,0.25420778176189956,0.254564429468362,0.2549036009330807,0.25525176600913996,0.2555125350720983,0.2557958011049221,0.2561367309006308,0.25643998901904197,0.2566324449654616,0.2569571710288055,0.2574410770020159,0.2577832359390113,0.2581495884042054,0.2584571288384414,0.2585773700993311,0.258774676523262,0.25900919139391776,0.2592403866827919,0.259443150287015,0.25972014266721927,0.26017061068905656,0.2604112318242225,0.2605086458025033,0.2607175595680759,0.26084318154656555,0.26097890538363794,0.26121232342576084,0.26145451186146834,0.2616685396177502,0.26186414903922006,0.26218967170304314,0.26234342853169085,0.26225371716265755,0.26233468811824107,0.2624193131941463,0.2625458301234868,0.2628468031130688,0.26303218990804667,0.2631734741775818,0.2632807237100768,0.2632443950774163,0.26334974857418086,0.2636293567565777,0.2636716418842351,0.26357703383817116,0.26365551516605756,0.26367651563177574,0.2636682909154905,0.2637955059473379,0.26392443181502145,0.26396521337816936,0.26401534162347584,0.26412933888037493,0.2642595852098632,0.26439121457610054,0.264454673656622,0.26454611076385376,0.2645798776990495,0.264495530742984,0.26446632688626975,0.26446247016323493,0.2644504771042666,0.2645140913997558,0.26435061268684157,0.26391729710470946,0.2639009618588158,0.2640121093928411,0.2639370025121033,0.26416398095810617,0.26408895530408416,0.2635252638512202,0.26332058880640336,0.26328809727686026,0.2631556425027441,0.26308197807332157,0.2630228918621195,0.26288675894602054,0.2627872866954779,0.2628081195616322,0.26274574145456686,0.26262478291013913,0.26249734718626155,0.2624088011897993,0.2621686098683681,0.26170601406326066,0.26156962531554484,0.2615526241645935,0.2614392186254309,0.2615120084675209,0.26135229654119246,0.26090873708016304,0.2607513801166495,0.26082955149533604,0.260530999789226,0.26002559127370645,0.25985758680355425,0.259614151910297,0.2594033243459606,0.25954989086901653,0.2591589595355984,0.258771885818257,0.25847863615931627,0.25839045679337025,0.2583819101707549,0.25820163202259716,0.2578032163940091,0.257457474859428,0.2572629777745318,0.25691709630405296,0.25658160845775074,0.2563271363802573,0.2561157337344962,0.255987996420557,0.2556279527188282,0.2550768301169236,0.25481552311442013,0.25474845118106454,0.2545740065228075,0.2545280733082142,0.2543022937443616,0.25346360145603897,0.2531589364648088,0.2530006162665344,0.252768722617761,0.25246860139915966,0.25245839237630985,0.2521744009503511,0.2515820331738328,0.25112267572286984,0.25050638769286243,0.2501522545426299,0.25014916500647616,0.2497120858629527,0.24911399896549352,0.24871900763035684,0.2480596346964601,0.24764236841699416,0.24780057535724315,0.24732905437014796,0.24630164474340085,0.2459028724621224,0.24570269878567405,0.2452474968602241,0.2449622627724491,0.24450409100154444,0.2437228139160557,0.2433928589853428,0.24297271131076956,0.24267067137626083,0.24219673331616234,0.24170253951907833,0.2416137232227834,0.24147931179303453,0.2410149927736714,0.24057360241771608,0.2401966803815527,0.2398430851437884,0.23965500790687755,0.23951629950209244,0.23930049351859833,0.2390644916835492,0.23869387445754311,0.2382953310630923,0.23809804427709327,0.23795997856270412,0.23782721546832564,0.2376614545868244,0.2374527902772776,0.23720481567610924,0.2370136593252196,0.23698070633118806,0.23693023752974576,0.23676414488054823,0.23672311258263237,0.23683711305321645,0.2367799463263804,0.23672126441653857,0.2367515873828052,0.2366338422226628,0.23653767214738244,0.23669429754855661,0.236554944707491,0.2362185933244085,0.19966102505435884,0.19917483429983185,0.1990609531243966,0.19930289472035673,0.20077556148449868,0.20040198273271778,0.20042716915632994,0.2004751355869964,0.20008933409297222,0.1998238893343691,0.2001257651874544,0.19999797603936742,0.19935709042213157,0.1989267087537009,0.19936175160198816,0.19971599559925812,0.1999200150639882,0.20055873150412115,0.20069168946791557,0.200102177179694,0.19974912676931927,0.19936428008391963,0.19917271147846366,0.19860683658279024,0.19885676961507712,0.1998911914449518,0.1998087453529052,0.19968720090490125,0.1996880546331781,0.1993269467508509,0.1980761027438192,0.19764904080100928,0.19765004842595552,0.1971249051396263,0.1967233210712662,0.19701281157122677,0.19799546304069113,0.19776955059398904,0.19731888850135967,0.19675793467947178,0.19621365662188958,0.1946310522860206,0.1940611598979779,0.19481270176505902,0.1948048028364431,0.1944915595077126,0.1936908742853743,0.19198665907273754,0.19051325038289885,0.18951897389251915,0.18877257876918,0.18838784210854095,0.18784602287301289,0.1864072307020384,0.18516704837108092,0.1845630364627558,0.18369513388413602,0.18296161435282346,0.1819540577669796,0.179697776186914,0.17784035774391221,0.1757746174296742,0.17457661593232848,0.1726450254281648,0.17047167368030974,0.16889584883910805,0.16666559547745555,0.16375263733073578,0.16136520960111678,0.15882116133602717,0.15597490030417466,0.15264842115088006,0.1500024549697034,0.1468854379206642,0.1429811204076591,0.1396748653807901,0.13662300506803415,0.1332810798831045,0.1301484163977822,0.12721444053731462,0.12323687737442436,0.11945520860221841,0.11554014730664267,0.1125067619630138,0.10884475834677196,0.10540325575660474,0.10234766837297231,0.09860754015575819,0.09482574945088482,0.09172096441454163,0.08933667724336232,0.08688767962422105,0.08444162964898942,0.08215701695342234,0.08003030082402458,0.07759225876735427,0.07530850306622197,0.07382293843472228,0.07284987602498015,0.07133628302856614,0.06971492347535206,0.0684658537957678,0.06716350136512568,0.06596111011475521,0.0649358290349115,0.06426339565844764,0.06408828585865595,0.06335035401190121,0.06232440815682214,0.06215381749141654,0.06204588917961858,0.06136580464558659,0.060845459548463154,0.06068641635545723,0.06065845258310006,0.06055359676792422,0.06023216744761464,0.0602993182526122,0.06026345804362961,0.0601180922092913,0.06022687988600965,0.06045451994881429,0.06048901406328919,0.06039477904021517,0.05966699612011097,0.059452123164664306,0.05941576453128418,0.059754472072213384,0.05934415895309876,0.0590035334834275,0.05978950580690627,0.060175317505352266,0.06003929081385727,0.06052580841777791,0.06083342712383168,0.060300486631520434,0.060354317005875756,0.06145050427094812,0.06154906150015756,0.06084259236284887,0.06058488279419912,0.06101534479929475,0.061606057635323085,0.06226601797786632,0.0628250941502218,0.06315704560734002,0.06341650290415607,0.06362771027576682,0.0642046850180533,0.06445576397628455,0.06396136814628445,0.06413131256811919,0.06460797661969023,0.06530392481733077,0.06606579932491527,0.0666273663623947,0.06722952265604082,0.06758657280323173,0.06755412413478881,0.06684506610578458,0.06706968097184136,0.06732609168895584,0.06764005850836599,0.06846762552877933,0.06949959603573319,0.07009494576463515,0.06997559153551973,0.07018027916472383,0.07085336017989165,0.07125950114741747,0.07140995210288203,0.07202361082031784,0.07298409659499293,0.07346805125767918,0.07394440673195748,0.07453675402931892,0.07506645396172867,0.0753133422565174,0.07586622463676934,0.07628430205886669,0.07674609989991461,0.07706909845112432,0.07741527207822467,0.07774175809031013,0.07842284581752311,0.07936818329178912,0.07988441556253492,0.08053822316324086,0.08096955915264206,0.08066235981930499,0.08080754632115293,0.08181685064826259,0.08310250258845078,0.08408508545706232,0.08475590057514461,0.08525492822161843,0.08495444016775262,0.08529561385721866,0.08596194076615735,0.08650821932448134,0.0872683366908825,0.08777326690251519,0.08800652222394507,0.08834787919125368,0.08887739690911012,0.08956993805182438,0.09047759879859553,0.09131970209202647,0.09179212369367694,0.09173132724792496,0.09221996963499725,0.0929211177717417,0.09324080108895616,0.09345706496749526,0.09401963573336973,0.09417213336213712,0.09481986175578375,0.09640684139298991,0.09769181440599917,0.09808564049942659,0.09863945723752204,0.09907143747154454,0.09891145889855579,0.09913718179479325,0.09972467840994992,0.10011702065169706,0.10021743231109433,0.1006110116283437,0.10117104920068853,0.1018534882220912,0.10301350828345734,0.10368396852374664,0.1039393289170754,0.10402134701889791,0.10436293095373082,0.10430182634512598,0.10452856402137693,0.10514348251599555,0.10571369164346724,0.10645157822918368,0.10669590763883899,0.10671117665740576,0.10696466965405713,0.10671609583527927,0.10676005796012179,0.10722486518933394,0.10802204723351874,0.10827165544911431,0.10836358301749975,0.10898899497955139,0.11017709920068035,0.11071201521153828,0.11125862838380302,0.11168126448978295,0.11156679891545339,0.11176789433001441,0.11219265314201818,0.1125352908071299,0.11284364284609226,0.11312496544973998,0.1132260253132986,0.1137322966375218,0.1141535593127644,0.11451580773365537,0.11496662376318935,0.11576644606229172,0.11608147556203877,0.11618538217651385,0.11633426274798159,0.11609061047086025,0.11615104422495955,0.11615815133728086,0.11655639890751188,0.1178136207606119,0.11826152173493852,0.11830744429452536,0.1184931097953628,0.11907050841433195,0.1194716415904154,0.11962093677928076,0.12039721255653696,0.12045813442773397,0.11917088861253654,0.11928440674075445,0.12011570444418396,0.12066556041449843,0.12191347472751612,0.12246967318328855,0.1223262078973412,0.12272148052892115,0.12336061935505603,0.12360051455478917,0.12391450731117468,0.12404657038463068,0.12430284949504819,0.12437669365005688,0.12447561061859107,0.12447944101083382,0.12490784909865218,0.12541803549627842,0.12583608292520204,0.12706730966758242,0.12742767997454044,0.1266413706893675,0.12677745345575592,0.12710074986023184,0.12734146290188234,0.1280128586429116,0.12879045063394234,0.12863520758404529,0.12928187857205078,0.12951348795068102,0.12967093589955597,0.13002812162214183,0.13032170808973917,0.13075099087397607,0.13190992261225887,0.13200994456403906,0.13091678541364574,0.1311478518647416,0.13215088512588155,0.13205683866627063,0.13167823802520828,0.13205974389008532,0.13211905591188028,0.1319461195942089,0.13233101890215324,0.13308605743591248,0.13354297764177578,0.1332339575314657,0.13327079461854915,0.1337345923240033,0.1342481058990441,0.13450541747987257,0.13478647129484467,0.1356705548419115,0.13607389216192942,0.13577103165071303,0.13581041149209208,0.13588234925770304,0.13624047584213161,0.13698236225070254,0.13737370768616855,0.13808424345983816,0.13825731054993223,0.13790242676015294,0.13810348920158602,0.13842417470946963,0.1391559674832132,0.13931592587972388,0.13926183093015734,0.13962914907103252,0.13998105486681242,0.1401786896322228,0.14098452494231892,0.1410423386128533,0.14008711616834763,0.13982487754251122,0.1393175507012644,0.13947090678558766,0.14100698274736984,0.14128769674240274,0.1408472683994482,0.14102378765325135,0.14143696844854536,0.14065654370109162,0.14008813995161307,0.1397378954383181,0.1399879622302726,0.14002315205166918,0.13991160102459785,0.1406442796362816,0.14098556465559817,0.1403038887766016,0.14030477512309714,0.14141104275117483,0.1416696459974091,0.1410891989622682,0.14107899299813179,0.1415705652996446,0.14148848182328508,0.14059620812223733,0.14071473832324013,0.14163938385254288,0.1417666321238818,0.14200873145146123,0.14254184258576447,0.1425055873190223,0.14118028274881375,0.14119752152230494,0.1421220140222532,0.14224765472442638,0.1425001233504115,0.14229834564991703,0.14137926495888334,0.14102827177988905,0.1409434630902559,0.14042975030244556,0.13920031666686447,0.13930226806027793,0.14035061331821852,0.1404968190433049,0.1413633433990312,0.14162105756939924,0.14019916134350133,0.13983759260637305,0.14025774290347917,0.1404915303625249,0.14137756078113425,0.14159741970109452,0.1408296481781184,0.13990981355098453,0.13977013665684185,0.1393413485789109,0.13946448450096424,0.1409621105321776,0.1410776214391111,0.14012311643655873,0.1401658403181532,0.14069683434533606,0.14042944005011504,0.13999191663464558,0.13995408068739928,0.1393171473787468,0.1390795207926774,0.13971911667270528,0.13996284442934456,0.13980489992215725,0.13997766180019547,0.14089629314309826,0.1408526061281093,0.14023605261205807,0.139648810823244,0.1378500659760096,0.13725057284504952,0.13786531034200494,0.13760659797172844,0.1366416697275856,0.13589628305357065,0.13584302862733574,0.13556090374083188,0.1353289157393534,0.13647791051806396,0.1359459340734173,0.13375868124180257,0.13294695339050125,0.13225981170176926,0.13183748457710204,0.13208232070807424,0.1318546746799813,0.131306470650179,0.13124489619921012,0.13208045935080992,0.13158745066798833,0.12967543204887164,0.12939509890617273,0.12967423175684598,0.12919227148043744,0.12938459395169793,0.12979698751997654,0.1296968175493527,0.1289265908141185,0.12792164987289545,0.12812994185705376,0.12624289498196486,0.12462302785552044,0.1254662017726267,0.12570835740294098,0.12520660845964962,0.12507877100009387,0.12547002840493512,0.12536064209351616,0.12435482859703198,0.1232209539938212,0.12303716906544004,0.12213142876601116,0.12121096765506517,0.12109924885267216,0.12197829792531181,0.12328593367943433,0.12256266470069224,0.12197729188441415,0.1219226941443895,0.11955312253346109,0.11876335638818238,0.12093226717507956,0.12161295014104674,0.12092537339609175,0.12040155732448607,0.12006021269712473,0.11975225683756921,0.11876603003783756,0.11858581795590632,0.11960847772880026,0.11975889049046817,0.11952962312029915,0.11932170599641183,0.11839840385138228,0.11830549751582833,0.11942580039100817,0.11926033906411689,0.11848610509902587,0.11769501900917934,0.11675279155707881,0.11596884764721699,0.11643448873497626,0.11704479934199377,0.11531886414491775,0.11418468725911478,0.11427002807662491,0.11358928251154868,0.11324814021483492,0.11243619521846854,0.11118912113000988,0.11087166708270244,0.11087264161708882,0.11243923798816641,0.11275966618984258,0.11273231098877846,0.11276679975173702,0.11287369360434178,0.1121742504523085,0.10990935746585549,0.1101702077576375,0.11224289890368983,0.11204810888155466,0.11188905407207296,0.11209588078242932,0.11044470695827723,0.10995781310045484,0.11140094106325678,0.11227297165754413,0.11279852340641021,0.11218699226433823,0.1117634538688262,0.11152220426760222,0.1094708778686162,0.10827458841758507,0.10832696386715499,0.10787563330896364,0.10666603371385969,0.10631864222825242,0.10716381378715109,0.10738451820470665,0.10719505837675622,0.10699808889244494,0.10688792270452087,0.10624545342445275,0.10508778313173132,0.10472712906675925,0.10362388963407955,0.10368893708111947,0.10498237669636239,0.10673667569811335,0.10549235547297091,0.10538196459403859,0.1049542896934025,0.10186405005863282,0.10123860584614361,0.10320296095055924,0.10373910572696386,0.10325253319882276,0.10347833321131918,0.10328065892392242,0.10293043012010614,0.10264902138518678,0.10104702603942577,0.10015446473006384,0.10003210376667344,0.09914219998734623,0.09918873586610902,0.10016931404621925,0.09972788394452235,0.09925867356462675,0.09852930924274175,0.09549561533741845,0.09384874749058758,0.09487176907858054,0.0964709062626361,0.09760554751243405,0.0977771789035627,0.09653240036449098,0.0942548458867426,0.09470683581605047,0.09544373083623016,0.09404789588169725,0.09457891419657395,0.094713885949613,0.09126925438777153,0.08797187669358059,0.08969942871552508,0.09244043362861733,0.09320086099233013,0.09376848007479832,0.09258953505706177,0.09196449743535139,0.09119912612852343,0.08949068910814047,0.08937752297862152,0.08684791410882983,0.08411652077163076,0.08673263080864205,0.08858767647637851,0.08634349998387272,0.08375816073074113,0.08280457634351511,0.08394221998334937,0.08476460327625428,0.0856705694985631,0.08645694676901679,0.08475084650109498,0.08304217535058597,0.08293593965153252,0.08322919000305376,0.08160764643171502,0.08056681551648658,0.0801104156982967,0.07897327856959493,0.0800587777279258,0.08096437987920585,0.0825677210314691,0.08114569549062695,0.07748555497744422,0.07995399373278342,0.08005814929991857,0.0784376746858921,0.08330202537167758,0.08371325572617203,0.07956103898630547,0.08265183313930972,0.08429297801714099,0.07906143766167516,0.0780267096049076,0.08033855811600792,0.07982022886110121,0.07868465216867437,0.07813926824222112,0.07701765493081184,0.07670864924684556,0.07629926287617453,0.0742056152449277,0.07379146909216218,0.07363137259036093,0.07237727618282434,0.07236333506450612,0.07213885626697703,0.0731566749112659,0.07537725218601353,0.07247914316364144,0.06863333406256551,0.07002493796257547,0.07060144777639726,0.06901290552211163,0.06795974551198299,0.06943247894888369,0.06973121208339668,0.06853421493977599,0.07259448051955068,0.07579506434496462,0.07432032240754825,0.07560488475677299,0.0789828425839317,0.07510163149345568,0.0689049251162023,0.0679299665109308,0.06867247135879766,0.06729269903601855,0.06484640517341253,0.06856804015559795,0.07008036215861606,0.06741313763730696,0.06671437903751619,0.0649017713044332,0.06260989949433543,0.06015308999728763,0.059145670636365964,0.0633979479800939,0.06381122926034943,0.05983477549975733,0.05359160462694366,0.05044109609534972,0.056023760864297265,0.05678968710659345,0.054056534587834465,0.05947834661642734,0.06400794537315299,0.06422739576052426,0.06418481670863185,0.06126194313362632,0.054835955161856464,0.05408398393076873,0.056468053759835116,0.05812638884777625,0.05576700928547539,0.051858908375168836,0.0604338934100804,0.06629175605089818,0.06011918939272169,0.06084346242953572,0.061034994895583124
33_8_ANDGE_2_M_1_00000,0.1347726369617469,0.18742269952250365,0.04950111739264163,-0.016820477033834196,0.023775408528089313,0.051275211952783374,0.034565592426958586,0.005211050188473866,0.028332659109112902,0.04195997353970527,0.049920606363411106,0.06440798673132944,0.11680209289459725,0.12859292745573514,0.08671568886141312,0.08667541965897596,0.09413466320539879,0.09831585899857094,0.09938801961517195,0.11413932924030658,0.1275166074628109,0.1224715836765279,0.13630197478985814,0.12453250976699617,0.07841415421771358,0.08789393846845153,0.11196800212150954,0.12768107965310616,0.12005603488274126,0.09277872711844846,0.07860989518134558,0.11101281800394842,0.09101305018368852,0.059781397916859554,0.06155317827792646,0.08851724455683158,0.1121294327825892,0.1129950223553567,0.07412585577971899,0.0690633903936874,0.08790901475111158,0.08774444409440012,0.0908207605316914,0.09544382394962342,0.09935181272044294,0.11539338718927829,0.1113857596573361,0.08793070341952682,0.1036997732723033,0.10441706883288925,0.0891052685037955,0.08573589569015491,0.08872051429682748,0.09694581539850478,0.10736646274770087,0.10473964016114924,0.10092042965074591,0.10343875054487331,0.10767344304417166,0.11253758668513165,0.1143093929448625,0.10620224521729085,0.10086151150352099,0.09832555273797744,0.09505878961487615,0.10402814030226253,0.10611361978435181,0.09225992716097628,0.10177831183686242,0.11245755673494504,0.11257914096941782,0.10517809332422666,0.1033503752623047,0.1071749533211085,0.10937012579261614,0.11408380096415964,0.11632003077274433,0.11225820858229797,0.11821035490578667,0.11921686903317164,0.11084394826590827,0.12085277785887481,0.125160867105276,0.11950141843785875,0.1188010169504313,0.12342432958289022,0.12757110741008942,0.12328592647354673,0.12118276170772388,0.1230175722649782,0.1272302318607776,0.12548072210157288,0.12362913808903636,0.12505513789811856,0.12853090674509074,0.13098272619004625,0.13076561663291078,0.12715794269047004,0.12755343958751814,0.12964214819195236,0.12884237456216485,0.12860817896154064,0.12948814471191392,0.1313683719480403,0.13351871546409919,0.13432387763757336,0.13418946990908132,0.13657493657183334,0.1372426781902301,0.13675895776783983,0.13790329310070665,0.1393426810382245,0.13800270070125872,0.13283231161993658,0.1355170906601185,0.13916976958842522,0.13902756532073796,0.13710634447420708,0.13701538480855593,0.1385354506067693,0.1376735417517084,0.1371439257685903,0.13709188585523188,0.1369193183219803,0.13796671485919887,0.1376885440576567,0.1349641613336184,0.13628300107223945,0.1388388321063286,0.14020269263993052,0.1385909127755502,0.1371643516214288,0.13686883496794539,0.13728963632259725,0.13799148929398672,0.1393548253606522,0.1414554783329212,0.13963589809041954,0.1394180793798121,0.14350435556756963,0.1426894497406549,0.1411131961368034,0.14143545487879894,0.14498788787187125,0.14812803074868086,0.14982110857565495,0.15039778575837473,0.15287367226062257,0.15572771722988263,0.15695034942999977,0.1583799786243012,0.16007236730207489,0.16221874248664522,0.16612844249622466,0.16881928504862453,0.17052772230355318,0.17498184127221098,0.18025421259250352,0.18485743866423046,0.18756702254411436,0.19126335595283303,0.19646168557029317,0.20262388494925349,0.20673794821551905,0.21225794892510816,0.21992862962685936,0.22434560094565664,0.2289310914420231,0.23473387505562363,0.24120903309753716,0.2480444080430184,0.25464454771982836,0.26046960482912973,0.26633841680954884,0.2711902365274542,0.2747097120112369,0.28035480758612974,0.28487194508532576,0.2877343041425616,0.29367500290058285,0.2979710242041369,0.3004682884089138,0.3038368594774405,0.3066286078683695,0.3090562116624511,0.31165919252038454,0.3140650928395292,0.31577252467107825,0.31670208417374,0.3179931095961055,0.31961283696764414,0.3211225106915469,0.32120443999143683,0.32261503898785876,0.3247522348143939,0.3252242016348144,0.32593715839369924,0.3269594756939327,0.32789788386692253,0.3282074161424521,0.3287041344415773,0.3297874276006092,0.3305912330217563,0.33089941045716514,0.33066485020973996,0.3300274450064349,0.32917568252827506,0.32827008819080444,0.3274228318863504,0.3262169371686567,0.324637621808555,0.3228457362824409,0.3214946227937706,0.3196881862773913,0.3171482970079852,0.31522312505466554,0.3133424225840412,0.3110925763526267,0.308064701344295,0.3050612893495337,0.302054064245634,0.29873317865339716,0.29526412776158883,0.2919188868606013,0.288893682055703,0.2858774251459119,0.28307385539557683,0.2805138535811709,0.2777648003171836,0.27524156538912486,0.2729865794258002,0.2707545410462733,0.26860992961665575,0.2665465372276632,0.2645642549421761,0.26303494968706415,0.2615946090067796,0.25991331935597445,0.258140932051437,0.25632115107358994,0.25446940371896043,0.2525012894397234,0.2512416415861675,0.25038970332664373,0.2489616328389282,0.24780408136520654,0.2468697805015435,0.2460140846849619,0.2460396242245718,0.24581949028501068,0.24470661920102285,0.2437141962021077,0.24277361165099992,0.24177456699224747,0.24050233782201305,0.23924516858590902,0.23790627924649743,0.23625684305107558,0.23541951215916873,0.2346889537213357,0.233286046157847,0.23228079137724625,0.2319777018561534,0.23200163189849882,0.2304534901574184,0.22814139040146678,0.2253994842944337,0.22221289838665087,0.21935097957859095,0.21672377799138856,0.2139990727397359,0.2122656697932093,0.21079392580344966,0.20891610292037796,0.20704806870715767,0.20578193993201233,0.20519609923986723,0.2046261337804056,0.20353430707630843,0.2022353517364074,0.20171501950728252,0.20177468244975316,0.20220670332666021,0.20277093500046695,0.20359739576702182,0.20401640827636622,0.20367165666820916,0.20319445066424308,0.2027493401492241,0.20197721668735652,0.19976407884295574,0.19791351111052782,0.1960905159768582,0.19316678132368809,0.19043761704127435,0.18832566303394516,0.18675672428837004,0.18426179159248052,0.18160138121142858,0.1793608952403873,0.17765633519534269,0.17593495777133059,0.17390773408389565,0.1714426883300475,0.16965563625340802,0.1678615879872421,0.1650230596376736,0.1627030082600334,0.16060007339738155,0.15820454096575148,0.15509702705105452,0.15191478258161428,0.1490662541400589,0.1468207889557444,0.1441033740851946,0.14117334248946364,0.13896251054121503,0.1369013656758399,0.1351192702713365,0.13373707480253283,0.1320771522821948,0.13095168963923098,0.13059056214959702,0.12981279352343458,0.1292249972139359,0.12896038530232695,0.12883322757230917,0.12890422908610757,0.12915855324492023,0.12959026630407322,0.1304430511218326,0.13153701667762233,0.1327576038245024,0.1342743158128535,0.13651531486801052,0.13957090842397138,0.143032777283506,0.14761134238255127,0.15319785779959177,0.159315762000483,0.1663888647848912,0.17462310005883808,0.1839983447555539,0.19387266164394817,0.20441603334077044,0.21563782237265444,0.22733443670360484,0.23924165109033305,0.25128649512383644,0.2635586326811178,0.2758685698387019,0.28803980631532755,0.29995178444273574,0.31173496459255406,0.3229783363091112,0.3334778047095504,0.3436049768950363,0.3535066849657532,0.36305734804518286,0.371771457807259,0.3798095824415799,0.3878949972573955,0.39673503772076596,0.4044704040202283,0.4117204780380919,0.41905495075419436,0.4256991450345824,0.43202014138494094,0.438265274842174,0.44462542682192563,0.45037806655768725,0.4556894745536674,0.46117514730677805,0.4664452084116451,0.47118914611036167,0.4753557720665636,0.4798544715766351,0.4841154817053004,0.4878243125303949,0.4911052795319883,0.4944459736400532,0.49774361211770257,0.5005044616676037,0.5033670845026235,0.5060083918364657,0.5080620246688949,0.5102565303354305,0.5123075369456569,0.5140831050022523,0.5160042078792022,0.5173311861168868,0.5182483845217538,0.5196269160680962,0.5206562547625411,0.5215310065832295,0.5226123873849193,0.523531186410216,0.5242543405309682,0.5249036394010733,0.5259658985696238,0.5266799990508889,0.5269108274939657,0.5270339963203917,0.5273345822981997,0.5278715634536212,0.5285319914903573,0.5287493863150622,0.528898019199278,0.5291590181065075,0.528973065799175,0.5285239661431094,0.5281928319241542,0.5285983169966048,0.528800097777729,0.5287872288458263,0.5288386832604677,0.5289948345320489,0.5292161124572496,0.5294376822457949,0.5295729331286451,0.5295895247096479,0.5295130874488123,0.5294276726606242,0.5294786840648854,0.5293970106657557,0.5289044163655144,0.5287067907191809,0.5287500560767702,0.5288826501548398,0.5289645700488004,0.5287617209301184,0.5284661524696338,0.5286665577239238,0.5285756726856279,0.528431945018481,0.528665527228589,0.5288465331573329,0.5287939267270069,0.5285515343795013,0.5286803220890636,0.5284001073539814,0.5278353472526826,0.5277937443509302,0.52781975325527,0.5278628615529662,0.5279010434147112,0.5275421551298802,0.5271515462178069,0.5270237297883645,0.5273305605650049,0.5271640511039902,0.52674553176014,0.5269767045080144,0.5268288047938464,0.5265413325601125,0.5265215134171572,0.5266363229403234,0.5267767066513006,0.5268294541238144,0.5266435676288257,0.5264297855841107,0.5263683491238411,0.526548017766127,0.5258915185252617,0.5253809170572655,0.5257775758340575,0.5259827865668792,0.5257717071835198,0.5252771290755638,0.5250490071610688,0.5250810056996815,0.5251467290687375,0.5249977281555603,0.525191961500536,0.5251817486327884,0.5247463550788707,0.5247644959785263,0.5246678297598744,0.524398051939541,0.5242618143733564,0.5242697708387763,0.5243697556387612,0.5244543342535498,0.524285304311019,0.5241208535617574,0.5241434139794708,0.5244435798957664,0.5243089170641393,0.5239845304491489,0.5241107846995541,0.5239719258177118,0.5238721777807094,0.5240095203222687,0.5237479633569936,0.5237001349689082,0.5238556489738332,0.5236039182629779,0.5235551710852375,0.5234838717003424,0.5230929592972382,0.52302881487602,0.5235308682917509,0.5243059741355413,0.5240901391704939,0.5237217703598551,0.5232326184099906,0.5224197055613395,0.5226484294665764,0.5231769231470398,0.5232649929431902,0.5233020893705895,0.5232278688449162,0.5230219289834476,0.5226989514913756,0.5223429548395737,0.5224586709145052,0.5232680040826992,0.5230736327891836,0.5224248557102783,0.5218747665382737,0.521806096080457,0.5219244528802199,0.5221481496963541,0.5224268265881554,0.5223146013741589,0.5224253709878521,0.5228783766388815,0.5221051604794308,0.521866985875274,0.5223231136342944,0.5225339620410178,0.5220758333730566,0.5216073513779854,0.5216282694023601,0.5210241068495842,0.5209870587267916,0.5215547628947863,0.5214886333992084,0.5214913278411469,0.5213943811875306,0.5209885474459013,0.5211820068792621,0.5209355319679053,0.5202387331199614,0.5209358015000732,0.5211485168969532,0.5206040598728993,0.5198057405983674,0.5201269935671609,0.5202402483389564,0.5195036226830211,0.5192835044489397,0.5194801134483585,0.5196530312727689,0.5192202020329608,0.5191979503654333,0.519597282102278,0.5200345902034333,0.5194089426253105,0.5191968258378823,0.5194045083976435,0.5190748590932455,0.5190504602584085,0.5193095572262499,0.5195059080870845,0.5187200097373798,0.5182311247941511,0.5181971405859733,0.5178325032682063,0.518484685200907,0.5189692506814454,0.5182630157106715,0.5181925489579952,0.5181700240993649,0.5179908133863638,0.5178592089366729,0.517242348623906,0.5168343715193613,0.5171061147168989,0.5160847545321242,0.5157604182408156,0.5164670861869833,0.5165928141072484,0.5158910801348681,0.5151681920943734,0.5152721759400534,0.515638667344833,0.5157155908758418,0.5152494872265639,0.5143305579652958,0.514379658745362,0.5148479669110356,0.5147996806013659,0.5144977470490354,0.5138328988445454,0.5126631180932826,0.5108278586406109,0.5119202859201966,0.513157001261854,0.5115341631264921,0.5114950777019205,0.5111596095744253,0.5103659899906492,0.5109154382504402,0.510930770155715,0.5104857230360835,0.510027775758058,0.5093804125637469,0.508854100093677,0.5083675386788806,0.5074954246719174,0.5072535401454606,0.5066867726516964,0.5053778304059299,0.5063564825892538,0.5066563944022012,0.5059688409525377,0.5060053625400031,0.5051434283806917,0.5046230404225651,0.5054219014213791,0.5065230592496431,0.5070516215855466,0.506560380405858,0.5052317543112221,0.506298386577837,0.5067587699256473,0.5049855231310767,0.5041310930285672,0.5048274321631826,0.5058295081626294,0.5053574415701383,0.5061021769553525,0.506187446640548,0.5051750746830718,0.5055628856063161,0.5048119079419062,0.5037149449086434,0.5038342529501308,0.5047834950525233,0.5059132648449015,0.5066609815143677,0.5066069036807774,0.5059627458696327,0.5059076627457122,0.5070405237554215,0.5074156935628639,0.5072805265498436,0.5074199520317398,0.5086923226999384,0.5078588901880062,0.4705158487359933,0.47061381223347665,0.47207400686907347,0.4719963232128001,0.4714522547310368,0.47070431347511804,0.46952784730074765,0.46933142986337584,0.4703496120042437,0.47121589188143953,0.47216040978442203,0.47334819037431697,0.47309744132465215,0.47251769819195816,0.4729413194389625,0.4725175642288833,0.47267388186165615,0.47361437803053513,0.4746643003576789,0.4737316352584219,0.4736467309108867,0.4729207054749423,0.4720978447803673,0.4736246836218963,0.4738875668838729,0.47351444157971345,0.47404654350534164,0.4735769680083916,0.4737388713694172,0.47405519739892693,0.4750982860126696,0.475523791438045,0.47600620114129494,0.4755625174547793,0.4752889447608423,0.47459635930465605,0.47411815428947296,0.47410184012235274,0.47394277962444453,0.47419764229255496,0.4739518596927382,0.47394655486664916,0.4743974355213098,0.4751823517464886,0.47613182988713404,0.4763953331404574,0.47644975816425594,0.4761018672857625,0.47483239138177524,0.47380575244784157,0.4742519336815173,0.47459438711478746,0.4748058952368206,0.47515044976446813,0.4747062503078283,0.4745256096915963,0.4752427041821146,0.4760783915521487,0.4760583951819531,0.47542162926155757,0.4751567654180111,0.47450803725202306,0.4742709942702647,0.4752534514107083,0.47580773844647434,0.4760323102196111,0.47651354658225703,0.47569556248156863,0.4749860369294588,0.4749839169470338,0.4748403647898116,0.47526123907625306,0.475712469163265,0.4758365419733407,0.47615795108659775,0.47614304887354697,0.47566055351835207,0.4754064075480448,0.4755490071018606,0.47526908680086943,0.47551490756399944,0.4756911832220118,0.47488425289961034,0.4746741678469042,0.47526860567532214,0.47573584216059545,0.47656592392801966,0.4768791013404771,0.47555694746812643,0.4751047079662228,0.47509481020836697,0.4759139237041892,0.47568802448299224,0.47552843113421567,0.4749712559913243,0.4740342175430693,0.47467260289613294,0.47588586438479424,0.47588439118077935,0.475178373481468,0.4741787654885002,0.4733698790018405,0.47384358453161884,0.47508763416710786,0.47501894447357756,0.47486811160738046,0.4742432655220136,0.4741844780816677,0.4738077214979242,0.47412719506598133,0.4748279421173246,0.4738565729094653,0.4729603273591948,0.47357616775870426,0.47389585762369113,0.4741019090882831,0.47368365679622115,0.47179171868661063,0.470914610003265,0.4712616131902116,0.4713060882066141,0.47272909353345227,0.4726043164227764,0.4709393761864402,0.4702687397764224,0.46946175538452223,0.469122671932153,0.46958672443207544,0.47029401665384,0.46959932225877987,0.46833670456663173,0.4669051722971273,0.4656211358446748,0.46564556851267436,0.4657087140304309,0.46522644810573976,0.4644244718420837,0.4635428825899699,0.46209237764505107,0.4611355745611797,0.4602672115634617,0.459517031959927,0.45893119039191177,0.45827279651595754,0.45766235224821245,0.4568740561428677,0.45582466874601446,0.4551237602204069,0.45436310335566094,0.45325375455940836,0.45252204526332795,0.4517448366750817,0.4508679596110155,0.4506138502279681,0.4502357510244747,0.4499861523452237,0.4495731390920515,0.4489889841703446,0.4487028480221259,0.4488476885957566,0.4485431446519239,0.44807040198949055,0.44757839741049077,0.44741231658045877,0.44712747907800865,0.4470308355984498,0.4473465395807396,0.44742418766779113,0.4473122894980367,0.4474385369812179,0.44763601474655773,0.4475922031328908,0.44723627704149904,0.447092261075174,0.44684885817920683,0.4469362496593001,0.44758964037763677,0.447581389139629,0.44751505986185797,0.4469475363064484,0.44650550183808146,0.44657033202472574,0.4465695258294233,0.4466229313283803,0.4465560886229909,0.44609703275590795,0.445993917964685,0.4464791584160506,0.4464707892920533,0.4462252261773209,0.446086576554283,0.445805358036755,0.4456619836729306,0.44566904900953963,0.44570056420590415,0.4457649386518844,0.44573700288211643,0.44566457209224475,0.44571230500393627,0.4457707763797844,0.44586430106368163,0.44584717752228015,0.44600992869364947,0.44627817064846104,0.44610568463162065,0.4460535985387427,0.44619316289055705,0.446233923561339,0.44614433939732023,0.4462697462570666,0.44661800634863197,0.446676824590737,0.44643644607270205,0.4465734639290355,0.4470639954257401,0.44710206259802804,0.4469896213117941,0.44711123751955917,0.4470896393289729,0.44689860701123135,0.4470625655490656,0.44755174500037537,0.4479094456013353,0.44795486627932596,0.44818110329865046,0.44852314007461014,0.4486766923854896,0.44859586449131106,0.44878672249838664,0.44916617362321404,0.4492577787487143,0.4492819443527833,0.4493173004354665,0.449051783577936,0.44907497991277395,0.4494975266218773,0.4495943978734798,0.449641399566254,0.4495074134867865,0.44933367377450095,0.4495063261921071,0.4499876959483971,0.45022500682917677,0.45003518279706967,0.44986591747598864,0.4500753570636446,0.45042847978553646,0.45046958059813913,0.45077016545147713,0.4509176906163099,0.45052324145476247,0.4504985090781449,0.4509718014374539,0.45103369466872767,0.45069134023810825,0.4507120201192048,0.45086653630545975,0.45092446383258306,0.451098424922961,0.45129429044837466,0.45155333264324493,0.45164922146663367,0.4515090373675167,0.4512971997003553,0.4512400078260979,0.4510930496525391,0.4510678905406854,0.4515091876006802,0.45134862736278347,0.45062116042302586,0.4505309994509477,0.4506768435202064,0.4505509248649438,0.45048606325171653,0.4505387488826458,0.45034446867864236,0.45035352972042936,0.4510733435764947,0.45114675653129344,0.4505156303993701,0.45039918409993746,0.450467981713164,0.4502842420321542,0.4500382554151788,0.4498670459864411,0.4498441229684018,0.4497083381938895,0.4495116977175407,0.44974962574122673,0.44957415770178016,0.4487592760144921,0.4485140423477812,0.4487001286791919,0.44846389712016965,0.44812452619949295,0.4478521958402752,0.44745513848307145,0.4470295541835962,0.44658765577624143,0.4462445687067175,0.44572602224589675,0.445448548630128,0.4457711851229134,0.44552606817672996,0.44477263594954125,0.44443007923714395,0.44424128114728734,0.44367167944462643,0.44311047426874517,0.44319142433112074,0.44272318895821566,0.44175731170825405,0.44128850870902686,0.44103727452500585,0.44061515443500826,0.4404580272245181,0.43979505369418687,0.4386266352759314,0.43792123207279676,0.43720717324581887,0.4365026716350513,0.43611626842101264,0.4355303616828095,0.43479649000369397,0.4339937728301957,0.43316117438926555,0.43233523184145417,0.43148548083880794,0.43049882235201287,0.4292701284848294,0.42833238681856084,0.42749830644707426,0.42663203948566364,0.4256015168655838,0.42476941046973044,0.4238687420192669,0.4227294626253432,0.42171160685979014,0.42091151022460804,0.41996795375410156,0.4188561726087599,0.4178076338933138,0.4168584927158103,0.4158441241316811,0.4146747694471153,0.4136611945006116,0.41279202719773794,0.41181926987877443,0.4107623176898894,0.40984482681402656,0.4090056380875846,0.4081001754788738,0.4073944753141482,0.4064243849928106,0.40507732819701264,0.4040007026368373,0.4030087340055977,0.4019415545958577,0.40087597634269956,0.40001644038088213,0.3990610031435799,0.39801051338129695,0.3969861000513897,0.39618153890981234,0.39489622953852943,0.39326353907175465,0.3919253495352736,0.3906614429108467,0.3890256692322422,0.38734075867260864,0.38563307081533627,0.38368460809190214,0.3816169771356348,0.37973527949586855,0.37746302711421403,0.37476518059014796,0.37202570523222045,0.36918879576258856,0.3662016073846362,0.3631584609475139,0.3597298346427486,0.3559439490962786,0.3522068942579877,0.3483421051711863,0.3442210988127642,0.3400582972170547,0.3357218297838806,0.3310985276776187,0.3262939175005576,0.3211329506181351,0.316208288427857,0.31133036054988933,0.30639429900723086,0.30124782565278674,0.29605099872548135,0.29118412945639005,0.2861488633271704,0.281270274776442,0.27680252554741946,0.27225324251649746,0.2673796717868288,0.262972759150791,0.25890943581406994,0.2549901512243215,0.25118793558425245,0.24758186090199533,0.24430801080614065,0.2410392609981553,0.23766625737023953,0.23477061697163404,0.23221050429252918,0.22971398367026435,0.22751969966884053,0.2254211690609376,0.22333842497139464,0.22148931071760522,0.21995905192399604,0.21842387428155927,0.2169477894811266,0.21562652290070372,0.21433380920711378,0.21325414318891214,0.21245242246486237,0.2117278312772907,0.21085253753027344,0.20993677294650107,0.20935521019984654,0.20883319166277062,0.20828292389999611,0.20799213410968215,0.20764405641382291,0.20705404401875524,0.20682112645423392,0.207052393237986,0.2068366862390029,0.2063387230130249,0.2062525505187722,0.2062227965558891,0.20619053158955397,0.20647057031025542,0.20657946023787144,0.20648469967497335,0.20650818299125429,0.20662239347345088,0.2067454727603198,0.20684554385075832,0.20698297629795157,0.2071987409523907,0.2074031806976516,0.20755356766317287,0.20779988984043896,0.20820925313993285,0.20846959199095674,0.20860015545446883,0.20889405176828668,0.20925217388882011,0.20952593975470446,0.20978566852061267,0.21019092165177602,0.21050189904223407,0.21096583604557148,0.21177521822847617,0.2124717742380523,0.213130105655243,0.21371518262620687,0.2144945092185154,0.21530868386470794,0.21614704330909898,0.2171528947427628,0.21801813475069642,0.21870103484174766,0.21972711371719753,0.22090933634916957,0.2220462212063585,0.22340813624408248,0.22454628214299951,0.2254904984674264,0.22663209376812948,0.2278421834906767,0.2289852620848702,0.2301370039991044,0.23137006607497881,0.23265548245633755,0.23380737158602205,0.23487693728867273,0.23616957137718414,0.23746783044418499,0.23876146795191222,0.24028172216218924,0.24170891727618074,0.24302168527283782,0.2443264023763581,0.24563424300530246,0.24702523938823617,0.24852929305592295,0.24976249278152207,0.25077222599294996,0.25209035356425014,0.2534300707619096,0.2546603472206816,0.2560633093910978,0.25749643823643487,0.25880413782897094,0.260057337084459,0.2614154916524016,0.26279541491435865,0.2639711980023927,0.2652638371073113,0.2669062594917876,0.2682777015236301,0.2693453793349816,0.27060971648811316,0.271989585653246,0.27318040785391806,0.27432961937557304,0.2755156851107323,0.27679022425254224,0.2779500873981944,0.27912502476811196,0.2805031922273853,0.2816955830759772,0.2826250603538286,0.28381269037468076,0.2851856908129717,0.2863773575910013,0.2875165060019733,0.2886953866348637,0.2898485298786969,0.290986506163368,0.29218621012520407,0.29325308313096426,0.2941653179744191,0.2952408511616448,0.2963550500430678,0.29741593807089767,0.2985823933635043,0.29959121001210903,0.30036037415619143,0.30142707500996124,0.302737599919434,0.3036633173920203,0.3044615373864727,0.3054457447146377,0.3062447938173082,0.30714733655488724,0.3083247455509566,0.30938119295599226,0.3103466470405997,0.31122063589600035,0.31212657230741053,0.31298703947762513,0.31357788967718453,0.31440636369863967,0.31547357565260326,0.31636146803126447,0.31719099757228963,0.31805812979956144,0.3188973089503263,0.3197173602712032,0.3204917871630784,0.32139928929652184,0.3224384326032756,0.32327552334598575,0.32412903370495555,0.32492470087444736,0.32544824704094116,0.3261703852304539,0.3271589057646005,0.3278625370246477,0.32834239961875383,0.32900721928072846,0.3296590456303882,0.3302837278179184,0.33105166102783734,0.33173595926932764,0.3321711165170567,0.33284571556177517,0.3338020225465728,0.33452312013530633,0.3351762885145212,0.335882427849802,0.33656938263328856,0.3371159254001803,0.3375100544624884,0.3381444838718006,0.338858797481421,0.3394092844111846,0.33997950289874707,0.3407074026146896,0.3414380458652262,0.3420210669212091,0.3427180757944214,0.34340760223846833,0.34378918809733056,0.34434740618049076,0.34529106570237333,0.3459466171954923,0.3462377375764168,0.3468590530469809,0.34762249558343666,0.3482892329318514,0.3492713257249095,0.34996195851149997,0.3501996793813484,0.35070855282637303,0.3513304690789592,0.3518661067712138,0.3525492600706687,0.3530937853764601,0.3533650128095774,0.35381528879630064,0.3543243199397056,0.354837271153746,0.3554879673195558,0.35605147596114756,0.35664218679828086,0.3571048852653104,0.35724610596727197,0.3577297330856638,0.35845400116091225,0.358970926602699,0.3595534149257281,0.360209821087942,0.36089625495684263,0.361299522273467,0.3614732380491024,0.3619512003228551,0.3623886310802991,0.3627639991499664,0.3634571590820575,0.36402022399749595,0.3643417598954829,0.36463639954982224,0.36488480663934414,0.3652886972392758,0.365735930109315,0.36605898804474857,0.3663756752670307,0.3668236168246722,0.3673614543128138,0.36769402581925925,0.3680260780115808,0.36837155275278444,0.3684491997901622,0.36861564808733255,0.36889804011714894,0.3692628635763034,0.3698259740888306,0.3700568558641288,0.3699710606548584,0.37027999633392544,0.3708562882649599,0.3709481127977172,0.3706938917048191,0.3710620841690626,0.371756106489706,0.3718138217717154,0.37192567433989465,0.37221145043510667,0.37185052862516466,0.3717437819551361,0.37233493793892763,0.37264451579160907,0.3725828934960155,0.37257316821148667,0.37258512834457036,0.3727746769420523,0.3731005004454193,0.37314426246224797,0.3731425450197126,0.37326345163987956,0.3732280251922902,0.37318385770330526,0.3732747063902467,0.37339308407865357,0.373466730891948,0.3734173798235503,0.37341053154196374,0.3734217130996501,0.37332711082525727,0.37314132088604196,0.37298435797132695,0.3728130590482486,0.37237561804663954,0.37218243576801546,0.37229890259608694,0.3721746734011053,0.3718824855487266,0.3718061597211785,0.3718327275163292,0.37168299070003585,0.3716000408553734,0.3714804430190405,0.37111202530074333,0.3709133830250775,0.3709393703433027,0.37077388580504045,0.3704373657122024,0.37031705612711635,0.37030744295618384,0.37012984408856275,0.37005714867724826,0.36976268985695215,0.3691816073261242,0.3687823535041942,0.36835361498245434,0.36805876657507897,0.3678676590109514,0.36769136003533065,0.367587331335712,0.36732563738777424,0.3670724987423751,0.36684099886240834,0.3665500774232102,0.36626551410356084,0.3659398647339978,0.36520888402550844,0.3652325570924913,0.3653161529059839,0.3650393314820594,0.36481969732555225,0.3644380633687513,0.36375436495134017,0.3632285686685739,0.3630818039693805,0.3626303377223505,0.3617993764111538,0.36144400714049296,0.36137091052195325,0.36121605449877586,0.3610158134533233,0.3607126587911092,0.36013010192737793,0.3594007391692874,0.35920534831730894,0.35910287433418386,0.3586144598892296,0.3580971708115637,0.3577063528314286,0.35719528698289005,0.35661945033225656,0.3562133238706388,0.3557857034679209,0.3552470854242493,0.3549041739380015,0.35435957523766604,0.35344465472755476,0.3528657120856424,0.3525177162826513,0.35198313624894656,0.3514482672211079,0.3508747394073679,0.35016200357385296,0.3495444725074043,0.3490389527057296,0.3484654964441426,0.34784246237468885,0.34721419711578233,0.3465605594633145,0.34595460833932196,0.3452716506709684,0.34469985485647725,0.3443255552517629,0.34366409134797216,0.3431481492608109,0.3427714560207263,0.3421139170876946,0.34159471953168363,0.3410409006343893,0.34067369910928436,0.34043005592283215,0.33970186536670854,0.3392238522949493,0.3387075799262717,0.33785196780596416,0.3375603010107939,0.3372940358699303,0.33692031036919656,0.33676791852235965,0.33614527517392734,0.3353730198195388,0.33504420307657407,0.335086446590987,0.3356315716115715,0.33609299993349084,0.33560171355978163,0.33524560329597497,0.33423862299368023,0.3342088425067267,0.33515196606412856,0.3350635267000277,0.3348475393607995,0.3346784821938567,0.3338092030673258,0.3337820989203842,0.3344991279127504,0.3344318867385317,0.33424668140389235,0.33370354918374434,0.3333356349127594,0.33638159473789,0.3386361030527325,0.3386854266886045,0.3375420054005661,0.33753444733527443,0.3362917546752084,0.3361393944561671,0.33644557838930284,0.33838766413827015,0.3383787743951095,0.33749107307934306,0.33743200239178955,0.33683929542638674,0.33702178275836886,0.3375660743688843,0.33684552752492974,0.3363455405822258,0.3370478689561641,0.3369830467567828,0.33743974136567106,0.3374840336864059,0.337231212049766,0.33574086417641424,0.3354596568314791,0.33738782500463893,0.3378552771616436,0.33689080592900017,0.33658843847327724,0.3355499058702925,0.3349052552202655,0.3352349010982653,0.3353505229784999,0.33616135937969593,0.33450814335398754,0.33339911955089074,0.3326291492683051,0.3307445067866467,0.3300294484146388,0.32977564487692307,0.3306212905027243,0.329928705159028,0.3289817786341149,0.3280419560631042,0.3270997250117514,0.3263741506155805,0.3263086823984577,0.3260346202069375,0.3236934727336607,0.321336408192045,0.31986488523072365,0.3185573610565133,0.31718373537249056,0.3162970934660131,0.3149053786004003,0.31225495456470753,0.31095262618755215,0.30996239005946213,0.3067469517955058,0.30362594671071635,0.30091432751222413,0.2974874160410614,0.2931240593480222,0.29019680503574796,0.28789423559035054,0.2839852789759464,0.2798824595588252,0.2767591378994413,0.2727156644168382,0.267429730466435,0.2632414297886268,0.2586264723851716,0.25388466807260573,0.24779249156152777,0.24284695996891795,0.23833816709895347,0.23243755156172524,0.2265153395479269,0.221098293059371,0.21526795139689908,0.20949355235289335,0.20433775854715,0.19883893225576607,0.19305013475433355,0.18656510750449404,0.18100393169399695,0.1760398628687912,0.1710097100118302,0.16570997269658927,0.16007154614748842,0.1552579250038285,0.15149076219119476,0.1470392549548387,0.14310444905884231,0.1395888553599387,0.1366283797055623,0.13262378241983191,0.12958978813033142,0.1272554633117528,0.12417034789705429,0.12210139068110404,0.12056541073889114,0.1188477426504655,0.11770587953272378,0.11617281179260014,0.11434976932940369,0.11225783623266133,0.11103642901405471,0.10958289150665129,0.10912555958124444,0.11004416680932567,0.10924743761535238,0.10790799487154598,0.10754693893233085,0.10700321730057087,0.10634745030466886,0.10638321582417669,0.10647781662658329,0.10559197551544638,0.10543492459114888,0.10600678021998715,0.10661934342174516,0.10775623188446164,0.10734944482454167,0.10713608594841355,0.1069061790474843,0.1071536788616898,0.10743070458248803,0.10695426919771867,0.10814493585938184,0.10847328435043692,0.107247038989825,0.10721063570574726,0.10736207023006221,0.1067679395083124,0.10695041618152137,0.10872312899216537,0.10899003565975632,0.10813302363438425,0.10829354714166431,0.10847521367018123,0.10877379563750357,0.10953417647622866,0.1098462310500896,0.10931462690783783,0.10908318553806358,0.11045129513162208,0.11212379727370408,0.11300982392485967,0.11429523241241311,0.11499791632382868,0.11431202180489662,0.11447580863813248,0.1149853613137993,0.11582420130955515,0.11657994738392273,0.11719120658864417,0.11742500439989605,0.11773826746861764,0.11821265882949211,0.11837950866172614,0.11882328114280633,0.11992739068574641,0.12071979940868643,0.12128154379998586,0.12182158243191663,0.123238432790643,0.12409630337893303,0.12444881768781302,0.12527010952233647,0.12598686841488999,0.12612548736692505,0.1267535993118706,0.12775365889790088,0.12898720015430734,0.1313728095485569,0.13214701693845712,0.13238994997769346,0.13193768954943036,0.13219889242222074,0.13229990526289595,0.1327245794052023,0.13422866387823074,0.13537205835240468,0.13585664067365996,0.13669033188315427,0.13848913547490474,0.13965437717447302,0.14002899772032684,0.14084577339123575,0.14219419187571014,0.14275201280478342,0.14300500553240647,0.14428172144637388,0.14571770736255382,0.1466857964280503,0.1475171996000141,0.1485215026177837,0.14930848636194308,0.14904014984496802,0.14989946172458052,0.15217652508994348,0.15313203937828873,0.1536729496326308,0.15416573385414534,0.15530085031167126,0.15565395322415382,0.15581539171976433,0.1570340089723596,0.158083516356183,0.15871999912172313,0.1595629550604369,0.16128417643380416,0.16224258768897115,0.16214559434263232,0.1628094362544408,0.16423700109161823,0.16491878345561223,0.16495786479010116,0.16560528425467017,0.16757867790196124,0.1690472326392451,0.16959981532106694,0.17013896021319477,0.17149076583100906,0.17222080275390395,0.1726262876760806,0.1742018911997263,0.17518595674967355,0.17419589360970728,0.17441125128766363,0.1758104123055502,0.17732250147113593,0.17814964385686416,0.17847520861948735,0.17925188116988014,0.18050236669511738,0.1808405614157322,0.1799972054226646,0.1811717444497765,0.18362239148507378,0.1844457049366336,0.18556297743747224,0.1867460994050388,0.18653332891376678,0.18665030026360127,0.18706276441821745,0.18880157977397938,0.1895967934503033,0.1895186891722611,0.19003250477554195,0.19141401745804124,0.1916432049290488,0.19062804313832904,0.19112874759555828,0.19217376615604057,0.19269693835292515,0.19436189070845758,0.19481840670121764,0.19303526632091708,0.19309093709303696,0.1942311385881201,0.19487032233146706,0.19532066719080382,0.1965712762993778,0.1974977692805536,0.19731426196661234,0.19810100869952368,0.2003974058415639,0.20094348153175803,0.19999582194985518,0.20069797239146253,0.20202601901779352,0.2025068493870971,0.20309129537882809,0.20405485918439958,0.20450366907976789,0.20503493855445715,0.20569239097302194,0.20757001730800567,0.20821186745559245,0.2076409747922959,0.20803891594540955,0.20894185592834302,0.20930089692715254,0.20939529907467339,0.20975712296848303,0.20983953542034905,0.2104418170066875,0.21197926999286,0.21266576999123205,0.21297889168112533,0.21339169507735178,0.21285157957516287,0.2134191330820224,0.21382420341161298,0.21444675881222933,0.21524723649197874,0.21671906324756582,0.2171611585299275,0.21691910082620602,0.2176480758057273,0.21900273321782082,0.21880983576134644,0.2175932062211128,0.21814660254012747,0.2191051210398471,0.21878197756530554,0.21839866107880038,0.2197457471453371,0.21926320211147557,0.21778315857688793,0.21826461583487167,0.2213402636479337,0.2219385193382871,0.22144308300160548,0.2220321891633656,0.22290184612632863,0.22293836313963417,0.22225261718225783,0.22299054181635897,0.22400035618088537,0.22465098209531403,0.22704699626299293,0.2281639979983164,0.22766557349076846,0.22747563012731314,0.22702380544177997,0.22662746675731826,0.22692504924672788,0.22710719513765923,0.22830514433422833,0.2311185192848897,0.23227714618415424,0.23327055903377256,0.23411461919044094,0.23432266371825242,0.23439876945836277,0.23420678520882388,0.23422006341466756,0.2339539952007175,0.23376917302166106,0.23389137170627777,0.2340225773576055,0.23456990819081858,0.23336790035564453,0.233541251342568,0.23639464524503226,0.23733242877947663,0.23856087453369224,0.23927417483956628,0.23887778673363738,0.23943684992246894,0.24125376646596097,0.24129744312650803,0.240106344248186,0.24008250461351824,0.23958515442103442,0.23919724524816613,0.2400537612161977,0.24019602521697556,0.23931098070173568,0.23893473724540237,0.2386270245848831,0.23855587557624547,0.23801590662112856,0.23888939984288138,0.23926379514951704,0.24052307088215888,0.24032014690915304,0.23852173557845413,0.23930604992724738,0.2414876035396599,0.2417026077393771,0.2425318687757845,0.24284097775049202,0.2410473192573348,0.2403430130985116,0.24043797756124946,0.24076582512132821,0.2414382333924361,0.2413409463611641,0.2416405643945859,0.24164437368634614,0.23951705364978995,0.23920797203284222,0.23997936870357275,0.24190890767099965,0.24196880753835157,0.24221822753411776,0.24221995254520146,0.24050070528832582,0.24022205076065925,0.24113736075707512,0.24150391871565882,0.24168467649728,0.24207690661199116,0.24254090025449665,0.2432609142052316,0.24468937919827652,0.2449704873786862,0.24460029436038389,0.24485032333359472,0.24504446809589808,0.24459491213919848,0.24434311116230745,0.24399002402485348,0.241835766424009,0.24106620127387485,0.24121573139475067,0.2423700583348458,0.24230664356409493,0.24268677071650072,0.24198461616588385,0.2392192239513972,0.2396485154656552,0.24222231472249792,0.2417864041911223,0.24178926466001455,0.24107527573699883,0.23669386943536683,0.23567940253141761,0.2379375797925977,0.2375684631653047,0.23568407877188643,0.2356783245643185,0.23603227956747172,0.23592416028826782,0.237483734742355,0.2379309405518562,0.2370218539089873,0.2358283663045482,0.23363265822947354,0.23288740285500345,0.23261686739116635,0.23207742868813033,0.2327252813102864,0.2318213462188437,0.22996022488720033,0.22994533843487835,0.23020376210540813,0.23213559859643088,0.23166173949461022,0.23040132287383264,0.22983012010141515,0.22842060775889375,0.22740852582424498,0.22727334919202616,0.22675975390269906,0.22552324987246777,0.22423203712985929,0.2228928240530508,0.22244714753870243,0.22278988199516317,0.22194555367787,0.22074028914441082,0.220224248773478,0.21847197812569813,0.21793726399622884,0.2201494547790907,0.22040528506966475,0.2195840714405743,0.2187093549306854,0.2163116365664937,0.21556018317619108,0.21530970934706822,0.21450454918571335,0.21396859298170043,0.21383387122407274,0.21391279751896247,0.2128567081188477,0.21096261327025745,0.20937433256035076,0.2089445867546153,0.2088018275411331,0.2084177257773579,0.20947797113515917,0.20955967463476924,0.2083919563109781,0.2074452727479435,0.20666391902712034,0.20643151965469017,0.20592557228156372,0.2054376548117117,0.20646380608375045,0.20596919770903335,0.202831578454175,0.20276156481916954,0.2043861623111356,0.20451177319534683,0.20679417481722798,0.2069054030344348,0.20373908478601763,0.20224167913403096,0.20130614922930848,0.19931107154679736,0.1969121231243278,0.19593953344224255,0.1936937909593406,0.19326362094608526,0.19569448354167426,0.1974513570537246,0.1975632890318595,0.19728262453600956,0.19552962938231347,0.19312525795057295,0.19254206296996343,0.19276033948976137,0.19159336913042646,0.19104315816477324,0.19140634463852524,0.19024423970775134,0.19215938565052423,0.19591392704404947,0.1945906428109914,0.1916092006778652,0.19031188013693498,0.1874101026716368,0.1850846776594911,0.18410827430235555,0.18425693297593965,0.1843132881402436,0.18318824852511145,0.1826617873232445,0.18308540430500517,0.1829903643396496,0.18211617488865392,0.18211196517473655,0.18320083950671007,0.18329482573954256,0.18321846251857757,0.18607468380994763,0.18638046433203626,0.183435820943315,0.1817078899796603,0.17968662308583846,0.17913886580901145,0.1798201944133582,0.17912321476923612,0.17877294877701033,0.17850492328490966,0.1767834524724855,0.17574748657367825,0.17652328189946112,0.17572883094326516,0.1720403326034681,0.17188478421187445,0.1745609397332678,0.17466164538130802,0.1755428535468123,0.1761966910890027,0.17456197936845863,0.17348874351634658,0.17388200938546608,0.17285726022713283,0.17064951873910034,0.1719104336819757,0.1717240697709767,0.17022640438988695,0.1688976385425332,0.1647286622210975,0.16266594586878008,0.16321028473113808,0.16433709572053154,0.16572424075598155,0.16591639512778106,0.16459371617920301,0.16157008175834603,0.1618172247198749,0.16210402384613215,0.15885554573805044,0.15991358511690773,0.1606794202439239,0.15727899939836365,0.1571001162561395,0.15810208589690553,0.15710922288265033,0.15857778569884995,0.16021893653941918,0.1591395249963559,0.15566337579886014,0.1534847886392667,0.15669244029329843,0.15769414258935424,0.15572233233008084,0.15498907426695768,0.15466788896221734,0.1564032498971071,0.15803825456845477,0.15449946642813933,0.1531540720246477,0.15654226360032533,0.1550622851069413,0.15277457026784275,0.1505676679118275,0.1472336551389608,0.14850856769118906,0.14951338050646434,0.1499157321556136,0.15104891734022138,0.14895233107079053,0.1473135641577255,0.14584766135323476,0.1406210352142742,0.13777940914175726,0.14183914727149421,0.14314823827398096,0.14100344768480902,0.1416521389640541,0.1417959222233131,0.14485535037218916,0.1483394183251167,0.14721033396058003,0.1434166620668535,0.1374814826283089,0.13393892514324704,0.13428849496268527,0.13637022093883594,0.13528755419917549,0.1307432144773479,0.13113590213837742,0.13281204272203279,0.13310866258018197,0.14092656135082823,0.1449459228505263,0.14034051434947567,0.1400394098448251,0.13810072000299556,0.13345403572164555,0.13641643554243085,0.13609226635000743,0.12795184911654214,0.12416248693439279,0.12073193161879323,0.11791567244784885,0.12219278877122819,0.12673204385195366,0.13128126340935556,0.13616058466326494,0.13366074587269963,0.13207922503373856,0.1309482929126104,0.12410352996671903,0.12662263222936718,0.13083461379483333,0.12650546701551468,0.128377787162367,0.13029290059642135,0.12539612814573972,0.12472705080217049,0.12890314827270594,0.13052712976211042,0.1278402138875395,0.12196158820993441,0.11635801575579088,0.11652360670324637,0.12016998101645185,0.12829400519448525,0.1264252361240216,0.1100796632762805,0.10732745990039068,0.11186664023449544,0.10886611743909358,0.10870357365851546,0.11462369245506816,0.10686482144711312,0.10899355121819532,0.1270790924693089,0.1270707704778453,0.11751645957686915,0.12174892590493781,0.12715280119863817,0.12539377604415186,0.12632100185716708,0.12523258936031376,0.11390065476705596,0.10936642793449676,0.11602150857515736,0.12047026185709474,0.11473595233098378,0.11170776360741475,0.12191875304282926,0.12036895133949801,0.12176693142960612,0.12747521149884208,0.12411913157431566,0.11168236821671465,0.11591830680685743,0.13685362763516315,0.13369474030870396,0.1286140155898319,0.12972174677305764,0.11253395016254247,0.1080491881733417,0.1260916300140832,0.13606362875966077,0.1272636583477563,0.11657710529468261,0.11556630143887942,0.11270022343777782,0.10339213719264431
33_8_ANDGE_2_T_2_00000,0.13921443911405726,0.05275997033239398,0.2295201884635703,0.291449285920712,0.19722060397797575,0.17664139580052152,0.12865586250258734,0.10007676031693916,0.17848293947199276,0.18971671284359876,0.17445359465183652,0.1843751287751223,0.1495620863927285,0.09297489292696218,0.04831316094865349,0.08744228437823585,0.14868871178933926,0.18510277462063454,0.1584013671371888,0.1377935743630693,0.11702728926910146,0.08337972633346181,0.10290654683618737,0.14161321396783674,0.17130804966871202,0.17819380454270847,0.1639704853383747,0.14976299739786136,0.17998178381035856,0.16533559568430473,0.13213261347483177,0.14169405198727916,0.13117733647203736,0.1034072751382452,0.08451109714192359,0.14067956047630975,0.15757547419628876,0.1183455785644981,0.12308189953116316,0.14079996016253374,0.15229926240069744,0.14018111645626394,0.12780870384513762,0.12423051533192003,0.13082893328290243,0.13139841643102734,0.13405662628326467,0.13917044759759825,0.13156162006052075,0.12474589840236483,0.12389759505953372,0.12998766856125904,0.12485365800662898,0.11757057546116235,0.11991647719088602,0.11250973129406028,0.11159872041033998,0.12320328958924803,0.12783785380086532,0.12884615272601613,0.12736148899431268,0.12250663203476643,0.12370660186198122,0.12536728542139033,0.11798150939024117,0.11270344423362434,0.114403845522823,0.12200621545698122,0.11882665292272243,0.1170187919489267,0.11956575831053518,0.11374046212663827,0.11315670385015844,0.11901736687432715,0.12618719617253432,0.1329923340761422,0.13280976325075064,0.12196293044282243,0.1176048711089231,0.11735387705453545,0.11874640811863857,0.12504516798452017,0.12659445524316315,0.12294710421306611,0.12306052569816635,0.12459992294424792,0.12701974594307838,0.12975378572813492,0.1286591265989488,0.12654797215971691,0.12694167056677355,0.13189760343144852,0.13360752798462028,0.1299198621405855,0.12884495238074287,0.1301239430185606,0.13229779899404007,0.13248029845305687,0.13219632648886714,0.13162856969662948,0.1305857241034788,0.12775584893374559,0.12747080274403383,0.13109917860691617,0.12881163499080223,0.12870134307103218,0.13234622617782638,0.1324924713420474,0.13361492946939463,0.13524429264252238,0.1347979697465066,0.1338082495533994,0.13219886048660762,0.13008123538240685,0.12988367864502817,0.13121313852009092,0.13282323015165007,0.13161234328013696,0.13103175211118573,0.13173066860630228,0.13194165403588187,0.1315199736650776,0.12987520263295493,0.1269986618858533,0.13083712477653442,0.13459134980894297,0.13273957933565728,0.13390613911446816,0.1352486865594343,0.13443956391563394,0.12958228473336686,0.12798903010217924,0.13003827481619679,0.13137334281221336,0.13217459739504483,0.13318542832392874,0.13489412784113308,0.1329990279518017,0.13063154765273513,0.13065844077264172,0.13295150360217872,0.13375704309801936,0.13286036665397288,0.13517443443425317,0.13603708492542463,0.13549005354949364,0.13578908916094953,0.13775179319595862,0.13971102673805194,0.13994038947100126,0.14018113000365456,0.1405788709501156,0.14104316855085422,0.1409304175304561,0.1431052027731587,0.1468588053122643,0.1475385868089919,0.14961079806139926,0.15254893547656798,0.15404493560172447,0.1555269072860539,0.15792451385325737,0.161481532581851,0.1638520900613927,0.16664242808527913,0.1703351732595034,0.17262844482160442,0.17571342654150526,0.17957549558990937,0.18241321670300764,0.18662893263707916,0.19151928591638423,0.19532355915043076,0.1967065134380392,0.1983318732940114,0.20225459568887277,0.20658732854254291,0.20955048335320803,0.21105073396061,0.2138856365831663,0.21605017498316628,0.21773586549096388,0.2204786390560705,0.22339203086966064,0.22536383259252415,0.2256071747713626,0.22633172179163005,0.22768928727024948,0.22934600312743814,0.23034802184152295,0.23162347388180185,0.23309426940887995,0.23302901543275012,0.23364904045327595,0.23499794479837866,0.23601327229700544,0.23735764001300277,0.23836199496388724,0.23830042908128646,0.2378990306751108,0.2381696909611653,0.23935606406287158,0.23979067639839352,0.24003657282518026,0.24022994489737726,0.2400635845157048,0.2394831523344655,0.2387599112878269,0.23830525712318312,0.23743802931614005,0.23658775966557144,0.2361370490788671,0.2350495885833983,0.23363025061986883,0.2323561756638831,0.23217125164577196,0.230981144266408,0.22870287533043143,0.2271737449938506,0.22539091989361468,0.22341789632139814,0.22166960514471962,0.22009230529391072,0.21838096835424098,0.216319294756912,0.21413072727980167,0.2121859906135876,0.21068346236379185,0.20960065208744977,0.2080033710087864,0.206086868781743,0.20494714932912406,0.2042426055655707,0.20339412180174876,0.2018639327298966,0.20074721252155417,0.20004696678712555,0.19948001460422932,0.19826357149464355,0.197617856525734,0.19777528455730295,0.1974272091127688,0.19695611733835036,0.19668748521846294,0.19700865533302972,0.19721866967025348,0.19702998404984282,0.19634033849037422,0.19542389159244022,0.19447040739011817,0.19339229653287615,0.19131633837277642,0.18903512465578576,0.18731885670002504,0.1871900230042097,0.1866902514913305,0.1853518707437718,0.18341434609680107,0.1809288789932078,0.17854071323199297,0.1769805238228032,0.17676120321426478,0.17769826609956746,0.17919192421292116,0.1798164281751634,0.17941876348973107,0.1783933807986509,0.17784221935493152,0.17625602014259337,0.17402463822214764,0.1721074863855631,0.16976321885544796,0.1673988945271538,0.16543545115213398,0.16361837313603012,0.16254112424051112,0.16225640045185175,0.1617936335460092,0.16239846591870402,0.16377643833914474,0.16461649522980437,0.16617317096904757,0.16807665647760267,0.1695073947564257,0.17032751991939815,0.17061140644218256,0.17050019968232435,0.17015152661008234,0.16972534581282328,0.16902730268716687,0.16736401579713941,0.16583142865131872,0.16443512707989222,0.16275667095345653,0.16108888452855366,0.15979541763192825,0.15892320033622404,0.15703869777981494,0.15499735353789146,0.1534654279434774,0.15266888612770868,0.15168560405132683,0.1504120292654796,0.14937647691717762,0.1481471821788516,0.14677791711847987,0.14542178471900044,0.1437912610325507,0.1419861284753328,0.1401908847761024,0.1388118905791867,0.13691042941725617,0.13455311414150106,0.13329152694920096,0.13217285439667906,0.1308198619438613,0.12911140092800727,0.12809428628877495,0.12727343516918335,0.12604407249306648,0.12500687513792083,0.12454143981394232,0.12463426738098575,0.12452968127851993,0.12423708436489109,0.12398257971224379,0.12424046562218385,0.124460071424822,0.12451496481663249,0.12447887330240943,0.12491594600831195,0.1254799380145355,0.12600161389404876,0.1272962359710779,0.1284933368755429,0.12964334853517062,0.13207628893183004,0.13470435776941342,0.1375704681180658,0.1411868486371034,0.14540160979821845,0.15028516421477678,0.15580807578361172,0.1614043309866668,0.1676264413523828,0.17456794609234733,0.1814018240593386,0.18874628047497838,0.1964140376644586,0.2036906668435423,0.21125723592920925,0.21874153328389412,0.225673655906117,0.23287653035044545,0.2399675914606752,0.24658161356587058,0.252601652788218,0.2586539250872951,0.2647372376809168,0.2701634126296402,0.27546480635056286,0.28080928020744955,0.28619395748224624,0.2913291240801382,0.2961974049298376,0.3008269471289492,0.30534236385180097,0.3095350959363079,0.3135025445103662,0.31789241988971395,0.3216000667347046,0.3249186367009653,0.3287865649285541,0.33249129385924586,0.3356362431086843,0.3381634271252635,0.3410970465827437,0.34402870289400533,0.3466024244664613,0.3485312999170627,0.35053003516931774,0.352778105597881,0.3551070815897379,0.3568914541620082,0.35844230564575336,0.3601420213587815,0.36138780868690684,0.3625899256216748,0.36395085606136723,0.3651594112586003,0.36615213996393214,0.3670907589685531,0.3683267483011067,0.3691121187078993,0.36957339175737625,0.37006593138484556,0.3706598733439036,0.3712525129472285,0.3718195218062809,0.37262798134795355,0.37308288671877715,0.3732130281995102,0.3735795358573972,0.37397888110692573,0.3743649043543983,0.37474884263898783,0.37540360991473565,0.37569587108050617,0.3753912469410738,0.37544614129607745,0.37549860601674745,0.3756440125078512,0.37639140222606876,0.3766634103199752,0.3765666769956958,0.37655288766124967,0.37645751936276045,0.3763323942246104,0.37626739834789397,0.3764540156522359,0.37644987522072115,0.37637033927021996,0.3768684252445759,0.37681130986980715,0.37643167210151,0.3763536004760842,0.3765596682839736,0.3766566565021563,0.37655083414596585,0.37708332267699707,0.37727572145748123,0.37696712428228524,0.37668223388899336,0.37684350721270343,0.37703476163186794,0.376736616792428,0.3767856699467451,0.376877728067626,0.37680053342732356,0.37679444668982937,0.37665901974466226,0.37652789961361277,0.3767862741975221,0.37702340387051975,0.37704929873717774,0.3768300444670336,0.3768420581928542,0.3768683822957124,0.37676428120303235,0.37659229252958387,0.37657495224122406,0.37660673594787025,0.37639254831150737,0.37658987197083355,0.3768929221415427,0.376878014553989,0.37658342514458704,0.3763845192153172,0.37645186145337034,0.3766675199404522,0.3766275185050341,0.37647680630192465,0.37658704928697634,0.3762699887666636,0.3759402834357623,0.3759822483357527,0.376101597616235,0.37587284896783946,0.37553282958763534,0.37614943433966663,0.37624578642208456,0.375934786877604,0.3758141342822107,0.37544388278805274,0.375389147189479,0.375839532788304,0.37586272916216956,0.37566526463187955,0.37549464666867166,0.3756660883271551,0.37576707295909983,0.37565066704576416,0.375365890078526,0.3755147694178701,0.3759635574141872,0.37633163133330905,0.3757851483926258,0.37547857486011,0.37564716865831843,0.37605452330472855,0.37608010371214035,0.3760845767184138,0.3763063539933924,0.37610209711055786,0.3757336585804145,0.37541610677295667,0.37533307380371356,0.3755440754924799,0.3759196495056495,0.376240213763859,0.3762311072922189,0.3760510670925368,0.37593569295060675,0.37628790333956724,0.3763154437430698,0.3760591976853692,0.375962180180259,0.3759046236128264,0.3757445195309695,0.37548079329408685,0.3755711561596176,0.3757725592350561,0.3758837599850465,0.37573607242378265,0.3759367561230157,0.37621901982024014,0.3761529929715657,0.37579343916593716,0.3756436022592899,0.37585558231676064,0.3760277030202453,0.3758671901980307,0.3755981190665209,0.37565892332149925,0.37589157855170746,0.3759966976607527,0.37586691888494383,0.37589775786846485,0.3760414392103167,0.3761734351636443,0.3761044328873675,0.3759393459820125,0.375750844720491,0.3756092139916137,0.37560647881764464,0.37555689548732313,0.3753986873913639,0.37520479124799216,0.3753110493338485,0.37546507245801475,0.3753596988306086,0.3754478010519902,0.37563002821477354,0.3758108852637129,0.37596545629155254,0.37581479606490764,0.3756625507225659,0.3759239143670152,0.3758524432252227,0.37530951197104834,0.3746124657794491,0.37495723317390345,0.3753481146176761,0.3755247101814631,0.375557485864296,0.37516567529692085,0.37486810444821994,0.37494326985156545,0.3747200321548009,0.37446338584843997,0.37448266993286144,0.3750661658524885,0.37511457815498794,0.3746395038919537,0.3740674654866688,0.37442659030883296,0.3743722881571294,0.37396708622258207,0.3744642159222359,0.37498104746048466,0.37519398406832283,0.37496992605961726,0.3743427397687157,0.37387221224989303,0.37380879812132933,0.3740756195678866,0.3741522988558623,0.3743329161067007,0.3747408949926703,0.37370320209916397,0.37311227347414083,0.3735186214747718,0.37388329878765886,0.37368931659066484,0.37341777095529355,0.37355487464020687,0.37299255299530826,0.3729651157973227,0.37350613863588444,0.37318732102050467,0.3729676562624802,0.37292027987827525,0.37294897301162694,0.37332512944284024,0.373466856833162,0.3732383282722848,0.3730417335860232,0.3729493867357295,0.3727979164250687,0.37254128730527925,0.3731587442673754,0.37255679211730464,0.37098902458397204,0.3712552245432227,0.3720235021298986,0.372307451009175,0.3716466445572215,0.37130806732814564,0.37169788988909774,0.3724896675085824,0.3726646858026771,0.37166215882888354,0.3713878432290486,0.37289486032056673,0.37243957154883034,0.3717445465582613,0.3717086489636837,0.372392116173414,0.37074905602822394,0.36915881255175803,0.3695787386398593,0.369913659509699,0.37044834983896935,0.37124928077255365,0.37219996403260447,0.37225564887067797,0.37144344053999384,0.3703986815688025,0.3707757857934395,0.37112390593740985,0.37072039375170746,0.3696062914348673,0.37119743249968845,0.3722326185171681,0.37128458352085614,0.3708102909333207,0.3692564311943015,0.36871367735399146,0.3711146606621918,0.37177674928773274,0.37213930919709426,0.372532274025723,0.3718579487610096,0.37139047372547523,0.37140669985392194,0.37164657921779753,0.370821418221114,0.3707870107165841,0.3717871440645553,0.3729247578075408,0.3741712877643364,0.3424498004706105,0.3422646279571561,0.34260117923653954,0.3423296934097852,0.3417307363942125,0.34093499519390236,0.34053751396154264,0.3395812379061114,0.3403394964053872,0.34134735423935675,0.34180371610647436,0.34370406651448554,0.3438194319497735,0.3430428137927007,0.3427334321113771,0.341636311336948,0.34115528189049127,0.3409458701609554,0.34103029129449974,0.3408118888606859,0.3415799769375015,0.3424994541716228,0.3430305228468479,0.3433841305814729,0.3428819999093019,0.34251926486223816,0.3421847809665737,0.34174506318789416,0.3417165351145037,0.3418335161324875,0.3416915574155566,0.3420246412029056,0.342862569188501,0.3439207350800369,0.3444912445288841,0.3445899181547304,0.34386394311168894,0.34187368980198507,0.34052821075987394,0.34015304417457004,0.340290919642863,0.34174441821131235,0.34268668913915096,0.3426673171041484,0.34264840908274125,0.3423439150056765,0.34143956313004303,0.34120856605444067,0.3416713307061915,0.3420633048063683,0.34293252145975045,0.34344019937512305,0.34273718750761273,0.34194540724463957,0.3416436343893973,0.3407007301017651,0.34052788502435877,0.34102458408000436,0.34058779578638176,0.34109993664800337,0.3413898419497046,0.34170106490393026,0.3411876568238093,0.3421274883498534,0.3426452197608934,0.3422028659446966,0.34252793271100146,0.34227668275331824,0.3415963722377109,0.3418524009384504,0.3420829825928829,0.34187708124562494,0.34189810439008145,0.34178544565806745,0.341137714038753,0.3410313777547952,0.34121665489508035,0.3412094295181979,0.34086615444796436,0.34169586740500907,0.34206261353844297,0.34179335079640627,0.34163727905338614,0.34078282357404405,0.34047316803712785,0.3407038096235207,0.34089004859164107,0.34115717864181194,0.34104144260917313,0.3405977140035945,0.34043207113985646,0.34091763461709723,0.3410734252007348,0.3413222893491097,0.34047522127869845,0.34008125548915774,0.33969560640477897,0.3394934950075749,0.3402476185200978,0.3404613101350104,0.33996967076041423,0.3395390736004222,0.3386594257935002,0.3385057744800254,0.3393246375904971,0.3393768492980112,0.3391284544277056,0.33923745822188656,0.33955875451752066,0.3387300609015453,0.33865381568948494,0.3388991682625603,0.33853690795425684,0.33862459273580603,0.33816209425180305,0.33736432579458825,0.33731868373573665,0.337210186595425,0.33730658870881347,0.33798925548945996,0.3382852020497618,0.3384658587250115,0.33821428404008075,0.3375172387813724,0.33711623839798405,0.336418296488837,0.3359899443647562,0.33627371895306685,0.3366088455483584,0.3360105189680185,0.3357799131801611,0.33566195597571974,0.3350440797477894,0.33507872183299686,0.3353335133278936,0.3347355109337995,0.3341962721323817,0.33380315863552595,0.3331914605663284,0.3327365604243203,0.33278674148973925,0.3324647178557193,0.3319442364377495,0.3315329372536053,0.33129218717198344,0.33073041836854783,0.33002559635215334,0.329457882466034,0.3290687773704119,0.32878866396846723,0.32869014311577877,0.32871733136712133,0.32830062140226457,0.32741208792270843,0.3270912515477615,0.32714224065429504,0.32690373020344293,0.32679650120063536,0.32673423939431684,0.3264884374832983,0.3262267023701483,0.3260871476985156,0.3259319679491655,0.3256545639010823,0.3254179072496072,0.3255521972162432,0.3260231848021465,0.32571465072645656,0.3252341128020615,0.32549830074211766,0.32521087536704274,0.3251338291443268,0.3258037439873138,0.32590778104141077,0.3252633325531955,0.32504012053310544,0.3250312320110885,0.32490084381134876,0.3246113547516955,0.3247960957187735,0.32494967008626174,0.3243935739472764,0.3241507610020876,0.32470237663763235,0.3247190832546752,0.32444134968127375,0.32427014922111014,0.3237939073601339,0.323744710364558,0.3242863274381282,0.32424052718906404,0.32389307687082025,0.3238770640138508,0.32375382342827674,0.3236586879188468,0.3239863806310747,0.3240142950128896,0.32372339383719556,0.32347779290009515,0.323580827246698,0.32350905102552907,0.32340251002100534,0.32361642651355477,0.3236224981766764,0.32345634631095793,0.32342753883888076,0.32330647731799345,0.32317356578680173,0.32301659539264527,0.32287710144055703,0.3225872244847624,0.3226284945527503,0.3229375155189121,0.3229632409422153,0.32308828677613977,0.3231704007400622,0.3229628718916821,0.32294736043069583,0.3233309416774962,0.3231096781767554,0.3227819807904349,0.32324347941443415,0.32365597860205203,0.3235390286777317,0.32341280606607803,0.32338589926265915,0.32342116693319234,0.3235430122373744,0.32343520078614335,0.32311378625251697,0.32323116742593555,0.32370276724763875,0.3235377298870847,0.32301720874282064,0.32311550125660626,0.3231696907061604,0.3230112678806885,0.32316186955777854,0.3237419817928192,0.32341583761774617,0.3228974237670377,0.32338031081813706,0.3239959696276034,0.32382060187910244,0.3236170309758227,0.3237676145567495,0.3239277713271528,0.3237732280882105,0.3237454413988162,0.323833903473724,0.32351794752338714,0.32345730394969274,0.3241741617543186,0.3241530765560537,0.3232664652317752,0.3230693463270296,0.32308934914676335,0.3230246802162674,0.3232869724904948,0.32345233522425926,0.3235929360159717,0.32338345043818045,0.3234572083480268,0.3236740703004815,0.3234261716496255,0.3230252621293971,0.3228768644652943,0.3226505985548906,0.3226132988509538,0.3228816045137483,0.32292647593307067,0.32291167024559675,0.3228884591057341,0.32287416869517727,0.32278036432313034,0.32250782092193125,0.32243998733567886,0.3226208161081039,0.32245725085025706,0.3219632681088825,0.32192229220480645,0.32200023348773826,0.32187688829795547,0.32209939609319715,0.32239455391406385,0.32205167120131484,0.32166782775746866,0.32161246978074043,0.32188017834138777,0.3217184071279779,0.32134583894236435,0.3213336803153902,0.32140469391735677,0.3212243833760199,0.32113901050906535,0.3211501424292188,0.320854922521435,0.3207275641959556,0.3210125253668849,0.3211279039444248,0.32121755944692487,0.3210296328080122,0.32061624246329445,0.3204126515199527,0.3199827723404002,0.3196664516575954,0.3194037307634159,0.31959759491612405,0.3198121903027852,0.31960320110460105,0.31929396920543446,0.3189002420671789,0.3186424625654081,0.31811366078782355,0.3178053452782042,0.3178369383101919,0.3176037513126986,0.3172778466276613,0.31685511443587666,0.31634409570740896,0.31588489171578454,0.3150997892234497,0.3147468612883132,0.31493900727570956,0.3146601164636338,0.3141797038161657,0.313923479181018,0.3137923205997476,0.31328166760344367,0.3125589157360956,0.3121368090376443,0.31184431320348593,0.31095856415491785,0.3102947598710921,0.31005705314519016,0.30969036451566095,0.30910431198093635,0.3086440624992744,0.30842158831956196,0.30815923156136227,0.30786116952630954,0.3073629857452484,0.3068525641617998,0.30646220526295326,0.3059276621386647,0.30536428606732297,0.30491423859383227,0.3045495350881998,0.30409383400124124,0.30360495120901415,0.30330481850175295,0.30293069905444636,0.30230561785016863,0.3018358330705221,0.3015544633829427,0.30120844524681595,0.3009196688233925,0.3004840634922232,0.3000041672982513,0.29947851350342297,0.2988567266594544,0.2980238465309445,0.29745960711542146,0.29702628745626247,0.2963629511791969,0.29577513982739906,0.2949770216661057,0.29388103011357675,0.29300648512351574,0.29220406317634934,0.291302484053702,0.2904167959502321,0.2894807723997448,0.28852311865616237,0.28743470791909137,0.28628503233295066,0.28508449106545214,0.28394767894222933,0.2824133320585684,0.2805095276461248,0.278816243091767,0.27707151339860087,0.2751176132349641,0.2732130170098002,0.2712415365325941,0.26905919398646544,0.26673695187450247,0.2643787167177047,0.26200325106832556,0.25941616662714134,0.2568080661713896,0.2541858340004241,0.25164535404660565,0.2489541119090186,0.24610173184038583,0.2433132993366195,0.2404907688398329,0.23772663243431089,0.2349236650848388,0.23221872245260033,0.22954601195790147,0.22698606451845027,0.22441195876080633,0.22210127442343477,0.2200945608973682,0.21789164784482867,0.21565586323048358,0.2136355184075569,0.21152478404742966,0.20967390504998845,0.20819320932657664,0.2066414952036423,0.20511600841737784,0.20366829075485535,0.20215541042362156,0.20094609900562538,0.20008231782956798,0.19904848117306695,0.19798382873225223,0.19715815371328393,0.1964585775187471,0.19564138482602464,0.19484009412299125,0.19427337491319466,0.19379315315418522,0.19329725558191566,0.19266244026322982,0.1920831791213557,0.1918477143551119,0.19159166108519823,0.19124382092394726,0.19128472180896258,0.19113176831624645,0.1905826799135604,0.19026965028514986,0.19019556134532464,0.19014737988965033,0.1900424919620206,0.1899277405679182,0.1899952074967005,0.1900188868835973,0.18981198258592147,0.18984798773253095,0.1902453694430839,0.19034110279153546,0.19023950614158405,0.19032319227407218,0.1903874994167455,0.19047635179722247,0.19072203090625267,0.19090808102627263,0.19107530325813696,0.19116966286454992,0.1911570497071147,0.19128683290786314,0.19143302523445835,0.19156858123462284,0.1917995288540896,0.19205420373917897,0.19224635144862934,0.19249550571746704,0.19287981985085592,0.19323736250460202,0.19352627332378036,0.19369527821971116,0.19416859123388708,0.19481726491730927,0.19515141788008483,0.19540731899345273,0.1960352282191177,0.19665147037769584,0.1971755017624617,0.1980108756157265,0.19873429818771537,0.19917744265655402,0.1997063246800252,0.20046860763078783,0.20113077815215064,0.20155068321622469,0.20210786147119641,0.20282926657310124,0.20354291511195177,0.20416777865827673,0.20488006654183477,0.20580112032928202,0.20656028381053046,0.20720350907761806,0.20790217910065342,0.20861205299972294,0.20929493750083328,0.2099448665885348,0.21063780176279615,0.211283294898021,0.21203376546299466,0.21298346822805253,0.213721960927522,0.21433571869981166,0.21506309577233598,0.21582255853975543,0.2164249636668387,0.2169197204243118,0.21759949867203052,0.21832098235046768,0.21889564039801296,0.219506159610893,0.2201991521539947,0.22071860227644546,0.22132038048010882,0.22225827733763573,0.2229787485946114,0.22340636297233105,0.22401285611726687,0.2247279768929247,0.22533493827983192,0.22593344131573576,0.22663663983075083,0.22715898966978662,0.22747529281990936,0.22801675143314776,0.2286484600454061,0.22913645548003533,0.22956035110457623,0.2302269168014935,0.23099563102605716,0.23149761522350154,0.2320463250820124,0.23264437666023266,0.23301917168699743,0.2334892269614489,0.23421437822930696,0.23474332458106897,0.23502844284277372,0.23545728772657676,0.23600298507230594,0.23648671766776805,0.23690789822081196,0.23734602200258528,0.23781132080769826,0.2382792099164441,0.23875490237367172,0.23915074161344654,0.23950628420389403,0.23993014168237356,0.24037776526190363,0.24068011183955038,0.2408711432340329,0.24129730309383296,0.2417549104802111,0.24212455546168607,0.24271890979369787,0.2431107235193871,0.24310462790313261,0.2434793101177797,0.24422498631658973,0.2445704653830892,0.24475643783178921,0.24509413551256953,0.24520387353689488,0.2455469146971158,0.2463576601202364,0.24672396680388314,0.2467930714047628,0.2470555277738982,0.24721876745125718,0.24744132116162168,0.2478362223134359,0.24814576405742847,0.2483479128089593,0.24861535826369754,0.24893613067747372,0.2492395519539936,0.24959681028531025,0.2498403847730936,0.2499771026411953,0.2502167749968618,0.25051147040877975,0.25065868034832933,0.2506825290044919,0.2509095878494303,0.2511930107310738,0.2513552742642587,0.2516259978157086,0.251879035183289,0.25192818037649295,0.25207858793944543,0.252349443472857,0.25264126846507784,0.25302208338567367,0.25324227659766385,0.2533790696245614,0.2536103526436647,0.2537700997952283,0.2539280845543527,0.2542403831703647,0.2544472780209609,0.2544946553066089,0.25458993349787284,0.2546910457950032,0.2548191104520858,0.25486407587669246,0.25507739490070575,0.25557545592835035,0.25579959042824285,0.2558651544420806,0.25608872256833326,0.2562807653997648,0.25639815002233635,0.2566159472261411,0.2568360966486764,0.2568869016074783,0.25699872701873105,0.2572913556903488,0.2574809859489855,0.2575180541898714,0.25767190344827245,0.25802796840686903,0.2581053871646539,0.2578125333427798,0.2579397677762509,0.2583647510589109,0.25843091292144954,0.2584649717089106,0.2586909388067681,0.2586753917770726,0.25872172433516605,0.25928497975416803,0.2594889216574786,0.2590625642123457,0.25912143420640144,0.2596309429925966,0.2597302805770742,0.2597328982706131,0.2598739634371923,0.259730033739663,0.25972610080853625,0.2601321268051074,0.2602849022831219,0.26021341111021423,0.2602299731918342,0.26011525468130725,0.26019133597338556,0.26057267517594673,0.26064741936983665,0.26056703629918526,0.2606484592096488,0.26072332620507527,0.2606167460548076,0.26031651620283985,0.2604293756121533,0.26086708393606317,0.2608142233951716,0.2607705902458826,0.2608086439876206,0.2602728034724324,0.26009534247317345,0.2605488428608091,0.2606270248312847,0.2603640782384556,0.2603963368614049,0.2606723161783157,0.26063827711516513,0.2605544722105763,0.26047069549927626,0.2600639543962326,0.2598472227737034,0.25988516376790877,0.25980924494128166,0.259579233542079,0.25948518087393735,0.25952391437898054,0.25949326455828764,0.25958473988044867,0.2594851259517852,0.2591140928915688,0.25894157166365883,0.25880224508067956,0.2586881285851434,0.25877486787928816,0.2586836923763119,0.2584061780946014,0.25824264714363543,0.2580399076371988,0.25789570821027064,0.257941393158689,0.25784169830912473,0.2575831003763193,0.2575106261757217,0.2575388446518834,0.25735731246568366,0.2571275538055556,0.25708267281974617,0.2570557325420426,0.25684799701692484,0.2566694311429179,0.25658031918438,0.25631171449544254,0.2561055838527754,0.25608229517696257,0.25609962170472694,0.2561063342311437,0.25597713589554677,0.25596190874972025,0.2557838101300953,0.2552620018856601,0.2550789408362072,0.25514962305739386,0.2549843558968577,0.2547592791726628,0.2545639849690077,0.25422975653324015,0.25406739414210155,0.25404382568983397,0.2539918105436457,0.2539910293762242,0.2539553629585635,0.25396731244012444,0.2536613083309129,0.25346387840281936,0.2531772126335178,0.2529827110237841,0.2530354245244588,0.25304923177287647,0.25260233090817485,0.2521032208537542,0.25210615997891056,0.2520456605030308,0.2519978768438724,0.25201579847792765,0.2514944465764682,0.2510815178808042,0.2510863308881375,0.2508672280733165,0.2508410967649679,0.2508735861500065,0.2505779982273456,0.2506705001325674,0.2509587715468814,0.25057629465666914,0.2500586563598048,0.24995608603554134,0.2498040898991386,0.24958287041384938,0.24987918874129308,0.24973068338612672,0.24889876559028945,0.2487295516655574,0.2489809096714505,0.2486211305027242,0.2481839031646095,0.24803359520974522,0.24755832451366602,0.24731932260588288,0.24770025185267996,0.2474249871110262,0.24663375234400928,0.24633934081888706,0.2460006510402279,0.24583078412346943,0.24607858101672425,0.24582520158793236,0.24535602720271646,0.2451201958000626,0.24474344406455184,0.2449163634805842,0.2448382063221789,0.24441654276484862,0.2440112219529255,0.2438084016870199,0.2439596142368026,0.2440557958247378,0.24371771495378936,0.24325823057927382,0.24298989096057313,0.24285333889434738,0.24275888660966422,0.24276477815872663,0.24254444951715023,0.242222520165555,0.24227557753161896,0.24223811083634436,0.24163377754252624,0.24128492172377625,0.24155427664647428,0.24125929260652146,0.24083581204721974,0.2409760850219685,0.24083512690488662,0.24087287754716175,0.24097461633138198,0.24082745550681492,0.24057565342795723,0.24045861221131512,0.24056652522828417,0.24049998725004504,0.24068754020038685,0.24144815643568465,0.24135011555102534,0.2407527992035825,0.24057841834390606,0.2405291109003018,0.27604303727540314,0.27582521014586925,0.2759951308018682,0.2760055317801813,0.2747629860432122,0.274239297414908,0.27548403417941864,0.27519869918993495,0.2730749091318052,0.2734623633259464,0.27591690250548395,0.27590323492822616,0.275494323884604,0.2757394605091181,0.2741083669441134,0.27330426033792843,0.27530824172379864,0.27598163214823473,0.27604173159790235,0.2752029650273748,0.2752193625011415,0.2742009467129538,0.2751998524144087,0.2766420465236748,0.27597573747616205,0.27551069418578794,0.27495882212138933,0.274899314987595,0.27616385171155583,0.2762654890220871,0.27542287176339486,0.275140893680889,0.27458377301240894,0.2739624900506679,0.27491066520768687,0.2761493819331568,0.2753678891293027,0.27374328616518495,0.27339939710481953,0.272918506708077,0.27234789105122614,0.2725889716956355,0.27313112742870627,0.2724821121552726,0.270475841593641,0.2701485902347042,0.27094053960269987,0.27042232115152,0.2696281472346112,0.26889692513584834,0.26796741630960724,0.2662501530661789,0.26548679684567184,0.26555770534162876,0.26443600114546156,0.26249272302107435,0.2612975136162914,0.2602947094251534,0.2586263389490328,0.257244257392655,0.25564245494473836,0.25335099070855177,0.2506439889873856,0.2495804941912534,0.24821149866786793,0.246401024899308,0.24487065021912702,0.2419348893930688,0.2387191866726831,0.23642436168929226,0.23373777057489076,0.2305485259158442,0.22727385168785844,0.22469542748822252,0.22147005319438928,0.21794216289123727,0.21554447192186393,0.21260915323737342,0.2082258498516508,0.20376455137317678,0.20012133048402045,0.19619345236981017,0.19222419338160504,0.18818409715110787,0.18469395817328232,0.17992945569427213,0.17566589868010393,0.17354242529678823,0.1700218565242719,0.16608873497273177,0.16270621987571185,0.15947977351735146,0.15628310612267857,0.15394408140092633,0.15121949902555604,0.14785516673462348,0.14448361911102234,0.14177632630793083,0.1392010890502149,0.13724947211508015,0.13653090272438895,0.13522175591708305,0.13415093615694368,0.13280819667729205,0.1316703994117217,0.12924786220534937,0.12680687700558013,0.1259397802984548,0.12631373010879607,0.12631145111904693,0.1259130023069542,0.12597748610302692,0.125944613125682,0.12517860861852276,0.12518026896756973,0.12603155527168616,0.12639439038669514,0.12610019807476566,0.12577443716306563,0.1260357035111136,0.12541807615674597,0.12385484175769526,0.12377824787570045,0.12396455281569915,0.12426259049207705,0.12418777877931345,0.12481667167111891,0.12510540384319618,0.12503608968537502,0.12508632015567558,0.12491822231502472,0.12455863669868124,0.1246421137430729,0.1248366984253953,0.12488140404300606,0.12583130610545462,0.12663120093756247,0.12704864496209664,0.12721681991537567,0.12808594386369399,0.12792171194584562,0.12676193556617374,0.12709109805596897,0.12871320507251824,0.12985951197685006,0.13027823192955632,0.13029338263053883,0.13083314531647028,0.131329893545138,0.13147470772249462,0.13172904479112715,0.13212175460959139,0.1319157567992034,0.13172082382893946,0.13216938839244044,0.1333458067667986,0.1338997928313664,0.13337400210491338,0.1338151711562654,0.13509476806799023,0.13598273520774143,0.1370347313245609,0.13769254863556563,0.13851254732122598,0.13846227612476328,0.13730466507014938,0.13727458097948306,0.1386232505858501,0.13995930453068386,0.14090404887886965,0.1426412002456307,0.14355621858367973,0.14314631027738772,0.14380265077101656,0.14559766180447284,0.14652633848274552,0.14767285397953855,0.14750238762798326,0.14729013231445348,0.14758016304146082,0.1488478328996593,0.14988397364413014,0.15052915151249524,0.15123981574923834,0.15171655937094983,0.1513921445439655,0.15178539028889404,0.15278023682030328,0.15314580063212713,0.15280480823811207,0.153401976719247,0.1550537094493296,0.15644149803635432,0.15748838743978855,0.15847795695299835,0.15943729200492252,0.15960762522744448,0.15992332265426584,0.1600800011770811,0.16118967039961668,0.16313117005648176,0.16361352223829034,0.16363491515108325,0.16482876162232674,0.1650365692776515,0.1644621220309675,0.16589352433695265,0.16758806430229742,0.16830117956405596,0.16792616553823497,0.16849745867922922,0.16941933773021847,0.16989949694714782,0.17006538458202838,0.1710460732261686,0.17242460071989896,0.17303119648949694,0.17330034636533906,0.17510806341633728,0.1755843536448954,0.175285322693272,0.17558977948716628,0.1761150791764476,0.1770130331800222,0.17870505422150856,0.1790779276520242,0.17886389445987885,0.17925791906830876,0.17869992224532757,0.17880710884716536,0.17978280183468118,0.18134698249636266,0.18217775061674535,0.18269361711501955,0.18302357244053152,0.18308741386374328,0.1835902667110751,0.18399422789049888,0.18447971698422305,0.18561155624312306,0.18622889531212827,0.1858438775016505,0.1863060914827432,0.18807886979096256,0.18854928054707046,0.18839468216897678,0.18837101505627352,0.1884495407004177,0.18869466204880583,0.18896737334330885,0.19022543089701446,0.19075822946927307,0.19050912716278076,0.19078566551272205,0.19133292012698289,0.19184044715961873,0.19283770310589562,0.19299585081413334,0.19188941845349367,0.19235414623437294,0.19347992447525517,0.1944926037372333,0.19470424720867308,0.19531174227670905,0.19565655426783393,0.19457061544164786,0.19471056859285468,0.19641352038230453,0.19689467176298378,0.1964249529996958,0.19664398830181848,0.19684362579325193,0.19721170013563658,0.19796050430200926,0.19882223334454213,0.19957615717176158,0.20098802398435195,0.20148114280058088,0.2018354283105865,0.20217460639537713,0.20151636595216657,0.20214954172553812,0.20409001332159682,0.20482187150112582,0.20563421069643537,0.20592000134546265,0.20486961350127758,0.204805747183207,0.20490540787212402,0.20531655738791346,0.20668083171432428,0.2074238404581056,0.20832357541250784,0.20855709934650243,0.20878903715211122,0.20865712669046177,0.20857331869200807,0.20811746311340246,0.20834702304861802,0.20863685958012074,0.20891154669817438,0.2100435428383746,0.21046702138221504,0.20996570610942974,0.21030287629089123,0.21107787391477434,0.21154193231515694,0.2122534095261968,0.21301767721004494,0.21363152855220233,0.2133726264264489,0.21327029533856673,0.2127015971170017,0.21296742622581083,0.21303627004758297,0.2140739787158366,0.21712408158092555,0.21771352544426067,0.21699218304447254,0.21745517075195964,0.21736899893337847,0.217139616234963,0.21776174202328982,0.21827301221777617,0.21818302042569654,0.21781998832298183,0.21748361484251388,0.21729726905150676,0.2182331569119399,0.21957435219819618,0.219784590844574,0.22074674798055682,0.22113972070483548,0.21942163600265718,0.2195837700406884,0.2217675062118764,0.22247332708235246,0.2228350471219314,0.2228450914698969,0.22140467036129108,0.22170982517774415,0.2236290927499896,0.2238415783406428,0.22304304011567255,0.22394808932445495,0.224994268329016,0.22536675104102405,0.2248269954816313,0.2247032794837739,0.22492290443680255,0.2234016673980346,0.2232097810164211,0.22527392410125735,0.22600567309928318,0.22555644858939858,0.22555510886682145,0.22550112666354818,0.22631544209309315,0.2280886697303939,0.22866810874217605,0.22937674566815044,0.22998786048130684,0.22940994366657594,0.22907033391738094,0.22905657961326012,0.22950247636511772,0.22943601347646206,0.22855625630709397,0.22854513539761395,0.2294259465552944,0.2291794867910339,0.22813642511039958,0.2281496273534267,0.2285087742961136,0.22812103930049327,0.22765226495550175,0.2279960926025901,0.22818395520410237,0.22811305928935866,0.22894098195164878,0.229542910176024,0.22927273714158203,0.22919557786871808,0.22997932380787595,0.23017705871974042,0.22967707707474128,0.22911701908675622,0.22897176742381398,0.22870702774266727,0.2291164668556219,0.2307508455857637,0.23025803829375918,0.22843199780711002,0.22867908804174947,0.22917060151401294,0.22859781464278137,0.22828987499607753,0.2292443409416538,0.23022517553917018,0.23008481837659708,0.23096113321198486,0.23172236027782636,0.23050721731499724,0.2299699029535787,0.23131707906105756,0.23185655113757134,0.2317242053369496,0.2307330627950214,0.22908604248421718,0.22744888561055054,0.22614905520552367,0.22655275481644985,0.22675300729108233,0.22893068854861595,0.22968553736673558,0.2297411147964809,0.22964812608696983,0.2298733998186171,0.2292314780334178,0.22726835627474465,0.2263218523055574,0.22484959970779528,0.2249667146254197,0.2273451873694765,0.22722543949065485,0.2261828249535278,0.22629995814705417,0.22564899234839297,0.22487290950817834,0.22554202133933607,0.22554639122221296,0.22393942968152347,0.22306468677715444,0.22305597027067234,0.22262662789620047,0.22159279916852864,0.2212528760677816,0.22055481781418038,0.21899405938436423,0.21894204615163046,0.21989179341917153,0.2191933588543566,0.21842612805768225,0.21807749151187866,0.21635697950339866,0.21583190678125577,0.21713881151668443,0.21705059016782044,0.21615625586496165,0.21578991325519808,0.21549500070833386,0.2149200852128766,0.21412282357164325,0.21365300091734424,0.2136812758013263,0.21299778685476214,0.2114670803195855,0.21097414953373367,0.2098882387980345,0.20989339030193954,0.2136217768510672,0.21366409494397529,0.2110317023006414,0.2093207889155233,0.20945499572111925,0.2078871889740545,0.20693342079172045,0.20903335783447385,0.20853513383641947,0.20634470763803608,0.20666897003601375,0.20646977595160884,0.2053187263033439,0.20242020059920734,0.20199737941634824,0.2022767562731732,0.202128707658331,0.2035900888808778,0.20325550287754449,0.201017273624296,0.20071108716644517,0.2015489067188575,0.20068743580430318,0.19892685401930155,0.19854466193006098,0.19811213884050916,0.19749495841938985,0.19795267891638585,0.19837377393148242,0.19787031396436036,0.1975876064399433,0.1986947965954608,0.1987673715230031,0.19758625130453727,0.19694414022763349,0.19619563455211014,0.19581981942204602,0.19533741671878357,0.19546052135400066,0.1967025821716638,0.19740203432506767,0.19632837982416868,0.19596591472117558,0.19518894380135077,0.19401090261140594,0.1947311228700744,0.1947603710436918,0.19413366259400405,0.19448257835463306,0.19374790385475862,0.19318627451542073,0.19397256664379256,0.1938623918218578,0.19224899255750585,0.19115347931211757,0.19138791574560782,0.1918503283946964,0.19029082458086588,0.18919983900054177,0.18886502498572377,0.18661615513472996,0.18520563552305924,0.18543583348033324,0.18529634999303582,0.1844154995433139,0.18364464222427818,0.1840512602040328,0.18498451627705467,0.1851755616261799,0.18463585718988323,0.1847377680397652,0.18539730824108042,0.18493743526308612,0.18522515724243874,0.18763516879501396,0.18872425243170668,0.19013177870374068,0.18898061830540394,0.18534442412308338,0.18340994630427332,0.17830434035858939,0.17693965028949496,0.18018360200865274,0.18169711352019988,0.18585752921192575,0.18591303427869033,0.18139424831958714,0.18005376740030615,0.177729559118022,0.17606033422854955,0.17687977982830028,0.17760757657329043,0.17730872231131062,0.1787540133282616,0.1806349459166899,0.18007757205252456,0.17763082879874562,0.1753860320277815,0.1745530201480318,0.17490918049043752,0.17587665695437713,0.176860800920895,0.17582516271213702,0.17374843127637565,0.17376448288427204,0.1736415192056336,0.17454015799344355,0.17731330242917132,0.17702032674233123,0.17409373106012296,0.1715840404434552,0.16969559759662783,0.16958432225967543,0.17112588257762854,0.17079088054134323,0.16958916708071822,0.16915102081305142,0.16880759156295827,0.16802075909269543,0.1705039675763809,0.1748340176903214,0.16951986171875105,0.16481003939375605,0.16854030908817808,0.168281111097753,0.1668262108970754,0.16791481273038958,0.16677606204951434,0.16565897467038343,0.16761972963401284,0.17070609607109927,0.16980086867495836,0.16584038687172722,0.16534854500364304,0.16638433904247432,0.165685603272849,0.16471749613146655,0.165754586100288,0.16644246745738872,0.16468534855500896,0.16697986376986482,0.16697869450277364,0.15982846194333095,0.15760972832556708,0.1585925619529014,0.15829663742846417,0.15693846622002802,0.15491879967806443,0.15719129072137425,0.15553832252515257,0.15293933589424882,0.15969639338119243,0.16150523425049218,0.15552030935984193,0.15732361631824526,0.1610263124348378,0.15683231396967034,0.15368019569833094,0.1528231500692709,0.15087963346607053,0.14611584475484557,0.1410835924899053,0.14469340710785614,0.14525118828072164,0.13999550430198746,0.14621034811791903,0.1546665613204527,0.15509353777817003,0.1541807691481953,0.15371876488646968,0.15212036841485055,0.14889842957944074,0.1500893546154036,0.15320348494937347,0.14865561080176665,0.14194311622083416,0.14602926245388229,0.15041056768584185,0.1487923466226705,0.15053575041095868,0.1507971906456663,0.15052963254507604,0.1458304355460312,0.14251275325239285,0.14114205819908066,0.13819980478082503,0.1437492529029292,0.14192601218083178,0.1420476156769656,0.1498412031810778,0.14798844534670463,0.15131200419437538,0.15168274281090022,0.1405069499322835,0.1396861320642659,0.1462226400031209,0.148331987347818,0.14599543384728067,0.14001943085017068,0.13283341387358563,0.13121367597455658,0.1387418700754194,0.14802102637800849,0.148696158875451,0.12774535387130362,0.12528659510924664,0.13007870938886162,0.12877163697554164,0.13701341332985503,0.14444961931163566,0.14319791894711695,0.14054640027755985,0.14287369346989787,0.14300718851836156,0.13436659415722751,0.1356030849387159,0.1515465549695889,0.14721794193377863,0.12655048513673242,0.1300852140867221,0.13126896561071774,0.12854930854889957,0.12628330932006893,0.1306595524074685,0.1391181499072735,0.14358931508932865,0.14005005474542165,0.13486861247740956,0.12756968383592546,0.12598222458408187,0.1481915292814849,0.1487399291594189,0.11937792274522391,0.11089738823838981,0.11365086489868047,0.10758000495347969,0.117901831174345,0.13558768215291658,0.12653868855438138,0.1137584180122379
33_8_LIAAS_1_T_1_00000,0.023493936545876174,0.06641521021327834,0.06015489193378051,0.05752215740855689,0.07453694859910716,0.0817448920196997,0.07630841223901663,0.06282712567983395,0.05028514360583923,0.047988573884930476,0.05234313705141101,0.05608940227352938,0.048776604364381276,0.046437255443203436,0.05176366610264176,0.03975034763003842,0.049386955231062686,0.07002215597876182,0.06143685505267313,0.0607651983515578,0.061412605045987674,0.05164766915873269,0.05720456111088582,0.056470568361897504,0.04293122518742248,0.055915268941092736,0.0561036665740854,0.043605823399383306,0.05231259414523684,0.055810033190782,0.05655268952363467,0.06294656284866472,0.058483593175988495,0.05800700162067445,0.06925609992607872,0.07072283482988914,0.06254008571689205,0.051964604057414134,0.056187934589380664,0.05542648178759275,0.05196077122340165,0.055937317545983,0.057594356047846525,0.05586455518834704,0.052364053200464916,0.05201056936690451,0.05656453878601739,0.06308344193996222,0.06020560006887353,0.05995046060666924,0.06273633186019088,0.0626142496499399,0.05945912495968817,0.05842308586765333,0.06329180832604706,0.06213451433194519,0.05970373847699371,0.059659395622462016,0.05991559811507283,0.062404818378151615,0.06545526077481105,0.06369280848568738,0.06256470117978913,0.062343812678922216,0.06175503920281064,0.06216244651938304,0.06284017240584255,0.0633819567958661,0.06586393637153001,0.06705773911984367,0.06619604165996587,0.0659727435471159,0.0671588292676628,0.06878317885150717,0.0687653679379898,0.06962506964296189,0.0701324564606625,0.06897187856708073,0.0699056942892887,0.07002481306475868,0.06840512005253012,0.07041377854374536,0.07154524359222512,0.07093215604249004,0.07113781103921228,0.07217339076218993,0.07325857611708915,0.0732488385304347,0.07255838827093522,0.07203110686949234,0.07224159547476362,0.07239927412104098,0.0727022527247902,0.07316230420704706,0.07328101288822077,0.07400339108254593,0.0751350534186129,0.0756801118146933,0.07502126369703695,0.0739651948477392,0.07371183918919584,0.07435355506677764,0.07516022350189948,0.0755002965187026,0.07521454237020576,0.07507637209318166,0.07534460179099635,0.0756674140876009,0.0757415752071604,0.0755958196095376,0.07543717864456499,0.07471100761178225,0.07458928926174897,0.07591973330654753,0.07588663045084013,0.07526612744739179,0.07495374428766549,0.07572213742782499,0.07607761668175733,0.0757054183024779,0.0753320616720929,0.0746098060122102,0.07426965430545032,0.07518731029209282,0.07490804227217654,0.07505981304994762,0.07669388675921535,0.07591187052306586,0.07544269074994772,0.07623122582644344,0.07575401960497699,0.07567503691704265,0.07600085807638986,0.07572788875679,0.07577111058935689,0.07600496868306152,0.07605551822413803,0.07601815671694057,0.07596120869424945,0.07590779266064186,0.07569122589351289,0.07571288638092886,0.07612897878502681,0.07686655170071846,0.07722230534372918,0.07725368212125933,0.07744565530782209,0.0782336961312023,0.07879979138247208,0.07843353341553964,0.07876205114170028,0.07960483368848367,0.08059805228587093,0.08131028746557961,0.08205785411612387,0.08298047976034084,0.08408709515029796,0.08508552069263002,0.08601721023231759,0.08708429178724451,0.08858277859856144,0.09009901712426702,0.09134273472149759,0.09322002293368334,0.09503950140335632,0.09662194863592576,0.09898357082843569,0.10120319152235503,0.103280806529129,0.10592180720189727,0.10848201036947022,0.11102679217401869,0.11376491737392763,0.11596358618229713,0.11810859884444777,0.120632514888025,0.12312398441829754,0.1256579982830254,0.12805266105651356,0.1295462028359589,0.13118144968130596,0.13312518834631995,0.13501768574106757,0.13643590922476806,0.13763673818024386,0.1389633787778293,0.13952363183986322,0.14015731747493165,0.1413474926182674,0.141932039086992,0.1422599314640951,0.142647644210887,0.1434670099985446,0.14396263777832033,0.1442491777447867,0.1448911904695331,0.1453378885860721,0.14561020100662242,0.1458614840493291,0.14619327332206825,0.1464463504951994,0.14653230865805858,0.14660173165971732,0.14663482495996732,0.14658008052422136,0.14634157544420806,0.14590238968645486,0.1453340195278866,0.14474179278224258,0.1438208306451776,0.142789123656798,0.14188761502076835,0.14089826886910883,0.13976677716610234,0.1385089409995871,0.13730148399822956,0.13594143403749773,0.1344227496370147,0.13293107401595333,0.13135563687382393,0.12973729095873318,0.12816834414834782,0.12662366751026585,0.12502641224312272,0.12338112440263918,0.12208335543006225,0.12067180023180017,0.11907305078305497,0.11804546130181766,0.11697163604830683,0.11578735021642043,0.11480978129716618,0.11389729814951838,0.11309767707733744,0.11244683027076464,0.11138751313708714,0.11054320134826003,0.1102701664098324,0.1094830764127404,0.10870808197782711,0.10819657141827958,0.1078018054915357,0.107300162083782,0.10682358397626361,0.10672181898210778,0.10629737160998634,0.1057104446216793,0.10529947020863864,0.10497696892103338,0.1046034619227763,0.10414945648922075,0.1039146767448737,0.10368979934263228,0.10335731058266728,0.10290224977563904,0.10216346436328504,0.10140834051228875,0.1010903515502429,0.10053540290844447,0.09985079867256111,0.09926979889567329,0.09873708226940503,0.09822140043741141,0.09773482906591888,0.09743034314042023,0.0970070427876538,0.09634358497505009,0.09546882413027255,0.09462627934662197,0.09398408390737406,0.09361912489103003,0.09302780597489224,0.0923883313279885,0.09189761167235713,0.09138498799448012,0.09096839739189963,0.09070371203938177,0.09054140332960307,0.09048607636000358,0.09047777426505005,0.090412717334952,0.0906308357424417,0.09080566721007682,0.09054078767952495,0.09044720767335247,0.09032188072948637,0.09001197894358462,0.08976366732886627,0.08927475366489188,0.08856507200950176,0.08804128810887882,0.08736985477861857,0.08659162270305297,0.08588970072616137,0.08517573752527761,0.08445626193945051,0.08374539933971896,0.08299000958868862,0.08238499295639265,0.08196690117538348,0.08142017704094359,0.08100671751665109,0.08071907421122104,0.08034754533080549,0.07988057468429928,0.07942115407628662,0.07907819591895766,0.07859155514992394,0.07806044955455152,0.07758486374139109,0.07713531853253172,0.0766455013524991,0.07609658964342994,0.07553537136629317,0.07491854943237226,0.07441932455775656,0.07430150986083113,0.07404644685761698,0.07371882746394356,0.07349444930676374,0.07341108613552659,0.0733599569789098,0.07327937030082128,0.07320601428098723,0.07323753194292183,0.07340831667485297,0.07370671689049274,0.07385805104553096,0.0739840688068657,0.07430685617560191,0.07460708748223037,0.07500616763177813,0.07559699249513555,0.07627177048277718,0.07697253082293054,0.07771722629466957,0.0785946889933595,0.07987181846906342,0.08148294300323805,0.08321827360754175,0.08559951784330062,0.0884244630039772,0.09147223137585318,0.09512497590903468,0.09944802857482093,0.10437043745030972,0.10964326553557759,0.11526258228796553,0.12123344484981854,0.12759165717714088,0.13414116213621988,0.14093350520310013,0.14806122388061424,0.15529491483456562,0.1624988496190811,0.16963107631861726,0.17678294311958323,0.18398272961459694,0.19125225590011583,0.19860761362191554,0.2057448127774769,0.2128182690265566,0.22010171812856524,0.22722024714930614,0.23422610196218144,0.2411947279794269,0.2481355842383264,0.2548554716146086,0.2613595731678798,0.26799307180195037,0.27454001884317625,0.2808904487886494,0.28699914948815547,0.2928575076294169,0.2984329353200776,0.3037566608835508,0.30905438282297765,0.31411104135389506,0.3188035337549403,0.32313525366121093,0.32732864283052365,0.33131919245899194,0.33485578626572343,0.3383534890873361,0.3417504910300564,0.34486159736974714,0.3475842721140328,0.35006726982492675,0.3524203358829738,0.3546691062099365,0.35680553736628307,0.35873850761371057,0.3603102109677862,0.3618194705437077,0.3633153505442718,0.364736756393744,0.36581172671567325,0.3667731388134736,0.36774216140297816,0.3684588509704883,0.3691034127691099,0.3697810101143028,0.3705491716278435,0.37112223274966594,0.3715733254248001,0.37204552291913207,0.37228701879750276,0.37252672324779523,0.3728270865886294,0.3727037233674015,0.3724437235058159,0.37224769667815655,0.372266018584392,0.3724131984257788,0.3726441276668033,0.37293020504757396,0.37334156750780967,0.373702751484186,0.37393899985977774,0.3743247655769472,0.3744594800470365,0.37436580865673946,0.3744588582809927,0.37446207157536465,0.3744266030344133,0.3744691907737382,0.3744457026871585,0.37439695401700407,0.37438348013364003,0.3744739971166017,0.3746065494901723,0.37471786167593074,0.3747369307796437,0.3747008385249852,0.3746394955999913,0.3745964712918935,0.3747112852777278,0.3747489435490646,0.37460237135025537,0.37451827141145244,0.37444396995253504,0.37442905114851405,0.3745883412380011,0.3745541935915618,0.3744676175694335,0.3745350281635121,0.3744826880840234,0.37442210737395903,0.374428375021224,0.37445855890314184,0.3745243798255827,0.37457785520691855,0.3745381230717543,0.3745155147084354,0.3744841049166496,0.3744351067142662,0.3745947498942401,0.37468486211813945,0.374580584806073,0.37440290792597136,0.3743036190244436,0.37429308413593365,0.37429073667205215,0.37413428872139937,0.3739523520296813,0.373881833290249,0.37391161135033685,0.37395938380388016,0.37396491341645094,0.37388617575480054,0.3738754973779993,0.3739016215748882,0.3738870687386846,0.37398012604718517,0.37401937565750437,0.37394038629524207,0.3740061816988385,0.37399421155329887,0.37388690445114386,0.37381759582742563,0.3737905308082333,0.37380870422664203,0.3738441326926585,0.37373529721890986,0.3737110152995018,0.3738183805282141,0.37375429256052667,0.3738872857688727,0.37409257592986755,0.37404865099000884,0.37403525635650053,0.3740518454251797,0.37405183062648956,0.37396581175561633,0.3739364065492777,0.37404281349395585,0.37430617473787897,0.37430683206700543,0.37414292775342756,0.3740604336875139,0.37415021327870396,0.3741355502513818,0.37393762678964965,0.3738737148954391,0.3739139974476055,0.3739853645463664,0.37398051483466055,0.3739558612163317,0.37396262953000325,0.37401349608599516,0.3739856950940175,0.3741113295639926,0.3742968876560119,0.37414196571712566,0.37399292465072553,0.3739272344026728,0.3739298401730492,0.3738932350987098,0.3738861207989541,0.37390333881659293,0.37379283163730054,0.3737366630599333,0.3738116408068613,0.3740106665390181,0.3739948009503136,0.3739043727601827,0.3738677763686669,0.3738283055930852,0.373731407104677,0.37363728083959324,0.37367742733119197,0.373614537138003,0.3735642237782161,0.3736231305189826,0.3735314975796783,0.3735040928565207,0.3735714954787211,0.37355999782012594,0.3735561497477578,0.3735030285313385,0.3733480002733543,0.37326118984925527,0.37323852143920866,0.3732025999541037,0.3729615443283469,0.3728242904838558,0.37275840756088946,0.37261029767343823,0.3724141947358188,0.37234830605533376,0.37242034204178,0.37220886505394624,0.3722306511414413,0.372437213525882,0.37249147842442387,0.3723913628104426,0.3721749507083273,0.3719478829539163,0.37198656340866426,0.37190327202827883,0.37169015934811556,0.37161123557345843,0.3718672320804036,0.3720743789625219,0.3719133753176393,0.37162669931300046,0.37148912048821314,0.3715343503588206,0.3715736075458954,0.3714451369529918,0.37128159978531494,0.371228033397736,0.37117255919755743,0.37113201579061444,0.3710688910291103,0.37089246508949225,0.370778826507446,0.37065927500311047,0.37042230838908585,0.3700608815045897,0.36963018498423916,0.3693049623156697,0.36938582749692567,0.3693680238988352,0.3691348829104893,0.36875659886545076,0.3685780483318651,0.36849130854350387,0.3683209713269926,0.367834901739935,0.367708497093561,0.36774805442138764,0.36755582204772025,0.3670196130571866,0.36663327898949544,0.3664167572732115,0.3658305774166717,0.3655354396430098,0.36533615068329,0.3648973782592698,0.36435231578742,0.36372887875278176,0.36318159378577974,0.36298971832902593,0.3626013724350689,0.36203688642315024,0.36148009612662174,0.3611123844862664,0.36073455231046286,0.36026883367070145,0.3597803728130403,0.3599228980102856,0.3600428420818699,0.35954134958651557,0.3589766360585057,0.35895875254300386,0.35913753439269913,0.35848797815843003,0.3583351976199827,0.3583925499890928,0.35828041321980925,0.3582129734781931,0.3582072058555563,0.3582122457481201,0.35813735481217207,0.3580168312574163,0.35794778973830216,0.3579781163629338,0.35801908959604867,0.35824951189500653,0.35849835727402846,0.35847393297890484,0.35829225507958956,0.3581488367587975,0.3581817741966196,0.3584406007550622,0.3584668920829919,0.3583622222554603,0.3584157072673425,0.3587700456528645,0.35917934016935626,0.3594950314684253,0.3596867108726394,0.3592467649604115,0.3591449036511435,0.3599572445096051,0.3598018070278433,0.3596795220420538,0.3601174419332351,0.36114552929878135,0.36100683410416307,0.3380313555851628,0.338167179316631,0.33820001368962493,0.3383287907805813,0.33854833807081924,0.3385405262057278,0.3384630398961252,0.33851180831319017,0.3384961342247387,0.3387553448263194,0.33905699461464284,0.33922470083606604,0.33964576953645126,0.3396316478494233,0.33980355859623185,0.3402460101910904,0.34040775932066264,0.3403533552328489,0.3405193394308306,0.34044072227253086,0.34055726201863357,0.3408732336048337,0.341067490457471,0.34153400634201,0.34160159098048426,0.34174822324397514,0.34188479259763926,0.3418491422707018,0.34210472920258744,0.34221792294440795,0.34229302593539307,0.342424816363448,0.3426760783903158,0.34241165078204333,0.3423716419738698,0.3422693345179636,0.3419098371051794,0.34221974781997627,0.3426214631459155,0.3426279171213047,0.3430850859212128,0.34332010397075396,0.3433077918062938,0.3436617304350016,0.34359995166166507,0.34332663590143925,0.34276639041681434,0.3424370912779375,0.3421493212131457,0.34210759408849345,0.3427270413767282,0.3432611250644107,0.34355077253252264,0.34388194221956586,0.34382564802479415,0.3438235917223911,0.34365050112211953,0.34338820141308735,0.3434552414676798,0.3431466134379297,0.3430569735174575,0.3430843676540377,0.34337736970374283,0.3434779696250458,0.3438145856732187,0.3439395581564478,0.34371513813250276,0.34356218647995734,0.34322769715165496,0.34311337901947153,0.34329327788015135,0.34331475735975453,0.3436835110435981,0.3439708770428966,0.34369760725137183,0.3436282118605393,0.34355252113572743,0.34336928517630283,0.34309877763606306,0.343298204459931,0.3433678011699273,0.3431582677435507,0.3432503748980445,0.34323701077568736,0.3432016233495226,0.3435183679826288,0.3434132721496846,0.3431435139096018,0.342909090866934,0.342334850396423,0.3422210170162286,0.3426562735443285,0.3427038540658527,0.3427069049241619,0.3429829691130648,0.3429639114738633,0.3424415446236134,0.3420690259601395,0.34181681282974985,0.3415308484884268,0.34151901458727696,0.34185499008190967,0.341880228145524,0.34153730785081476,0.3413853287186254,0.34125953152419924,0.3410768208645872,0.34096057289962595,0.34101743980143423,0.3408770919624533,0.3406576554110681,0.34057905252678006,0.3403347503147713,0.3400737321259647,0.3400566208214007,0.3399012839979843,0.33972053051540063,0.3395535151213209,0.33917625701906196,0.33875908307184993,0.3384546013256959,0.33828619912715885,0.33803885477962387,0.3377853035381312,0.33748994351130135,0.33715840938733954,0.3368348937185079,0.33649716529009877,0.33611600592348345,0.33566259047737806,0.3350110297946075,0.3341169465531468,0.3333720316464081,0.3328187981477466,0.33212366244653957,0.3314116894068825,0.33067216435579805,0.32975611310456815,0.32845666359164843,0.3274825959717251,0.3266872189129674,0.3256951663735393,0.3246801004809675,0.32368369485111703,0.3225913305908802,0.32140365407023014,0.3203952080752039,0.31952678291999403,0.31867711633688345,0.3179391309886888,0.3172751271340236,0.316532007598298,0.3157302230576231,0.3151424084649758,0.31453740116769335,0.3138833999283003,0.31338125472061223,0.31299649288684595,0.3125798195264718,0.3122804107632238,0.3119874857086577,0.31169155939489396,0.3114045407024797,0.31119308230406156,0.310917791055086,0.3107768614758008,0.3106661734635907,0.31043290682873537,0.3102312345547625,0.31006276141590244,0.3099058969177638,0.30976849959464436,0.30972781987962555,0.3095983642709253,0.3093576629731552,0.30928049514702827,0.30938812085242806,0.3092836977444421,0.3091660854983957,0.3089654915040553,0.3086636644325819,0.3085039653174682,0.3085139491918064,0.3084055618086093,0.3083080266187733,0.30824557552531423,0.30804685894440226,0.3078577128334515,0.30780447788325577,0.30781296246125844,0.30777440863286887,0.30788242191991744,0.3078593081177823,0.30758982910534804,0.30754647952725683,0.3077282705543895,0.3077153463182135,0.3076554272274077,0.3076558725578057,0.3076543000567195,0.30756978564232745,0.3075904641375133,0.30772774263427666,0.3079250077132406,0.30796443523747796,0.3078814037898691,0.30796684938241004,0.30812438372927037,0.30829770974247905,0.3083350381555409,0.30844608837446924,0.3085985605370191,0.3085784397970728,0.30863968944563497,0.3088958453887649,0.3090735725149279,0.309147635685141,0.30925683544142335,0.3094258813924551,0.3096143250588416,0.3097784277740466,0.3098088301968626,0.3098588113202199,0.31004058107420573,0.3102283921528882,0.31042924542522665,0.3105811416574402,0.3107651700352189,0.310913375709261,0.31097610301419826,0.31109012664982766,0.31124678077379353,0.3114108090188024,0.31157711451971326,0.31171548102144725,0.3119171583726299,0.3120222145157676,0.3119852674513394,0.3120421268726236,0.31226906496964435,0.3124083541676772,0.312423314809991,0.31255902325076484,0.3126463931950378,0.3126153879976775,0.3126839129830652,0.3129184755202248,0.3130200111611218,0.31302048773626845,0.3130672389556663,0.3131248903449538,0.3132106379370665,0.31333808974858957,0.3133829930013789,0.313361858082907,0.31342458665393186,0.3135175264732343,0.31354432707467833,0.3135644586662314,0.3136393901981687,0.3136894401489517,0.31373921163567736,0.3136696415093369,0.31370268881706415,0.3138003003916995,0.31367727629954056,0.31360231647267306,0.3136227997439695,0.3136160719276221,0.3135047256432135,0.31340592694784025,0.31334310292881484,0.31332196076473995,0.3132765097746173,0.31320765112351556,0.3132612127432172,0.3131972354863324,0.31294696975252256,0.3128021887379113,0.3127567891176159,0.3126050450265549,0.3123557952373973,0.3122116920750625,0.3121007474234763,0.3118668032385569,0.311590045351168,0.3113878082158473,0.3111833908758021,0.31093035085510234,0.3106080744571202,0.31028836139359456,0.31003460872611344,0.30973414762526896,0.30939115435133063,0.30911840167229504,0.3088367589057061,0.30839864386932025,0.30807964051478626,0.30804639577530596,0.3077016877511272,0.30708603878895324,0.3066484481276282,0.30619822869016367,0.3057141074321848,0.3053171734286338,0.304896701628288,0.3044638282825368,0.30389611179731374,0.3033531365028843,0.3028173723048027,0.3022158787537324,0.3014848476959072,0.30085355113921747,0.3002863558493069,0.2996257435064173,0.29899133602016226,0.2982046128340387,0.29722689660259954,0.2964519728998859,0.2957679727758893,0.2949051024073307,0.2940012569814781,0.2932159566160929,0.2923989281425479,0.29150063952981803,0.2907482478502643,0.2898830341910157,0.28875909587456117,0.28775421058407635,0.28689408894067325,0.2859448657660081,0.28501531712399947,0.2839431607264356,0.28280745075979685,0.28178189888739547,0.28075828753863774,0.27972498731263157,0.2787258107060917,0.27777636617432405,0.2768383198563885,0.27593885637797627,0.2749683881028625,0.2739893738746909,0.2730362375401591,0.27202669535862045,0.2710608327563065,0.27011554706954677,0.26923806704637404,0.26840648767158115,0.26754327501917513,0.26675981156908257,0.2659253154015717,0.2649949675026503,0.26411496090561054,0.26327387162175325,0.26242043899377254,0.26158203357000165,0.26072525446175454,0.2598936433627277,0.259004639866537,0.2580751387243019,0.2571530679392708,0.25606569716503974,0.25483307437745645,0.2537423119794676,0.2527257999696199,0.2514100265743983,0.2500693189306499,0.24862437223287612,0.24693112920575844,0.24524314660335905,0.24366607525838874,0.2418091757975838,0.23971778538921495,0.23758350934524014,0.2353969586984693,0.23300058817999303,0.23047001491795263,0.22777303771255125,0.22489512009156862,0.221868401594435,0.21873262732298884,0.21539452956576843,0.21176668225602738,0.20817380822932016,0.20452185507956944,0.20073077930974484,0.19682018308731736,0.19292528388951502,0.18890767946651627,0.18484375631955138,0.1808486695474689,0.17687515079482727,0.1729710003188838,0.1690378552459216,0.16523615808730827,0.16147720419636508,0.1579047994816342,0.15440563233508453,0.15107877543211484,0.1479480504368112,0.1448715747723576,0.1418163866243768,0.13903786538864407,0.1364369308641826,0.13396134402576657,0.13169231744008325,0.129535109275488,0.1274638975702085,0.1255714951394977,0.12392429748048092,0.12227348007175218,0.12064600066197133,0.11922313783177009,0.1179649867057217,0.11672464385648876,0.11559896371282719,0.11458667413506317,0.11367644066145606,0.11274947432290063,0.11188161170982251,0.11112106761658835,0.11036952011902779,0.10969038348019707,0.1090480688091714,0.1085348570956831,0.10803517010917553,0.10753920237894077,0.10706810702755457,0.10669152121665841,0.10629356365097109,0.10583879994109678,0.10548977836554893,0.1052348307137849,0.1049578042014018,0.10469159368840623,0.10446226313621947,0.1042675562359076,0.10407486002422364,0.10388877047180667,0.10375457797448594,0.10364983024418638,0.10355487770530926,0.10353200356353368,0.10346010007968003,0.10333008619443221,0.10327586259236944,0.10324789450144842,0.10323064991716306,0.1032899142132581,0.10329878595772289,0.10325312099237584,0.10326111707755439,0.10324394682786488,0.10330257575762017,0.10347041852983407,0.10358801376764923,0.10369662620808455,0.1038464681315768,0.10397869832562545,0.10414659093522112,0.10435759256222216,0.10461878877502456,0.10486333983167964,0.10510248264698295,0.10539254888055795,0.10570734563903111,0.10604733388750777,0.106418641424722,0.10681669725112625,0.10722839248161134,0.10769522607250079,0.10822166043447416,0.108728365109532,0.10924913125484056,0.10981021294707421,0.11040551050698882,0.11096361696905975,0.11153396123527466,0.11212434941466255,0.11269120633925987,0.1132766103088658,0.11388184952043594,0.1145348873050135,0.11519985431372894,0.11587563888629787,0.11662132278467524,0.11733903144814538,0.11802240477550296,0.11873787628797353,0.11949205210144397,0.12022476511895544,0.12093902906452916,0.12168124746546403,0.12242950073894704,0.12319119731481648,0.12397505423803112,0.12476323320695426,0.12557692839289006,0.12636361908912072,0.12713320108362794,0.12792251397400256,0.12868766074754612,0.12948540556723936,0.13036320420616773,0.1311692164876772,0.13188622010262865,0.13269955356382027,0.13353132068277987,0.13436663595466145,0.13535241988257288,0.13621931482730734,0.1369163889865786,0.13772737191778986,0.13856491568199328,0.13941246120965897,0.14019882551218,0.14101766735001706,0.1418564629593525,0.14263022047220714,0.1434406300805998,0.14433985648773795,0.14518643579155585,0.14597245058588149,0.14677399842230662,0.1476128365309175,0.14843299603357635,0.1492095258146617,0.15000155807544935,0.1508164635130649,0.15163542139116679,0.15246226440153607,0.15322074554989268,0.15394801366978686,0.15473662069352012,0.1555162814083671,0.15624449474680963,0.15697475702416636,0.15777514298220904,0.1585462364589375,0.1593121603671504,0.16019177145987798,0.1609844253350313,0.16168110918134565,0.1623873594436641,0.1630808429643292,0.1638252547919515,0.16456425463182262,0.16528563744823385,0.16607616025113933,0.16680189717541752,0.16741290837346787,0.16812050848723897,0.16891692057630495,0.16962077659073843,0.17029123415729955,0.17098742474969975,0.1716599959118843,0.17231334461389383,0.17298927997808167,0.17364392495432832,0.1742345082377676,0.1748614097572161,0.17549041215306252,0.1761642059897653,0.17693045777497562,0.17756813846497024,0.178142630945156,0.17877301023427758,0.17932853756549633,0.17992297980222047,0.18064561720801248,0.18126561184844542,0.1817753292472696,0.1823561167283324,0.18296540754986096,0.1835366953296084,0.18413231492435642,0.18468994127251412,0.1851549070848797,0.185692602837582,0.18628054371393366,0.18683549183607048,0.1874162159642647,0.18797280359798785,0.18849851235914963,0.18901338970721437,0.1895187384009384,0.19002088372100273,0.19049139230823636,0.19097638621964805,0.19146116628410145,0.1919670637158072,0.19252137642294354,0.19301776829313586,0.19350167798255966,0.1939657154234484,0.1943182538707975,0.19478215405397686,0.19536254797251354,0.19585147464901612,0.19635135321391048,0.19682687294337461,0.19723165258822561,0.19763324962223172,0.19804812123632662,0.19843676069574762,0.19874009916067775,0.19911341743165523,0.19955032360128513,0.1999387230959314,0.2003320555885927,0.20072454412525934,0.20108745414883808,0.2014436229774924,0.20180524546292686,0.20217076542649173,0.20250394181385167,0.20285857879159322,0.20325481364187012,0.20362802331080412,0.20402292741166342,0.20436416004058716,0.2046562923753421,0.2049520921021092,0.2051643853864733,0.20546252332753648,0.20587265720228076,0.2061817550496262,0.2064389889960844,0.20675916016436774,0.20706853521557467,0.20734846884434951,0.20767711014103454,0.2079895167921111,0.20825915493173955,0.20850261059841446,0.20873606754216503,0.20899510915613692,0.20918866164255093,0.2094322229028451,0.2098084490973816,0.21007777966890673,0.2103277012684677,0.21051227056316477,0.21050073281139725,0.2106581500210878,0.21095473912818566,0.21112078231176465,0.21127473900411253,0.2114726683944421,0.21161305841755546,0.2117160303551592,0.2118771490398897,0.212038198939174,0.21212291031293662,0.21218716361715034,0.21228247356651908,0.21237909191989823,0.21242898020951145,0.2124739364450592,0.21255112747644045,0.21260256573358305,0.21260871123106923,0.21261898160042889,0.21263170827069083,0.21265771685628573,0.2126680497306748,0.21267134090619366,0.21277172089541616,0.21271862874538203,0.21245095676280026,0.21240101401911002,0.21244578283907664,0.21237269057510072,0.21238814082810756,0.2123435754516939,0.21214080590915124,0.21199089037746935,0.21188150581151383,0.21178197903280688,0.21168204403208188,0.2115200799619911,0.21139152814468165,0.21123667702125834,0.21098154712287212,0.21074072744029246,0.2104929217087068,0.21030641603013148,0.210151442234617,0.20994024600789557,0.20972541610151035,0.20956371475615593,0.2094205202768181,0.20921043864099406,0.2090162570272589,0.2088194086730542,0.20850486729933723,0.20829245388379528,0.20824081255851748,0.20802572432212396,0.20769963181471124,0.20746226331609435,0.2072394061035249,0.20696359383944132,0.20667687250644998,0.20645406687196358,0.20616202374203027,0.20596581586851145,0.20601413576666397,0.20572018788528634,0.20519366535572395,0.204905557582828,0.2045784233251614,0.20428704086287322,0.20416002071162437,0.20385778044689548,0.20359328339655872,0.20342508562347608,0.20316179179648963,0.2029718549242617,0.2027077098474716,0.2021448595387527,0.20180590630103962,0.20166646843101255,0.20127377250298187,0.20088772506913138,0.20061529922488175,0.20025812771165938,0.19985898465657123,0.19953963290153934,0.19932105663751362,0.19894222759326477,0.1984825921439205,0.19824411124399638,0.19804179554548274,0.19776813959736642,0.1974484026002244,0.19710882400460905,0.1967308505538895,0.19630069391007465,0.1959232949920606,0.19558593081800638,0.19515440175361834,0.19463180140916056,0.1942493713008454,0.19397675986546709,0.19344953778704058,0.19279807907633295,0.19239206069566642,0.19191455351079734,0.19145622799340764,0.1913595110490161,0.1908841190005521,0.18992437850048163,0.18944044022333817,0.18919823755437432,0.18875170548967093,0.18841870199383431,0.18799715998952748,0.18737006065059758,0.18684544937858372,0.1863838622458829,0.18602509011417653,0.18565184802688658,0.18530643198316266,0.18496000257783954,0.18466361660941638,0.1843369313090386,0.18398325201858481,0.183724444954998,0.1833174092357768,0.1828579461436637,0.18259590667140893,0.1824155521012379,0.18220058709674353,0.18181892107572376,0.18148409406844607,0.18135628856825037,0.1811010262459852,0.18098069566209604,0.18099829869973097,0.18074819878470172,0.18069090337045515,0.18081991806471454,0.180687272041684,0.18052277484012616,0.18021142635811785,0.18007038562103658,0.1799510186530481,0.17999634011668145,0.18028047951096587,0.18035361811769782,0.18041437330564686,0.18044457965738536,0.18039661327622697,0.18037922546622373,0.1802976611850705,0.18039589249807847,0.18053995334791986,0.1867273530708801,0.18715186093868127,0.18737365580908977,0.18768077831865956,0.18764162083132535,0.18765815943230968,0.18772769967174932,0.18764740900275614,0.1873648931898392,0.18731854630136935,0.18710110053245385,0.18725705829779093,0.18785029151311605,0.18826647634318083,0.18827636956842267,0.18823967559143887,0.18798896786278588,0.1876753095633151,0.18764949814002582,0.18821413684069105,0.18825315093318176,0.18816269403923774,0.1878404160667429,0.18781580407987564,0.18783118954685898,0.1875495839797472,0.18764838182429855,0.18766814508791468,0.1875068643672152,0.18723270764758435,0.18714371730657572,0.18693625802901487,0.1864729466956723,0.1860608373932527,0.1857268048184124,0.18522364311054415,0.18464409268447046,0.1840982087437008,0.18360629019353794,0.18330902154198483,0.18278785616575424,0.18222844747728767,0.18154853463307197,0.18064364789329806,0.17988767392326716,0.17932846894614085,0.1784319656693124,0.17735398943664016,0.17632058213284663,0.1751864486574922,0.1737516335886872,0.1724817524387929,0.17150106156670167,0.17019397782321524,0.16862294926458682,0.1668396659824563,0.16449526384308857,0.16226751416051957,0.16056148725668082,0.15861462379721433,0.15638246313072807,0.1541141866424185,0.1518038825020413,0.14924790982887237,0.1466352935412676,0.1441485240872959,0.14155233618454285,0.13859489553818985,0.1355030810098651,0.1323552911697185,0.1291220744636665,0.12580040989687752,0.12230866392631774,0.11883755808228681,0.11569813733231347,0.11274365943526254,0.1096727910260604,0.10649695071424166,0.10339077368732215,0.100177190697374,0.09697539304083483,0.09406920308762973,0.09139651248628623,0.08876415399914406,0.0862909000182777,0.0840189987959861,0.08158820771891248,0.07908397478055142,0.07680832972292731,0.07475626294928918,0.07293667069175207,0.07151783486813894,0.06997578508788921,0.06849721703803624,0.06687467696747561,0.06550111055265626,0.06431311483349095,0.06356933188517927,0.06294122981022184,0.062003839473693416,0.061174447436916995,0.06058737315190951,0.06008199306213352,0.05958062774471894,0.05938279851842855,0.059085605287394365,0.05842409798860312,0.0578328575460891,0.057734728849282005,0.05758776337508215,0.05735374979168117,0.0571666566352942,0.05699576824977096,0.05671030801921603,0.05656021416687526,0.056552301807726114,0.05651571618794308,0.05643949019489523,0.05604745431802047,0.05579748872206916,0.05596353488531665,0.05586833900586656,0.055711153827806045,0.05577061421966178,0.055969908575668435,0.055937316507348754,0.05588203151614899,0.05597630733166285,0.055987479574609554,0.056010663675419375,0.05593143841228444,0.055778658536558626,0.05566042389047015,0.05543577444251264,0.055393963182867635,0.05569687670470936,0.055856105081433675,0.055980180527797366,0.056002471689777115,0.055942528167759846,0.05582727021977244,0.05616477705449549,0.05664002630151786,0.05667603949924719,0.056738849108322616,0.056841359636120824,0.056967281100464756,0.0569400924769886,0.057104952365740466,0.05716640916859451,0.05679168459428198,0.05671640289433742,0.05682879848156285,0.0571956099667608,0.05747863174227854,0.057540062041617386,0.05757364115369232,0.05782975662378382,0.05799414840972211,0.058083174770000114,0.058284204902051495,0.058614280929278006,0.05878792397281562,0.05896776951153968,0.059073428976690705,0.0591647814986514,0.05935937480114671,0.05943178179066378,0.05952783569855771,0.05969796818935196,0.059825540341840164,0.05994752904417741,0.060172295206246576,0.06034965974830894,0.0603961948511806,0.06055595141238143,0.060788609080545356,0.06110285097241477,0.06132664241168956,0.06143987594657127,0.0617666918756738,0.06217111783346921,0.06243752687931378,0.06275096494859489,0.06305232753956427,0.06318871241367978,0.06342778809664149,0.06384792605493299,0.06412800223744596,0.0642308436457199,0.06451568181005893,0.06491763278019988,0.06508283039543847,0.06519295048557841,0.06527950484349514,0.06553869603340892,0.06579792421269144,0.06609363339659995,0.0667168549846018,0.06703024650584595,0.06699422593718184,0.06720297087316382,0.06747143921821873,0.06774023046229402,0.06785295297618633,0.06833936541923229,0.06891310814914269,0.06906577962154177,0.06941272709752844,0.0699874387812147,0.07031287982678085,0.07037217122653741,0.07060359456183311,0.07089994966473558,0.07113691836508053,0.07129318324507239,0.0716253051120533,0.07205251880882436,0.07242231679198242,0.07273703170060607,0.07322828390233173,0.07361813512635093,0.07388361146394744,0.07420344330300595,0.07455463843840668,0.0749241679644034,0.07536056474718134,0.07571657756280423,0.07612475137371381,0.07637401278770574,0.07635279807573293,0.07651333144800583,0.07687652705879579,0.07730400288676381,0.07753767221035932,0.07784841093731087,0.07813005173671095,0.07807654371023336,0.07840085797623145,0.07919903011458528,0.07963471300600068,0.07994029307441383,0.08027882048125011,0.08050253956250694,0.08075732797701483,0.08094798070768196,0.08133073758267466,0.08169578520341327,0.0819476488364704,0.08231902267812713,0.08280467889541468,0.08316426697601961,0.08355750030545814,0.08387814072526494,0.08399491428052049,0.08429064708514304,0.08473376105876818,0.08502962078204561,0.08527234610799775,0.0856110080894128,0.08599372895314022,0.08623048939213655,0.08645870290121782,0.0867328096563177,0.08698385899600068,0.08702365692676774,0.08736983647248496,0.0880191350539805,0.08839346614637437,0.08877791352353506,0.08911234550971207,0.08917947684025916,0.08945018027231684,0.08989884990617539,0.09024843091680493,0.09045851507884564,0.09095277065822491,0.0913951475570529,0.0919103377512306,0.0922553954658033,0.09254226458496502,0.09294455786500534,0.09327437221293845,0.09362107704533107,0.09418625824235108,0.0945597394454519,0.0946263257424148,0.09496821942281164,0.09551133568390271,0.09586637350214612,0.09614025250148914,0.09659968337431012,0.09718812407761336,0.09760902352336498,0.09784134371576324,0.09797615698431757,0.09842135055731702,0.09887291478670011,0.09903972751218106,0.09923748624969464,0.09965263526472043,0.09979368402353031,0.10008597127584772,0.10109143106709488,0.10154778613154865,0.10119562245573645,0.10143045683113143,0.1020461673233378,0.10242918524414771,0.1027388169468478,0.10318447196815535,0.10369517827544386,0.10411560642731818,0.1044279501131456,0.10495075671984899,0.10530520669511038,0.10521567759003451,0.10543151490868756,0.10593511574388799,0.10628696133827568,0.10645713476021289,0.10685283392042537,0.10755919258681279,0.10793464133011511,0.1082889887886751,0.10857654052041614,0.10868397557917774,0.10845081190993967,0.10876810207894816,0.10943241582977455,0.10969199327280657,0.10999804932092291,0.11025271279732732,0.11009131702273811,0.11040386285695349,0.11117286978657999,0.11161231660964394,0.11216214807462807,0.11240591506732933,0.11211031323141704,0.11231700921429015,0.1126590751586952,0.11298337766708348,0.11361464446949898,0.11422597097448642,0.11423850332821575,0.1145121892956475,0.11475011573211145,0.11500009631963326,0.11497946060769029,0.11468621274125414,0.11497458282323418,0.11548197671331083,0.11563164328623378,0.1159779405394289,0.11636792207935664,0.11653047340218609,0.1165295232543605,0.1167137496136405,0.11683958426288629,0.11637055942574161,0.11631950489705332,0.11691313864822059,0.1170999641861487,0.11694823120179965,0.11695585680127689,0.11726880241192696,0.11777238105796191,0.11792957918688332,0.11818338708175077,0.11847619745659035,0.11854618787432013,0.11855325932630455,0.11874141010666475,0.11891385740931155,0.11872481577543534,0.11873914889490664,0.11913821826192435,0.11933250186837933,0.1192469335820854,0.11935928246370957,0.11974519648449941,0.11987910192468176,0.11981253265308961,0.1199192105297462,0.12016205198798847,0.12009291092895877,0.1201111420121213,0.12025822874533737,0.12026680163765016,0.11989662784928885,0.12016354533730886,0.12107216999384479,0.12109710640135009,0.12078632950782563,0.12092286141965707,0.12075172452941134,0.12070149085820733,0.12132299561314606,0.1214798234697636,0.12086390865162149,0.12090824399659784,0.12159462339809064,0.12172296270129238,0.12167367865658314,0.12177574738969475,0.1217776197493404,0.12161751447752743,0.12149135609636336,0.1213140836665248,0.12142891539721168,0.1214114502649872,0.12144398704005002,0.12197691621373062,0.12202802898003497,0.12152433612897932,0.12153541706426103,0.12178066544025896,0.12187880950379693,0.12216825141871535,0.1221841629758935,0.12193451606779027,0.1218796963330937,0.12189208770582899,0.12169565233235027,0.12136534204712142,0.12126521990395522,0.1211833608138214,0.1209689822664534,0.12090442841968715,0.12076984228359246,0.12024604712267913,0.12001608353281235,0.12005624615949727,0.12017613035277701,0.1197731303487908,0.11944564925855289,0.11908669501514293,0.118641869960918,0.11829636936303703,0.11828630977623887,0.11791149435475988,0.11714057815305065,0.11677496378029684,0.11656818666411708,0.11632622348888629,0.11625499689030379,0.11605469750737232,0.11566478096150759,0.11550185393985189,0.11561708532195494,0.11543881794612383,0.11520794957847408,0.11496091824706152,0.11462404747260461,0.11403809471412248,0.11297174024084333,0.1126496517615089,0.11285094179275638,0.1124696134702596,0.1122443269203668,0.11198252754235043,0.11106258259149393,0.11043147394089592,0.10997172359000681,0.10968054684007518,0.1098995555222334,0.10967175120503403,0.1092939449620336,0.10938463881850498,0.10911782228807972,0.1082965946034313,0.10781101786406239,0.10769509325060406,0.10741621509820665,0.10679177831451896,0.10649297733903704,0.1064908849244519,0.10635596930311117,0.10638124024876104,0.10609036458058833,0.10565216777048186,0.10521147762181565,0.10445710056281371,0.10394421709931728,0.10364646862973943,0.10322301123799348,0.10260569602632859,0.10227434199337423,0.10187621306074034,0.10181920533750197,0.10273644908117084,0.10268606697350659,0.10198283729453904,0.10185001414425185,0.10115950829457628,0.10073141909818666,0.10175526296047298,0.10166651274600957,0.10060175514549223,0.09971258418966909,0.09977355767520278,0.0989555030569259,0.09798191940884829,0.09812001812792621,0.09821789945854335,0.09745369425625684,0.09724303026889669,0.09739018667016207,0.09697940186237752,0.09670646240892146,0.09673064480849726,0.09663811951039755,0.09638325093897152,0.09595894657638628,0.09562062753720751,0.09546976286256612,0.09497454847339563,0.09414550256890943,0.09374108070155429,0.0930974419457507,0.09326935694124795,0.09473420817798761,0.09439362706395202,0.09302408089692049,0.09295341024167154,0.09277713159242608,0.0923032395122124,0.09262172893945703,0.09279939307731944,0.09212972269203482,0.09164148970788921,0.09212150245153654,0.0920547742838323,0.09068026870546167,0.09026691105799768,0.09097441062431348,0.0909651793767951,0.0904426734276537,0.09045401168449074,0.09079801332275751,0.09053409233650214,0.09024815199371745,0.09010023119804456,0.0894248934729481,0.08892657866277033,0.08895631571448544,0.08877132955350191,0.08792060226916602,0.08766325898977159,0.08818612283496143,0.08808218136886348,0.08791874217917398,0.08788067330541605,0.08771660237578358,0.08673468008729691,0.08619153929557637,0.08588634775569778,0.0852636114541499,0.08500183527166157,0.08472910720071192,0.08436996880007365,0.08357971287428492,0.08314227757526373,0.08386340703564885,0.08421500005260699,0.08452810325003825,0.08455039216244659,0.08337828981078903,0.08285455965842531,0.08362210311044999,0.08397507364469861,0.08348079124182001,0.08348651419378263,0.08303763118281984,0.08185662159509277,0.08196323995798792,0.08201711390905984,0.08200225675822687,0.08242229773409984,0.08155349110510463,0.08132160099295467,0.08213697970728866,0.08153089457275232,0.08025900476659573,0.0801251618941398,0.08010868967618281,0.08000747422586661,0.08116639456565129,0.08121930390014397,0.07956067871278578,0.07907956734526889,0.07957190414577689,0.07948112125146252,0.07843283402272186,0.07816650867821295,0.07863564866034513,0.07822633193305435,0.07856895123102559,0.07850911543394642,0.0758761791669713,0.07393164273838117,0.07509480978129623,0.0759678523278899,0.0757256146491788,0.07729869783445252,0.07826316539533777,0.07630315802492546,0.07555204151949535,0.07684141279887007,0.07666246474971378,0.07600196772217022,0.07556869855181722,0.07448970344071382,0.07327867145168411,0.07339246639013607,0.07514618580746155,0.07567788994267019,0.07537030123471655,0.07540817271475342,0.07506392561170203,0.07407403003131945,0.0731772688914723,0.07422674651635336,0.0751108863188699,0.07434835391878225,0.07307049358307877,0.07182046722064095,0.0707048259141512,0.07032117552329305,0.0711008456629495,0.07017136652070671,0.06901810140716548,0.07036768993364274,0.07130726181023417,0.06865699832388104,0.06562099282944978,0.0660783526071155,0.06723273564007921,0.06989523207410546,0.07291073105795193,0.07068983561942012,0.06731828725056452,0.0675246669928082,0.06834015876737035,0.069385809108386,0.07008044937877958,0.06790344429631388,0.0663423780211051,0.06733688954197138,0.06767712912328888,0.06675143516485037,0.0663525544085732,0.06700195930542804,0.06749993568249045,0.0689066232029533,0.07151214032860877,0.06936171645383861,0.0643312820289384,0.06418673653434209,0.06580463914207416,0.06427305302451856,0.06456869474467437,0.0667106295416146,0.0638969749625053,0.06410607422296409,0.066198928735085,0.06583073540853088,0.06640612763922052,0.06616683887066833,0.06306951324533157,0.06287771424408872,0.06386133356085458,0.0647961657765475,0.06739742209634234,0.0681487017236065,0.06868693700914257,0.06822040327790363,0.06540101343621466,0.06712860117393182,0.06533292921570526,0.06119094833904918,0.06596863338663461,0.0676738520825177,0.06493375273723352,0.06950739519194715,0.06909959053962016,0.06378240021585092,0.06499498943059323,0.06711899758020927,0.06727159271959753,0.06880574352558284,0.06938160980951258,0.06611155796957117,0.06542779729763962,0.06743709964420541,0.0658175531817079,0.06504573365174762,0.06762492877087334,0.0663471169096721
33_8_PETVI_1_M_1_00000,0.19775852290316343,0.22015293173448058,0.19059276665234332,0.13309863553063597,0.07376921429666286,0.10007868969293618,0.1656272414991247,0.21247582325559639,0.17313365755460117,0.13900562107984055,0.11020980863512717,0.07184277582533916,0.0863946186024842,0.0991235619786592,0.09218341899157534,0.12128301842955962,0.15306108106806807,0.1633934204717997,0.1280303311894716,0.14328410310890563,0.20425689519370335,0.2732941597127726,0.2278828186236768,0.15201725816839692,0.11420001731919609,0.18330579202885455,0.19828949790683154,0.14905010063436558,0.1604282568427854,0.18316006491458023,0.19449741264345055,0.1811919903916018,0.19369230039111765,0.19845907700619073,0.1761009203517102,0.1776072708470084,0.1642953317933407,0.13885813374869102,0.1564994243139939,0.1482004026137011,0.12869846479824995,0.14183062851394784,0.18691932699762095,0.1948068479067452,0.1325827901345782,0.1456317648066231,0.16082620713138726,0.15111048919405137,0.17840075211533446,0.18079969445759753,0.15443697109711835,0.12853205679257176,0.141780456029075,0.16787603947527774,0.17189757639395076,0.17688704771744873,0.1693445826595069,0.14986257669281872,0.16144311523001714,0.168372321123778,0.16294381938998656,0.15914043198593827,0.17315553390877986,0.18235906417398282,0.15687522564220518,0.15207404276734285,0.15613820682171883,0.15410297984592547,0.1581569779220083,0.16166254376293973,0.16186278738318455,0.16203620858176448,0.16461374626647085,0.16867919454800387,0.17109097073472368,0.1697078761854271,0.16507665759039325,0.15938887051678122,0.1581553065066187,0.15920479737922918,0.16110401561062238,0.1669187123668015,0.16723828941954577,0.16408346718731168,0.17228620093144376,0.17319320355767287,0.17004852364621004,0.17342433504982277,0.17439179857594816,0.17216871418261015,0.1683598963802584,0.16817363604520086,0.16917829100051915,0.1699107106546119,0.17133197035257092,0.17160294197889986,0.1700597446296843,0.16680054381536794,0.16559252011673706,0.16716555901193408,0.17068648217882712,0.17226599916062096,0.17320870990742854,0.17440228354761358,0.17347254865754233,0.17204188128049427,0.17125752462384777,0.17183298123374746,0.17342203750386526,0.1742001037972429,0.1716501498450693,0.1701897592673948,0.16935421127976089,0.16830696983493432,0.17063183023666706,0.17195865807601757,0.17048939590191053,0.17170270708295338,0.17028653027293872,0.16719790657660963,0.16944337311314006,0.16876347999162206,0.16793062366206726,0.1727404190541601,0.17418511616536644,0.17292299675959574,0.1714696845295151,0.1731907874452323,0.17392266384677338,0.1722005599019979,0.17162887614133687,0.16945633136494215,0.16738065976616154,0.1701466268298323,0.17207637720710794,0.1725926671591281,0.172528139109669,0.1716766002492582,0.17104217896396706,0.17126397395226056,0.17186481295173414,0.1714750555104474,0.17058311602363327,0.17263275313532375,0.17337607919503403,0.1720137313601798,0.16953876241368418,0.17135457061369108,0.17407926499914325,0.1735514335828945,0.17412463196995634,0.17510115989865077,0.1754284637532705,0.1735548750148166,0.17446090275041856,0.1778275477966862,0.17774928638891813,0.17688481047000187,0.17725021460576473,0.18051589908792978,0.1821422600035357,0.1832307104400446,0.18526465782485196,0.18650047775558895,0.18677473715402962,0.18679846053060878,0.18906392933580168,0.1913385073388174,0.19299116949589426,0.1945103613099416,0.19548462834006583,0.19650934046240384,0.19834576991987468,0.19962833878775918,0.20108533142217183,0.2033755717130216,0.2060738175753309,0.20768929202310393,0.20820113284750927,0.2103601216026259,0.21072985225935462,0.20999635364109084,0.21152283432122757,0.2125522762639671,0.21294946455058755,0.2133194149650283,0.21419262266630865,0.2150371690603613,0.21549249624973293,0.2160565572728717,0.21702681382976197,0.21788987335631288,0.21647959283134163,0.21711312073457933,0.21894919231454935,0.21842538786954618,0.21865371548924564,0.21915327090189266,0.21892932271568788,0.21924548158815324,0.21982100347532862,0.22014054925471865,0.21927873099265174,0.21875303450521935,0.2189072485262938,0.21875882733050242,0.21890363714784658,0.21912026262164422,0.21884536490965717,0.21811941300768228,0.21721541492547422,0.21638246314205398,0.2153235285058482,0.21469153102858346,0.21467995021600217,0.2144886321579339,0.21350106558328152,0.21179803626489022,0.21015544437474196,0.20916735728804373,0.20847957320248664,0.20739389307188738,0.20690469366780898,0.20665238666963598,0.20602136123633988,0.20417733582346234,0.20274928414814622,0.20243872062228493,0.20217331875610053,0.20152649200769263,0.20059766901870818,0.19996961922133022,0.19918609382742147,0.19855178639974708,0.19845553643823535,0.1977856571846475,0.19716505308738919,0.19703700957148657,0.19644204337084128,0.19554999832455217,0.19462822480681555,0.1941616708760418,0.1935654910323985,0.19276795903011532,0.19198573388720117,0.19181370907897935,0.19171900873149042,0.19107763322492713,0.19082578561814187,0.1906691602317952,0.19031758278372488,0.18973332160918235,0.1894519806246304,0.18955170828828083,0.18956771671081293,0.18916617950495687,0.1886023713451468,0.18845542977012544,0.18849903444659633,0.1884922798327041,0.18836327332858058,0.18904577626528737,0.1899924642870626,0.19075924209869496,0.19152681803993227,0.19119340058581186,0.1898779570052144,0.1889252631008119,0.1876844805298896,0.18611600404075962,0.184422256235422,0.18330926081076776,0.18242774872615156,0.18139558534399275,0.18028279738643463,0.17938477831151278,0.1788933481475393,0.17893123727879268,0.1788723401346179,0.17882276728735763,0.1793699999609142,0.17945207213489558,0.17955114510168987,0.18035404131106422,0.1805811829588747,0.1805009831163352,0.18055339884916766,0.18133131404785652,0.18136093343646606,0.18033083428392016,0.17916662285603588,0.17841736339427036,0.17816138272233648,0.1781312667686691,0.17707637464138584,0.1757585283804533,0.17502888374011924,0.17418808971487015,0.17343521906372794,0.17287518631124024,0.1723383617232669,0.17196102678342726,0.1718199947628702,0.1719697970040614,0.17129114474855617,0.17035004227609368,0.17013553183416896,0.16990872912338995,0.1697897111962234,0.1697851571781446,0.16920069519213482,0.16844826173431776,0.16790718442479202,0.16804380820695836,0.16789929105540827,0.16706426964106294,0.1654783131239518,0.1648716997190523,0.1650638532267077,0.16539180510034215,0.16527300539283715,0.1649427146111116,0.16458764800444703,0.1641565851631917,0.1637094392460552,0.16355903918706546,0.1642797519203248,0.1647832725945694,0.16498478092278293,0.16517892660897565,0.16591548457186894,0.16640332955008494,0.16629849921565293,0.16717661135866527,0.1680468737163551,0.16868399870157177,0.16987563501983496,0.1710835934256319,0.17241373352460437,0.17423758139853407,0.17642980471876896,0.1789824175243705,0.18191195789410117,0.1853521581701418,0.18896599656477914,0.19252667721073566,0.19592728175470495,0.20044692404347705,0.205647420715346,0.2098506260932231,0.2139081204600261,0.2183524611931838,0.22344977275463132,0.22799436415976226,0.23246782262165144,0.23715964864493572,0.24132739773093914,0.24591637196348812,0.2508695040651336,0.2550736033734974,0.2597170028079128,0.2642453522565232,0.2676853048953531,0.2719645651922497,0.27627083170538425,0.2798641339008664,0.2836556315416386,0.2875789545164334,0.2914496545379394,0.2949484431615543,0.29818908045278913,0.3015737475836401,0.30559652371369256,0.3088017716245773,0.3114573574513327,0.3141189507431779,0.3168608379611487,0.31946842635443046,0.3219178085215815,0.3245698939049996,0.3268866980169022,0.32891846635721084,0.3310409338869687,0.3329278879156043,0.33455655140438517,0.3360326895900049,0.33781516117836097,0.33940972406656644,0.3405749535331602,0.3417088857507801,0.3427867768632135,0.3437370567598827,0.34443857059835487,0.3454009251514341,0.34621041505973554,0.34642933912857937,0.34725705654565936,0.3480483451139261,0.34837022153508646,0.3485630018567239,0.34919634402894933,0.3499972246919544,0.34992524352427024,0.3502837194531594,0.35074204687498556,0.35068654326380555,0.3512925049468463,0.35179217899353454,0.3516947946097782,0.3516444568271325,0.3516585317239222,0.3516825301478598,0.3515657942901132,0.35178741470422126,0.35213160634851925,0.35223139154438193,0.35247112129463753,0.35276576728213227,0.35301681732322626,0.3532495608038688,0.35318676425800394,0.3529696026839408,0.35314753593899273,0.3531122566913959,0.3530349534383371,0.35322701603444123,0.3531166049395707,0.35302669823630717,0.3531843674813887,0.353371089838385,0.35358368059531803,0.3536751250685077,0.35336954662405634,0.3531100065436414,0.353021207099342,0.35309893990808544,0.3531734196702547,0.35337478710452114,0.3536451347285788,0.35334186711138393,0.3533915225541822,0.3537879727377098,0.3538249129886884,0.35371802673433206,0.3536507873919043,0.35374966330354446,0.3538078573617007,0.3535174330746361,0.3530113213583485,0.35340751459470776,0.353511397589211,0.35324929467094807,0.3532064763140183,0.3533467570720487,0.35369662152181175,0.3541395082577361,0.35397038381304136,0.3536385137633293,0.3534592958979804,0.35348422949863595,0.3537350070670374,0.353976025007907,0.353853796870069,0.35346536929311395,0.3532928751907458,0.3536139629844678,0.35389146467768434,0.353760831740163,0.3533869040267369,0.35357870857626644,0.3536374327526645,0.35353785870096105,0.3534532244181997,0.3532099023372397,0.3531149220428101,0.35327083950585686,0.3531344073560895,0.3532829000522571,0.35348989186689644,0.35294858877670393,0.35306631244737935,0.3535088661120538,0.35362191818081046,0.3534983298174488,0.3533689138151794,0.353385255066753,0.3535754143241958,0.3538823586034619,0.3540183144372076,0.3536640368905896,0.3536133410235442,0.3537375534208,0.35379565500629023,0.35363594636042206,0.3537121514242243,0.35404951979128396,0.3542600696988817,0.3536812035916242,0.3534512098272556,0.3545948149361414,0.3541351591451123,0.3536653506697163,0.35401060282034724,0.35406574966503757,0.35409636550764406,0.3540393955353852,0.3537867561066993,0.3542078878313505,0.35456374900793863,0.35436098491736395,0.3547283970328369,0.3548044129111229,0.3544688819261065,0.3542907466743726,0.3546726166894946,0.35521016195690064,0.35534157948383116,0.3551405321903392,0.35461074489421807,0.3541135008579251,0.35465024278438645,0.35530179616365226,0.3555524295594414,0.3552032517441503,0.35567325312982845,0.35580416721001124,0.3551072719119404,0.35569485282783536,0.3555409683494548,0.3547677646455234,0.35490207447757277,0.3551961118859009,0.35551616089045646,0.35579704713865146,0.35579309310966817,0.35607179003631156,0.35649001190476587,0.35612058058865004,0.3557598666099364,0.35557378626726105,0.3555160593754177,0.35539769231483026,0.3553408956953564,0.3555428055310357,0.3563985335231121,0.3561645221338016,0.355563411974218,0.3560637121149264,0.35612357293586966,0.35667007179627086,0.3576207000595001,0.35598634290270237,0.3549158449980565,0.3550155440187696,0.3555375710399695,0.3555410165782492,0.3554808012033468,0.3557050606882601,0.3555842304306532,0.35580598004783,0.35610341017387404,0.3556189152845523,0.3554424708777,0.3556332629755691,0.3559965809493581,0.3563511838101189,0.3557236338043019,0.3547229201617668,0.3552839108677592,0.3557729989784158,0.3559615833568609,0.355970403821197,0.35600783337991126,0.3559427014656589,0.35563714059648716,0.35497459364991646,0.35568797330731045,0.3564459232741535,0.35579704169947196,0.3554060226182701,0.3551756352191645,0.35508236890429007,0.35523075911775615,0.35539227565566717,0.35552109313258956,0.3555934836541114,0.3553890031266238,0.35541704869041624,0.3556177222414787,0.35525155352576976,0.3549901907728716,0.35488958040855334,0.3548953798791779,0.3552735869483667,0.35568210832324654,0.35579030737596334,0.3553125650460291,0.35435894738977725,0.3538578620029611,0.35453675512484856,0.35544700244058897,0.35550307075004217,0.3547176528403664,0.3542733720040792,0.3543624083034045,0.3542774372814426,0.3535986559089586,0.3541642069518628,0.3545942262352042,0.35402193366830664,0.35225063499157583,0.3524218965280336,0.35354895898466016,0.35400525252062814,0.3533782107045886,0.3534625733169328,0.35423700546344855,0.35424475366463526,0.3535688685746132,0.3532007209989982,0.35354889509100235,0.3527306443969208,0.35310302835034857,0.35401276431007767,0.35333584869338414,0.35445802331021775,0.3546777057754406,0.35294994281787345,0.35384961330373915,0.3537840626294722,0.3530822936046436,0.35347363778953844,0.35373189263872007,0.3546968029831042,0.3558027477023717,0.3539278887295847,0.3535566273686239,0.3543154991290552,0.35441700779975327,0.35371432376349016,0.3539215283261261,0.3546772378594267,0.3534104490939787,0.35288409167128476,0.35384131242298394,0.35550595943416885,0.35365952132591594,0.35309184739498584,0.35429236159541044,0.35474552702437856,0.35386003073699446,0.3325802957457007,0.33295381720530826,0.332851601476072,0.33350700206360706,0.33452364901172243,0.3358850046055899,0.33689473424002164,0.3378961501762315,0.33773234509340083,0.33655820951817916,0.335763219157595,0.3357909333328568,0.33642474693649593,0.33619102316534333,0.3359109176671616,0.33599736668673585,0.33642107256090187,0.3366844721767234,0.33841208322448496,0.3398746978176045,0.33987486471863737,0.3398982120700342,0.3391349298201609,0.33794294359433186,0.33703911085450355,0.33594444430203163,0.33519638951020003,0.3352288140386418,0.3362875792232545,0.33691779560555,0.3381263438390057,0.3386558287205081,0.3389014091992776,0.33829002344841236,0.33886146074185663,0.33869552170934686,0.3387058906824335,0.3390869519554019,0.33883103012917687,0.33923308456516105,0.3385521226011361,0.3374117733375996,0.33712800895845707,0.33615919664199445,0.33585832668133786,0.33664343146516473,0.339051931177625,0.3402471713122061,0.3405939439981646,0.3413261216631222,0.33995634588658846,0.33865611733960926,0.3389007012077034,0.3385841072039497,0.3391482995387435,0.3398523887793845,0.33984221574216533,0.3399548743698882,0.33970689778887003,0.33941499870424285,0.33905944052320935,0.33850516439872086,0.33792967968642923,0.3381474265181655,0.33895229068399896,0.3401185176496745,0.34084418276465855,0.3403295197517079,0.3399723470320404,0.3394925471836088,0.33893619297014865,0.3395844590660709,0.3394254197476327,0.33845703971982344,0.3381352556761404,0.3384190188120389,0.33914033561053003,0.3398983917085064,0.34013410803341654,0.3408114209358428,0.34049824189116396,0.33891076255657565,0.33887924476189357,0.33957842503419744,0.33992996374811896,0.34107800992375814,0.34166802156763953,0.34090407247531607,0.340650088921824,0.34071113807505043,0.3404316744215136,0.3402727088814173,0.34034959798388775,0.34025912714100776,0.33986150451309144,0.3403194418761343,0.34146701176874983,0.3415874266765542,0.3408925608797211,0.3405360047991319,0.3399459778475771,0.33945159151628074,0.340109750411634,0.34062470382069526,0.34013917323165527,0.34014880409506004,0.34015322179933355,0.3404467556925446,0.34091167969649666,0.34176712789453567,0.3420436306322301,0.3417338339149348,0.3416084005390248,0.3413378245883095,0.3405555601587224,0.34005743577747,0.34006465993565965,0.33974365357151326,0.3404765891143254,0.3417354969535798,0.3417493920608436,0.34067959321335056,0.3405803666602602,0.340052831701544,0.33972158029087773,0.33987618785987567,0.3401389943373896,0.34001353524444444,0.3405589511908582,0.3406463112592899,0.3402079161757909,0.3398372323942886,0.33862307068325503,0.3378313921639242,0.3381527430785194,0.3382949563345811,0.33853745221572734,0.3381346194165727,0.33702653940222904,0.3365637077414273,0.33599938131268753,0.33552547013712003,0.33550187646271046,0.3355701463850747,0.33504914791765644,0.3343324718811122,0.3340839253857331,0.3341238581987707,0.33391751340744963,0.3336236037390219,0.3329669070235427,0.33211145018088256,0.33198932632132694,0.3320013030298747,0.33167077091043046,0.33159409087593733,0.33121739732212935,0.32984390279733133,0.32960006908755196,0.33041449457857075,0.33036826623273924,0.33021727174631677,0.3302161277523607,0.3301444173848825,0.3297506235472247,0.3299229449254404,0.33049566780772066,0.3301207435633608,0.3292344869025933,0.32935027054150473,0.3296148544622072,0.3295474959487627,0.32979030930515413,0.3299717536400219,0.32950613679688634,0.32934732119108273,0.32988627514774826,0.3298735713381462,0.3293914986102332,0.32924997884179796,0.3293439561837064,0.32887412276576267,0.32890064901889227,0.3294416705093798,0.32958677128078073,0.3297830100738745,0.3296742030519814,0.32881804260034697,0.328673228116428,0.3287401341382358,0.3287612581504813,0.3292648788133921,0.3293375247900493,0.3288441336954798,0.32872981043033245,0.32878760188057266,0.3288032945225567,0.32890115051703567,0.3292059829598128,0.32919118037730016,0.32868708191471674,0.32873962861215406,0.32912517642263445,0.3291225452891589,0.32909548327056964,0.32928842383778933,0.32901235159640607,0.32901165539926147,0.32949053344940127,0.3296569124497192,0.32940347042586654,0.3294752215646283,0.3297749712640382,0.3299107215736455,0.3300223862976793,0.330214735376409,0.33053353437169497,0.33053308877724913,0.33005647721007597,0.330389950655272,0.33088566498267313,0.3306461827315478,0.33080178812457106,0.33127414000328603,0.3311994502276595,0.3311360214104149,0.33122599657651053,0.33147857089172883,0.33148501281514653,0.33136396857018247,0.3316108218975718,0.33195760396838453,0.33206959698760957,0.3324428833159763,0.33259019428887693,0.3321723882173266,0.3322449667429134,0.33286957198808925,0.3328958480272206,0.33270270084751447,0.33305422871486534,0.3329125697146599,0.33261416230137575,0.3327132675374172,0.3325971112881005,0.33270959872006906,0.33308756703066206,0.3331795918879663,0.33314828770661153,0.3333256655146916,0.3335923075572194,0.3335711073634115,0.33341894391077154,0.3335614193412064,0.3338215002331187,0.33372297536413265,0.3334026204940742,0.3335293139693906,0.3336520148970445,0.33366643608735613,0.3340208455733493,0.33457858463467577,0.33440260415161055,0.3339231606340323,0.33417019209343546,0.33449070160846667,0.33437555816830095,0.3340226159703451,0.33411735965821804,0.3341930569882108,0.33405200335887936,0.33407880002102514,0.33427273302066024,0.33432135578022615,0.33420802990503407,0.33446540344649056,0.3344751691217912,0.33372263591290413,0.33350020957778753,0.3338775854817722,0.3338777927661539,0.33362438527096544,0.3336060095450286,0.333986505473643,0.33405135024501253,0.3337403490242288,0.3337346221430724,0.3337442484998256,0.33342085436713076,0.3332565336247295,0.33354050866390544,0.33348630020356246,0.333061923238285,0.33281723186677714,0.33263698637955247,0.3325388773143212,0.33246915201757926,0.3323283967301953,0.33234769284346993,0.3321996653304772,0.33165885935212064,0.3314876702265851,0.331668338855803,0.3316004878885871,0.33151435343420266,0.3314720372593876,0.33128425617048834,0.3311159715704638,0.33112966766477087,0.330953061406638,0.33078198042533624,0.33045631571902984,0.3303088157725603,0.33032200647757676,0.3300570437205131,0.32964086132841003,0.32940953759016206,0.32911757253263746,0.3288253462586212,0.32884131058773236,0.32845194085525653,0.3275431030415651,0.32713474003031734,0.3270860322980919,0.3265893782473419,0.3257704598814108,0.3254304421747709,0.32526205479830345,0.32482525602881757,0.3246305821690312,0.32442188214927326,0.3241250041702761,0.32331124891291935,0.322584109821387,0.32236402559428917,0.32210616365360073,0.3218689061933267,0.3213444381176359,0.3209360419241279,0.3204633223659682,0.3195643451600704,0.31903625723830376,0.3189293361472712,0.31847777768708074,0.3176713306004034,0.3173127042166719,0.31728794749155464,0.3169132746537118,0.3164950813052912,0.316213621093335,0.31592024212041864,0.31539041427113795,0.31471200348208433,0.31436670807981665,0.31396797464655524,0.3135343353794647,0.3135291568948848,0.31333379385361687,0.31300723599816616,0.31237572889556015,0.3118381381365282,0.3113382478709933,0.31082156280815904,0.31020379314010665,0.3095695434041272,0.30911708346145034,0.3082717855716298,0.3069173485659438,0.30624381559629793,0.30600437271587516,0.30506337093258323,0.30399646549908815,0.30317898285891287,0.3020458874464345,0.30091295272235075,0.30025324349735305,0.2992022889840428,0.29767451426361996,0.2961764575212454,0.29479211059194615,0.29318311957292176,0.2912629213209577,0.28936584278993915,0.28741629712002736,0.28543060264333914,0.28349885445195144,0.2813233284831151,0.2789497359813569,0.27660217299270484,0.27422520378992876,0.2715118773352092,0.2690408491924772,0.26669595294551907,0.2641671724228501,0.26146886957338733,0.2590435902420262,0.2567312706805247,0.2542178899290144,0.25165890082463865,0.24936022802315763,0.2469969863051814,0.24471976364191658,0.24273987647435877,0.24069443858987077,0.2384327768646922,0.2364708044676232,0.2347314412099513,0.23307230677148177,0.231620093188224,0.23004876401715105,0.22843171031702625,0.2270333284517055,0.22570579559978782,0.2243702841547827,0.22311802965991767,0.2220477600727978,0.22110673341424852,0.22005741113426658,0.218931776488351,0.21816146251947705,0.21765882562483688,0.2169127124594865,0.21637003482406314,0.21574202776538406,0.21516113133835146,0.21428339407891103,0.2136393726361269,0.21323585024249359,0.21278505221130953,0.21219537505008723,0.21181849848599493,0.21175370567047383,0.21139885006062137,0.21085319511290657,0.21056709021299766,0.21036845389794032,0.21007608190167912,0.20989317211412303,0.2096499460620903,0.20917730847739804,0.20897894563424008,0.20907307045376244,0.20891642705084598,0.2085698727904889,0.20854319720167172,0.20874470597218336,0.20863415396632343,0.20845697066508823,0.20849230178230996,0.20840726946314972,0.2083208368123836,0.2084519328149171,0.2086274303462002,0.20881014836874567,0.20879023442485994,0.20867383957828586,0.20879651790649156,0.20888623985404392,0.20889130166155845,0.20908885434625005,0.20931443284928913,0.2094375417771439,0.2094286025486639,0.20959292157301246,0.2099436740959201,0.21030269199949153,0.21070861881079994,0.21090697739887349,0.21106645152769377,0.21144628352989056,0.21172247265813543,0.2120777750149489,0.21273727623028477,0.21322650129079412,0.21351394341078514,0.21392722195669753,0.2145032706567654,0.21496484060174492,0.21531427652654134,0.21573227755632252,0.2161562973037221,0.21665809338787267,0.2171417982729191,0.2177479253240554,0.21858649803269856,0.21919831625610145,0.21975874856274286,0.2203129280342576,0.22067833711765608,0.22122395937318604,0.2219255490902196,0.22252741727380662,0.22310336050657054,0.22374221559744295,0.22441893681954128,0.2250201861138509,0.22564155399670965,0.2262468615614705,0.22671497632848622,0.2272916892446073,0.22797295229156506,0.22861953168059415,0.2293378449262794,0.22995280431826484,0.2304133332330851,0.23101911904780925,0.23171024624966247,0.23230836327537338,0.23294942891938042,0.23358210161229895,0.23394466240055997,0.23458773558418883,0.2358307267763091,0.23648996699277558,0.23693351282435726,0.23715877174297956,0.2378546667599754,0.23838463725552717,0.23889667141616602,0.23985501648857727,0.24048418869625923,0.2406321081269085,0.24109330397682435,0.24183542043209788,0.24245049665647855,0.24290117862091193,0.24346075547330306,0.24422506635778427,0.2447793829538734,0.24510216444390628,0.24569611068786,0.2465261137062959,0.24695596293364427,0.2471763749930065,0.2477353531164445,0.2482647194443439,0.24868877763009184,0.24932715716052817,0.24991566330842943,0.2502210212964957,0.25069876855323586,0.251517371386054,0.2520446196761246,0.2523142430949387,0.2527285945043409,0.25312026639707785,0.25363292596562975,0.2543065087364599,0.254759611028517,0.2551371071339542,0.25562470614048055,0.25602581617453396,0.25644873922110606,0.2570202827755294,0.2575177883073453,0.25788717741892786,0.2583209218722461,0.2588392766125417,0.259312107856339,0.25974426655687494,0.26017950175852683,0.26069151057231404,0.2610503657474982,0.2611736663457876,0.26157267088582503,0.2621270152252588,0.2625151637602993,0.2630031382294839,0.2634087464461729,0.2635062876120117,0.2638632298734844,0.26448388428838054,0.26492691664957024,0.2653967512137015,0.2657771421465059,0.2659123145579568,0.26626718802715366,0.2668148749025628,0.267174810274663,0.26744119121028537,0.2678734533093923,0.2684040202560954,0.2687004800373115,0.26889490604533545,0.26929520024081965,0.2695452758796425,0.2699069070385525,0.2707499259668792,0.27123353212799944,0.27133322195824605,0.2716654367518618,0.2719051217889338,0.2723414498395721,0.2732299982005231,0.27371930214931806,0.27398673299983634,0.2743996172759042,0.27461477159171954,0.2749330458085985,0.2756496304542544,0.2759946191209758,0.2758952485887085,0.2761289153853878,0.27632601792202705,0.2766336872086533,0.2773811647466466,0.27786422973576974,0.2781535507327939,0.2784986563398719,0.2787585438504552,0.2790503373940034,0.2794329577478255,0.27974595578340855,0.2799882549762813,0.2802497290758229,0.2804151460979415,0.2807280944476625,0.2812631518322937,0.28157728780268204,0.281772661834763,0.28209072419044,0.28230749745258327,0.28258667211706956,0.28314365550523524,0.28347792896881796,0.28357616317737566,0.28383278010547125,0.2840285092167156,0.2842923457626462,0.28491534376536004,0.28517562455278533,0.2849047455491456,0.28518283355112756,0.2859306291411749,0.28608954063242226,0.2860289839647919,0.28636157819540753,0.28651769765804647,0.28657183050301044,0.28698614311184534,0.2874012162497807,0.28757970886542955,0.2876802170160488,0.2879852894425076,0.28823517539885296,0.2881207147807529,0.2881651300434658,0.2884185259939028,0.2886488623134279,0.2889088742780249,0.2890904995791297,0.2893068129467409,0.2894382534839015,0.2893775581671413,0.28945920824201943,0.28964487542057926,0.2897326936329006,0.2897683360856082,0.28988734977489705,0.2900197471889891,0.2901247626692852,0.29029565684674047,0.29041699666453347,0.29046726313499877,0.29056265613770926,0.2907397056209028,0.29076781342394437,0.2906721498467484,0.29063250519652517,0.29050485751574967,0.29049711497293856,0.29064191192142474,0.29068762360319506,0.2907242065763722,0.2906693129965504,0.2905508641694046,0.2904717046667443,0.2902309445583933,0.29023261084091917,0.2904540958822941,0.2904810317021989,0.2907051566060006,0.2906425131355871,0.28997510157690326,0.2899711169961742,0.29052889317796926,0.29038822733205844,0.29002262614475105,0.29009112859737823,0.2899777769214204,0.2897431819106854,0.28997135343400293,0.2899956433311242,0.28939630938807864,0.2891972724241181,0.2896518386863045,0.2894415319164562,0.28861055159652343,0.28843188536693976,0.288457611647938,0.2882730987106334,0.28822998027806224,0.2882133757980278,0.28802462150128516,0.28785494856072535,0.2879715656448841,0.2879907336798839,0.2876762211838205,0.2876274134874464,0.28804085921097045,0.28771410004083925,0.28682203086207125,0.2868041671414931,0.2869182537642965,0.2867209143882319,0.286989982668392,0.28662740200664844,0.28609656708614684,0.2860467565662439,0.28614189174027993,0.28580288405682647,0.285486472246562,0.2856208091472387,0.28571981760481063,0.2857250704835082,0.2854877219903607,0.284530634262367,0.28388102475861665,0.28423781515501373,0.2842492253374076,0.283675926656491,0.283561817386238,0.28343560213859187,0.2831894891468073,0.28371564566621144,0.2837530580206699,0.2828743494450255,0.2827620754697261,0.28266931263100425,0.28257269393486023,0.28264839853095636,0.28235857899407346,0.2818382288666979,0.28174817759248677,0.28171481388634256,0.28134482799506416,0.28109151224517065,0.28091953912941914,0.2804049159167949,0.28002430930954525,0.2800835057256149,0.27980307673565175,0.27897113679028557,0.2788147026564068,0.27914982675409167,0.2789393836531876,0.2786643723989487,0.27853418803169644,0.2781585641192804,0.27802991088600787,0.2783687401535153,0.27813820552513463,0.2776277140223553,0.2769013091767758,0.2762470694463041,0.2768654381758611,0.27706844327249586,0.27645522499502534,0.2764293862024813,0.2757252358176874,0.27502135533221134,0.2758351498548207,0.2764871150918515,0.2760677115280104,0.2754806309468423,0.2750836112179835,0.27484759233806333,0.27490976736466305,0.2751550316972537,0.27517240024537987,0.2746374767145443,0.2743975996604821,0.27459482132266605,0.2740173440118134,0.2737697943825765,0.27434900232919557,0.27439131961653435,0.27454401924586647,0.2745956872916579,0.27405811462831814,0.2741507522097496,0.2749130159406008,0.27505219789784335,0.27496185319254046,0.27501973667361423,0.2746709765883439,0.27469150832376615,0.2755358467808611,0.2755190254954497,0.27481781444690107,0.2739600609591001,0.2727372614718729,0.2721430203134768,0.2714498386733583,0.2717151312039594,0.2727133209686542,0.27331182466836423,0.2739282035911659,0.2758030251428945,0.2758123939085346,0.2734179554632686,0.27345780145426,0.27417738219655613,0.2749683759434959,0.2757124293026656,0.2764202127571698,0.2743670204001645,0.27213031418834843,0.2722207611451059,0.27457904072743583,0.2749143924045949,0.2762594208089281,0.276187828776824,0.2741121692451796,0.2735618831487275,0.274297566689042,0.27507933488274816,0.27531295197689504,0.2753725317246328,0.27532407654285146,0.27442923843433187,0.2747377993474978,0.275950672706699,0.27729236528767054,0.2771910033079668,0.2761769711330864,0.27609640468878544,0.2758182065626636,0.2757683453813137,0.27760698210858925,0.2774795269760446,0.2761402715632369,0.27480081183478233,0.27321404950737804,0.27215350025779467,0.2732030074182073,0.2737004931536686,0.2730993949912681,0.2725798997727759,0.2719805635885124,0.27051586329893745,0.26927159711833853,0.26971631191844736,0.2697310407273904,0.26820628194745444,0.26708264589513786,0.2656748430023626,0.2639892785285165,0.26381646361545735,0.26339914486739485,0.2624361740328795,0.26093868611854704,0.25955386007712744,0.25785523978553876,0.25618977373093005,0.25412840233777295,0.2521493975895244,0.2505584881732703,0.24882146931629273,0.2466518006404794,0.24460277806078745,0.2426206213569424,0.2410410250465483,0.23853316641844002,0.2353969227893683,0.23312955897926152,0.23030504784860825,0.22731707041622476,0.2254502491541975,0.223092529546123,0.22041855184159392,0.2177435779313036,0.21488495863785648,0.2121169567954584,0.21002985910813649,0.2077368191970721,0.2053410730525057,0.20291347478306304,0.20003566544861154,0.19659584799527882,0.19420228401483894,0.19295943985069033,0.19107669634615937,0.1890758610598631,0.18784634529570532,0.186484055929769,0.1844790787508911,0.18374533254831307,0.18327028030963305,0.1819962716848974,0.1797603738968904,0.17834018172074534,0.177223980222231,0.1759136854166896,0.17450500849172995,0.17373027277570074,0.1738626355332046,0.17338746233325494,0.17240382934280812,0.17227992648355847,0.17217631405262446,0.1705667246809924,0.16966136809107413,0.16970463265728775,0.16977346140935629,0.16985083761200148,0.1692892337555999,0.16894763835952,0.16853533600319276,0.16832279442937284,0.1682680446208808,0.16800505573192603,0.16837262163762376,0.1685939679103331,0.16813597316048315,0.167889427756238,0.16838038145107492,0.16813906747809548,0.16770414569905132,0.16763307913809475,0.16712545924232905,0.16695801414240277,0.16722203300872357,0.1676244608954449,0.1675478485850908,0.16762986914981723,0.16796240042254854,0.168054037112116,0.16792103761306512,0.16771478428056608,0.16876180011200387,0.16986753485676756,0.16905748434575196,0.16864811600856766,0.16964376201888465,0.1699227509419138,0.16939350539270545,0.16954705021732283,0.17095625416884996,0.17128102729015507,0.1701697575739487,0.1706617978033836,0.17237595280358506,0.17302468750979622,0.17298937728081998,0.17356044886082253,0.17335086338163175,0.17289178757035534,0.1730685355436357,0.17421013927907186,0.17471463210563604,0.17539332771804925,0.17546267411100847,0.17464399473687534,0.1748528611924092,0.17556030099781236,0.1756802754740924,0.17573522400124586,0.17649287955516976,0.17716808624382735,0.17723852377170493,0.1777761219882187,0.17916267576083367,0.18007185440394052,0.18109697756165868,0.1816088700006656,0.1815592838827521,0.1820950657078449,0.1825841222792665,0.1817955293728656,0.18178968810220988,0.1825075035499307,0.18296485118415254,0.18347684276713572,0.18367902498910169,0.18355994814263074,0.18404344361351818,0.18474154653628638,0.18512345778226372,0.18576193019436663,0.1867540447000846,0.18664073134157555,0.18644158872411412,0.18684399734618268,0.18639135777175478,0.18695059926417876,0.18798813469980916,0.18875752428299788,0.19049520372989825,0.1911261084383227,0.19042127249626986,0.19055810007757998,0.1904022149734776,0.1909490612499294,0.19266881935844737,0.19425887698585273,0.19432276498196432,0.19347782572053226,0.193842008085195,0.19367822365476922,0.19380855341241005,0.1954756482831235,0.1960701290864953,0.19544846440912228,0.1953372900362695,0.1950386525340613,0.19537399202462338,0.19608832525086806,0.19693403551625965,0.19727870524853824,0.19808329627627524,0.19861477687921067,0.1985702234427566,0.19880197237912597,0.1991504762201508,0.19963798251857703,0.20019343959788413,0.20046647305481383,0.20073021639135355,0.2015271401466761,0.20322802572011547,0.20291951239232756,0.20302916159359008,0.20410586021459026,0.2046557759123585,0.2049126451999027,0.2046602726827319,0.2038138421183458,0.20402331044101485,0.2040351733185516,0.2043443307958179,0.20620767818414396,0.20707023205484942,0.20659248549503373,0.20701824919901213,0.20810483636630442,0.2091484537902304,0.20917474921670198,0.2089323950270369,0.20928336278732224,0.2095158222412588,0.20921226642532087,0.20889005901815516,0.20926686540316855,0.2095881223144677,0.20936873589307217,0.20939207626509015,0.20990655563002938,0.21019542488199836,0.21002736903915856,0.2104362826479805,0.21043892676545822,0.21101767691745,0.2111959616152374,0.21121207393517724,0.2120473331970845,0.21225994147885055,0.21088649979861523,0.210909731315779,0.21256215743728546,0.2127566616507927,0.21173842891914366,0.21207066837054572,0.2128544058155057,0.21311989384747548,0.21355191418161526,0.2150698398098357,0.21547896927149077,0.21475597252011863,0.2147362469390741,0.21484806674297066,0.2151443826355309,0.21566728211050623,0.21589467068655127,0.21598385611426515,0.21644478375700513,0.21741410773242395,0.2173250728919992,0.2163927249150905,0.21671793099075215,0.21707957363740013,0.21706001561805335,0.21777364228089688,0.21878838075266568,0.2192121229570137,0.2188176337975513,0.21855698347064753,0.21795076342427755,0.21848896843224921,0.21980412726363582,0.21963333257231457,0.21917726160547074,0.21965004673474453,0.21943865880174526,0.2192858398362746,0.22056195816780985,0.2212289554400115,0.2208303195041857,0.22038489730973324,0.22156503667922303,0.22212669512139974,0.2220299955215747,0.22111704832648021,0.22133252680184626,0.2215033178971137,0.2216264021843836,0.22220957064772323,0.22297201299437605,0.22370021236991636,0.22421270551631867,0.22525066255962164,0.2260520590377445,0.2263150172200165,0.2265103219460462,0.2270143149410939,0.22726564374082145,0.22674378028808342,0.2267081380619821,0.226609642071759,0.22643677271640086,0.226722172775601,0.2275899509301306,0.2275583116925126,0.22710251593265637,0.22746657705481924,0.22775265197534827,0.22795053321267641,0.2292435801415425,0.22946687219018405,0.22757908241541555,0.22786894831919807,0.2302522108826341,0.23075921449691303,0.23083734054936134,0.23151749293286683,0.23200668804505095,0.23243818690684726,0.2317648272349059,0.23102628976738454,0.23164431552248535,0.23146673895519954,0.23168125447300122,0.23458508476692008,0.23522326796246712,0.2332669035113416,0.23283754468126083,0.23328705824729415,0.23317055410763265,0.23320909602286985,0.23264113113798085,0.2296165269192563,0.22995032020739206,0.23347981035434395,0.23456390969772983,0.23639761261166262,0.23823790733201358,0.2388305691336562,0.2367890595029801,0.23569218414327595,0.2348800773186111,0.23451269884702916,0.23289911149199094,0.23303185900565043,0.23557437556922686,0.23635786008674498,0.23656026983191214,0.23698350957633937,0.23721980577447768,0.23731350755326677,0.2378741957482849,0.23765364494060562,0.23575795075556566,0.23526998395548662,0.23550360224791175,0.23543847685115063,0.2354843483471855,0.23690403953091888,0.23712976847304879,0.23683002673817782,0.23591836061242855,0.23417778054693617,0.23377357691558417,0.23289721379327472,0.2330745230071286,0.23552106821217939,0.23572560091439115,0.2346364890191535,0.2346815205641503,0.23436529882013604,0.2343398165496377,0.23584143549219352,0.23585039424389215,0.23406496529293588,0.23368559101285896,0.2342191912041265,0.23353480210375693,0.231801280683426,0.23200711874426974,0.23352660207500966,0.23325279788523196,0.23370113787587876,0.23382846574852167,0.23395696550488462,0.23234365198651552,0.23208892364213693,0.23325773575315648,0.23364657531764726,0.23349081318539497,0.2331812753844178,0.232713750086488,0.23296320426011694,0.23321358756868332,0.23318246862922565,0.23463285033169318,0.23444649340604634,0.2316014300952024,0.23100764198365373,0.231740810812418,0.23126515051001714,0.2313209545394654,0.2310635650621322,0.22975398453834214,0.22845285381148492,0.22658106274998832,0.22588719338380991,0.22658678117207312,0.2258674442309031,0.22778233095262274,0.23072544192368466,0.23043992568342636,0.2281393583586374,0.22771130964410768,0.22595361547746298,0.22584519974864034,0.22832966553037526,0.22831990594190077,0.22742018142074724,0.22622762658523232,0.22289426140734808,0.22254412204656693,0.22497531473979107,0.22384956739169581,0.22099929709665098,0.22092631728620143,0.2203424773639397,0.2194049256990339,0.22156117601402942,0.2222821904293935,0.220332758052766,0.2188999789019324,0.21745043491265495,0.21731415086117054,0.21784196856734261,0.217892786612113,0.21692075906566505,0.2175026138464433,0.22061118227419163,0.22001328881542873,0.21744971778260921,0.2183934869570341,0.21773630628333465,0.21628101800669597,0.21599185804284698,0.21890413201701892,0.2201873512927112,0.22043489753138615,0.21966883542838184,0.21925611912742599,0.2191123551922519,0.21664315498671105,0.21578293955785616,0.2177565887208696,0.2178769258620958,0.21671565384135152,0.21536964426882052,0.21308301163351645,0.21232451298946345,0.2118770048185797,0.21122994648984736,0.21159126598330766,0.2119904029052007,0.21249901052687506,0.2120219732398816,0.21115803090288596,0.21086878872653111,0.2090257869792228,0.20873274516643725,0.21141996474228997,0.21228853587404298,0.2130922934519253,0.21254901590300143,0.20948036638347384,0.2078879919204806,0.20912135965223422,0.2084241696301761,0.20664459571728863,0.20740954614380477,0.2073865849866068,0.206478884338191,0.20720042643679362,0.20907260036243785,0.21240429459804125,0.2125813688550437,0.20901038211676082,0.20644353373698057,0.20637286826891327,0.20527240686250234,0.2045269836429174,0.20752331612513517,0.20875617574281616,0.20705321194158122,0.20639679282909942,0.20930137228420315,0.20853876948351915,0.2016043520996411,0.20182718790535115,0.20758641871557068,0.20710178536435858,0.2061061987529018,0.20604345859192713,0.20195065100287032,0.1998789087096212,0.20039340835998176,0.20164534755804436,0.20312420298883183,0.2032834082484938,0.205688008193376,0.20603464663033777,0.20221933264168782,0.20119977225406738,0.2023091868379008,0.20208189831924428,0.20034926458745572,0.20088052656440736,0.20378120126418206,0.20440296019144202,0.20550222035532098,0.20572880685351458,0.203142168632329,0.20146317219508178,0.19929803558481674,0.19963017917149856,0.20283701659569614,0.20264250806475953,0.19971246794774467,0.20124193179770525,0.20230597944867,0.19907941160840137,0.20022039236173272,0.20424439669129896,0.20471687666250288,0.20424470957823845,0.20515408662153792,0.20508970330929985,0.20274983907703326,0.20204185381175255,0.2033330525149516,0.203575562129804,0.20050665983073607,0.19930759777448157,0.2022381145813299,0.2010178187857153,0.19911836000089847,0.19997747406423066,0.19863092852264339,0.19832723863590337,0.20259301933868,0.20600041832560068,0.20577032267090267,0.20452986984279659,0.20190693471549662,0.19904682486415792,0.19993072091417888,0.2009099074380492,0.197333506947034,0.19610237860528945,0.19770655297296272,0.1970720002945488,0.19716026211909984,0.19852359783366655,0.19710057900858133,0.19467348106493435,0.1984385002760508,0.20015617211156694,0.19437278726552232,0.18986816303378812,0.18717689916028413,0.1872420157202632,0.19208100070628661,0.19484700585651016,0.19248521191961926,0.1898458633152366,0.18942685161923956,0.18845400312956437,0.18650785266569986,0.1890546334449987,0.18990057314092532,0.19014914541699166,0.19625385330679698,0.19715663258335053,0.19395002501700634,0.192616171932783,0.18887487280917592,0.18241855844775026,0.1819465908900084,0.18870294959139797,0.19344072385213631,0.1946380239776218,0.19001112414234286,0.1824430304788078,0.1834262900622122,0.19171274482019315,0.1952568144705599,0.1959238343376877,0.19434948886019376,0.18906630440632463,0.1886761147713761,0.18524245140682113,0.1817474977653237,0.18455903960129244,0.18441660998547962,0.1842919716287978,0.18401010758775202,0.17885656109905018,0.17901318402601968,0.18811042730910846,0.19365628577351415,0.19373051666623542,0.18828868325339188,0.18443962961147287,0.18341643756944867,0.1773944591046978,0.17679860773305567,0.17541414668581373,0.17857012607173442,0.18707017158187417,0.18300154515313077,0.1807780909805992,0.18227782163372297,0.1825698486953345,0.18354361276513084,0.18457285234166929,0.1900600430751344,0.18439435805828883,0.1717024478448776,0.1812201581685928,0.1902357450205117,0.1817516780866875,0.18003286480999542,0.17939112908432503,0.17279176396111445,0.16864108109093837,0.17040675289579377,0.16859569579128486,0.14320983930742018,0.14410174414710497,0.1719686974250896,0.17773959006449053,0.1808812531549179,0.1818214733998137,0.17121077172227694,0.16750852304816252,0.16841865603806627,0.17280497062675337,0.1757417948585149,0.17653663736893732,0.18420972211180053,0.18307241482672698,0.17410238647481904,0.18648120691152237,0.18703924261868238,0.18681961934907498,0.1876653853405839,0.17722326261974317,0.16026706335782182,0.16753453650682418,0.18263720692231752,0.1815993093539556,0.17702496139330887,0.16710523816533787,0.15595647649572372,0.13722868036750788,0.13797723825406952,0.1674681661494941,0.16334486379960445,0.15661393898377265,0.17768657931687679,0.18878188394874004,0.18926530474160486,0.1899963450534948
33_8_PETVI_1_T_2_00000,0.07860163275089119,0.12737590922463526,0.21848575362950834,0.19271234336255313,0.07089213635273289,0.1704943539136204,0.17291785103437923,0.12780011277516035,0.20871361973600164,0.2379739859927369,0.23053675089143333,0.22523578173642295,0.17470567227630612,0.13466640249838768,0.1338913080509571,0.1678474742289709,0.17928844592888657,0.17607951926282597,0.20673691973191793,0.18480355669819593,0.16596109554544075,0.21156339783815445,0.21749778209021473,0.20101803808774246,0.1798699533586083,0.14473690866114172,0.16839005439493782,0.22263923860110127,0.18569046736018274,0.1877118904754939,0.20830248300336976,0.1913503453308896,0.171144593522929,0.1872592528668856,0.23633489951522066,0.19240932651127077,0.16649168401796244,0.19289983344427847,0.21711651061681697,0.18937146933052315,0.1460406600582749,0.1523778538992989,0.17048089422312576,0.181281564390077,0.17692632994875954,0.18406415421348266,0.18423954144644478,0.17598816342909715,0.19303460027957464,0.18702238836573473,0.16309522806914004,0.15783121810252848,0.1775924395117848,0.19498152118995093,0.18373775740068668,0.1742762246974428,0.16529955466464774,0.15954472661414912,0.18039185107071168,0.18107395227517228,0.16348879520270074,0.17264546060909114,0.18181694770212667,0.18124915284810586,0.16850747667009133,0.1660825160254549,0.17160530899973706,0.17867535212505797,0.18537031598011358,0.18127122086115952,0.16946892604631003,0.17565974610148574,0.17711912994070741,0.17289368621828613,0.1728210158082545,0.17300842562371166,0.17452072999491397,0.17832780370704815,0.17889729029583176,0.18087558936263481,0.18546034645459114,0.18276328280397783,0.18362288787976624,0.18834907058343153,0.18623484396398524,0.18659937598715387,0.1869001348424029,0.18118381435483102,0.18025640926891923,0.1818969815957615,0.1825495341361289,0.18277287052667363,0.1851846263330542,0.18922950321809046,0.18796511288137002,0.1882902408196928,0.18963887024716536,0.1863936979417788,0.1864495708145073,0.18893267709014325,0.1904766075916008,0.1899527498825289,0.1901123382798734,0.1918854603903724,0.18872270351608034,0.18784569669878165,0.1904951366917552,0.18986185372153502,0.1881721226246533,0.18728799979600305,0.18923843224991999,0.19161552676676297,0.19305480921996096,0.19283612582764864,0.1922545848804228,0.19220747646153089,0.19274702594078472,0.1921348175901964,0.1911504672150236,0.1904212333019832,0.19045244822055002,0.1941238559506133,0.19731616623321355,0.1939839033319023,0.19075543356785662,0.19008792817688483,0.19216388746815988,0.19124505280467435,0.1905442560839533,0.19109739169897214,0.18942968116596287,0.18897665622070073,0.18940833996185852,0.1879274912035109,0.1904656053993378,0.19286170780164333,0.18969162642569626,0.19016878711835908,0.19102520409037785,0.18973062006627137,0.1902849566931341,0.1916050976126272,0.19246186786473915,0.19085095405099411,0.19150679191936876,0.19317505349497907,0.191702804683712,0.19307277377487136,0.1959721622092993,0.197573221084031,0.196310932098438,0.1966209664812519,0.20005132562534123,0.20025167970050745,0.20058872407633188,0.20195611172113406,0.20296473240637639,0.20368621036885312,0.2048810917097637,0.20758791675497962,0.21126302264374705,0.21394516387148338,0.21457677256385596,0.21684164789182206,0.219947223481173,0.22311745594946855,0.226082764025826,0.22851783397371597,0.23103019498040797,0.23511343540910723,0.2388165896454188,0.24154538598140782,0.24337836693750572,0.24649386977677495,0.2500570866837558,0.25293428146287616,0.254518909013545,0.25685316334838576,0.26043624512593244,0.2632018918667098,0.2661729619744394,0.2687018910741911,0.26912487374716343,0.27008950157007894,0.27189130596476446,0.2739761749524177,0.2746950329078936,0.2757331264173017,0.2780400437242349,0.2792972086270552,0.2792119769736281,0.27851154463438826,0.2795515924528746,0.28060402675855717,0.28126729645098636,0.28171185606381405,0.28231303611525854,0.2832728850625992,0.2844519623829096,0.28399351683451984,0.28332412094958004,0.2834706310203508,0.2838175624771872,0.2835057194353463,0.28275561044312914,0.2831791088479421,0.2834162573837153,0.28291390735503474,0.2814733795385756,0.28013684384311566,0.27885771989818514,0.2775162377581296,0.277115549616274,0.2762043465757817,0.2741225316085652,0.2721803129340121,0.2704874354481522,0.26891334968797354,0.26700612647385,0.2655621952336575,0.26397627573217214,0.26130340469341035,0.2598631390951029,0.25874773126761125,0.25681726567117297,0.2543211192855863,0.2522013589392948,0.2508564000461234,0.24969366930335113,0.24849131026875254,0.24710554114030286,0.24545586541723383,0.2443378257486035,0.24355895029450902,0.24261948842703554,0.24168117904619327,0.2406871241167568,0.2396201886107679,0.23869102548117704,0.23756566090839507,0.23638664616984165,0.23625034460357586,0.2353775873264545,0.23411987353505093,0.2340468085994869,0.23395893076603066,0.23354762799068843,0.23287279220432322,0.23300812054319625,0.23289846278904128,0.23190151044614654,0.23094147665533515,0.2303263417228462,0.2297622526470973,0.22802483750504576,0.2268306424233164,0.22590911697003666,0.22414250047551093,0.22348714368774247,0.22309032905445447,0.22210005412271241,0.22333563478908325,0.22472148371247866,0.225008228177083,0.22582828637404864,0.2256253728531375,0.22424867662843131,0.2228635284818222,0.22105577971000165,0.21893284976035596,0.21679452290865506,0.21518311212245061,0.2137135948889686,0.2121575851205857,0.2114052941443226,0.21082454021666178,0.2101567952491116,0.20986878871189915,0.20919673027824226,0.20868039828065638,0.20973275175934053,0.21028139522851488,0.2103916841730782,0.21072130356518792,0.2115130597985429,0.2120856489395819,0.21203064510160222,0.21204213396021399,0.21109690182535365,0.20943659876616166,0.208841394344957,0.20828063744862635,0.20738183927624781,0.20599795907766838,0.20435930140747546,0.2026488634093906,0.20102645849540582,0.19951599081496355,0.19865555814916355,0.19824494671983658,0.19636315514389707,0.19527833695524627,0.195155850459446,0.1945889303863531,0.19384402904830678,0.19301944835088164,0.19218036067138453,0.19105280887050843,0.19004780791845635,0.1893400780608162,0.18809424670555738,0.18687061826326706,0.18585953041013595,0.18472717023506885,0.18391051538778777,0.1831728563670156,0.1819762628612982,0.18097506016795165,0.1802511214576133,0.1797694081412491,0.17960160818546897,0.1794619160230664,0.17920207855535933,0.17899099718840678,0.1786883719205796,0.17856338102966493,0.1792682208411669,0.1793427961254967,0.17916437202628357,0.17957630600655916,0.17974363013740083,0.1799918765809083,0.18078238437882566,0.1827613212313211,0.18419666913536642,0.18488871388125538,0.18659434165002367,0.18917953678129099,0.19232908215183522,0.19556920144683507,0.19962421187835466,0.2042423274235969,0.2091665035960672,0.21508750709573232,0.22152347003237954,0.2283196965555734,0.23626735008412605,0.2440447402897705,0.251551530601485,0.2595346993416957,0.2681668721394407,0.2770517046674453,0.28568285055781445,0.29417737958119106,0.3026480998130184,0.3112143021477412,0.32001798318882896,0.3287073478046847,0.33721955368136974,0.3457850934049846,0.3537829621061311,0.36162481039825467,0.37000378644615534,0.37832223630853384,0.3864143821073493,0.3941787669224577,0.4014977213119357,0.4090944900153328,0.41700933342208685,0.42443752004347823,0.4311860782543366,0.43771424739418957,0.4448217505244014,0.4512351857875827,0.45724213998194835,0.4633126768367648,0.46911235389558936,0.47468312454350103,0.4799687708065586,0.484602605230255,0.48900671059345047,0.49341258257937903,0.4979166767373588,0.5019262532141451,0.505398293560395,0.5085037264886434,0.5118293113314206,0.5148014901743884,0.5171965823922022,0.5197538049711423,0.5216817097073482,0.5233320410922826,0.5259018191089635,0.5281850375403556,0.5297331945232191,0.5305437054945802,0.5320250311373452,0.5335377596159846,0.5345136822984727,0.5348083989044335,0.5357678010767525,0.5372630829877058,0.5378836247904691,0.5387184742685155,0.5393917419712797,0.5393778720123731,0.5403010589874946,0.5411114644920143,0.5410790505794951,0.5408299750965367,0.5410058509895845,0.5415083441708284,0.5415189342121467,0.5418262055303171,0.5421544546911921,0.5420692983763016,0.5425894157067658,0.5431935091039289,0.543427329093103,0.5433782913891341,0.5433857033687305,0.543498811627743,0.5434959423409662,0.5435340937718323,0.5436019275885519,0.5436779364352194,0.5440805911979467,0.5443893110981621,0.5443220725560823,0.5440664312242933,0.5439085563477547,0.5439371406063273,0.5440644900868671,0.5439597942186959,0.5439865087104613,0.5445119592692506,0.5443833272266411,0.5441878697202982,0.5442746265754337,0.5440742247153132,0.5439063264581727,0.543834767283535,0.5437527387281894,0.5439003239346542,0.5441436634390117,0.544248630424487,0.5440249674973656,0.5438892093653187,0.5440101908147648,0.5440131261644134,0.5438761648790087,0.5437612731402849,0.543963343295625,0.5442641196729436,0.5445535623508215,0.5447587779994858,0.5449366129167919,0.5446429561254033,0.544036215883215,0.5443156425790378,0.5447180728937439,0.5449045280392577,0.5447128171366159,0.5444331064972382,0.5442393039081488,0.5441784852124953,0.5439413664233709,0.5437940822586723,0.5439038936010514,0.5443542275520572,0.5444085836400953,0.5441335952474339,0.5439060220606101,0.5438667322117257,0.5439984875182605,0.5442055974461247,0.5442876966169732,0.5441687807140565,0.543968672668851,0.5439726566937628,0.5441231497478426,0.5441989020145258,0.5440474048920237,0.5440888370139177,0.5441788134313968,0.5441767066963868,0.5439392553175492,0.5440734291300241,0.5442918430465594,0.5439391623419609,0.5435245074130219,0.543540983975533,0.5440791076585609,0.5440923815541073,0.5437545561245583,0.5435126978117159,0.5441082829587572,0.5441685688030606,0.5443393129709057,0.5453972279253538,0.5453428953330695,0.5447541054631861,0.5442586193501896,0.544302875007642,0.5444693342347459,0.5444364693762402,0.5439900983860185,0.544137532552896,0.5441182577320314,0.5435457026202173,0.5441751691441038,0.5443390981273332,0.5439693100911424,0.5444821244516319,0.5448265131291585,0.544964482807547,0.545037076759531,0.5447184790370169,0.5440822865220563,0.5434307699227713,0.5434096007910268,0.5438008779424305,0.5442265021765142,0.5442813670281194,0.5444624602374073,0.5445592654673049,0.5444852534400634,0.5447055062623463,0.5447951915206359,0.544667081641154,0.5444647254793001,0.5443553431262044,0.5442124410521709,0.5440175798808401,0.544433283979001,0.5448316337738733,0.5447575087288649,0.5439430508421679,0.5438469386610945,0.5443391030693965,0.544724068660371,0.5442263310297109,0.5436284433802804,0.5434756378685281,0.543882314920414,0.5438982098005407,0.543686073151651,0.5437513383424106,0.5432154541407408,0.5433247107632965,0.5443342946066132,0.5439437094196939,0.5433226666006358,0.5427573062798694,0.5422361146363894,0.5427340971789884,0.5429766550110271,0.5423781936333163,0.5432356405893203,0.5432525164213816,0.5425861176920498,0.5429913558652152,0.5431255429489164,0.5427012751594326,0.5420381853822865,0.5429003967912726,0.5428279748254359,0.5419059007974457,0.5423735800732524,0.5424520531063942,0.5420884163460177,0.5416626961194316,0.5417292254925964,0.5414418264542056,0.5408803630072373,0.5410705938835111,0.5415209304783322,0.5414407158033283,0.5404693488602618,0.5403341479446445,0.5407254897338273,0.5410482768370135,0.5404591452586174,0.5403335695364689,0.5402565680417392,0.5396809420733026,0.539755875085177,0.5403966578052727,0.5409069775846219,0.5399405532556721,0.5391256732596933,0.5385860008982646,0.5382712041556995,0.5395123695347591,0.5398947521866315,0.5388795817220126,0.5381998646606379,0.5377859381819452,0.5375945142378445,0.5374845948082076,0.5370900971090682,0.5373190046705868,0.5377733950383887,0.5366710531908324,0.5356417173945862,0.5353682445561876,0.5358814537422448,0.5357901863193186,0.5350677253152757,0.5339209001702698,0.5327980355573246,0.5326622693957279,0.5330198927798785,0.5331704770580776,0.5329443379266204,0.5331842064779287,0.5336558498769892,0.5333188407006536,0.5327931265482969,0.5319356421166097,0.530936068968774,0.5312895277818447,0.531740406228479,0.5321128778708533,0.5327558436567027,0.5324227040757642,0.5321352969966469,0.5323428608582187,0.5314293458296401,0.5310699591142617,0.5310378546137084,0.5305227395764215,0.5311378455931426,0.5307601449973688,0.529554303970489,0.5319059136850822,0.5313506404266339,0.5304232202864637,0.532697201437664,0.5310764851303023,0.5291930488046538,0.5296423373951783,0.5332043965226072,0.5343348937428978,0.5334016120925474,0.5323975484953603,0.5334043090506023,0.5344156029178575,0.534390841773493,0.5331937423952389,0.5326809028458009,0.5017660966635804,0.5017389995779039,0.501073978000982,0.5014089300656027,0.5027538462893709,0.5034493743556064,0.5037661905524787,0.5048912647778826,0.5043560252348072,0.5044823920718894,0.5048933461104723,0.5046022612529981,0.5056833130813079,0.5050461510268586,0.5040761468064666,0.5039615097013153,0.5041360730901859,0.5041644840139564,0.505743339576985,0.5065650461719768,0.5070169016858641,0.5072339605799886,0.5062519477750693,0.505807460777602,0.5051601824523131,0.5047800230877937,0.5045456280989885,0.5045612720412674,0.5055665657558481,0.5058190372137232,0.5054282237820561,0.5057402651888396,0.5063004919806667,0.5065349606951296,0.5068070816343299,0.5066834069027454,0.5065035626321349,0.5066914608223445,0.5067733596593952,0.50736777864009,0.508101865722769,0.5071870189004852,0.5066153567348405,0.5074155023955919,0.507187431337246,0.5070892200888594,0.5073493645688506,0.5078540069952121,0.507296248854584,0.5077170745848238,0.5082258763093866,0.5086784370625134,0.5096209648300668,0.508549559362792,0.5070410378548854,0.5062810726678629,0.505463751839083,0.5059397407856193,0.5069724506014927,0.5074898340366073,0.5080461395973344,0.5083194262699526,0.5084554349378981,0.5088779741986476,0.5093004647657753,0.5089166964631489,0.508686476313352,0.5082727151845359,0.5080955176495559,0.5089312626949943,0.5086756006617843,0.5086690767340384,0.5092284334401179,0.5084192145495314,0.5083150802080684,0.5084589820875033,0.5089787053031308,0.5088057202767734,0.5092691847398974,0.5090779221957903,0.5085010103459752,0.5087309061447615,0.5085739239388948,0.5085246909075506,0.5088323593067597,0.5089264961329989,0.509330280815011,0.5094328239214534,0.5090389383984419,0.508117032284183,0.5077818473056542,0.5072582883410429,0.5076088846233873,0.5090311356843387,0.5100072144954096,0.5095075808312525,0.5082452740433613,0.5073622451893833,0.5063144363456513,0.5062872593807038,0.5075754401746211,0.5079058018374019,0.5075758054634701,0.5079199818300133,0.5077715319078815,0.5073726668486306,0.5064713595303162,0.5065285147548851,0.506847729217811,0.5067719204873146,0.5077066909929234,0.5082268963919484,0.507321045691553,0.5064372498825548,0.5054878804969487,0.5049419223862671,0.5058687408206592,0.5064425065931152,0.5058592214355293,0.5055133756651018,0.5053196238856438,0.50445360542019,0.5042303130947482,0.5053261806390782,0.5049909721995126,0.5038205767676595,0.5027288834507502,0.5023866639411072,0.5022117517252975,0.5025647936853134,0.5030378542297061,0.5021138489618973,0.5003040110621703,0.4988820862240658,0.49844759606933986,0.4987257579279332,0.49856642081465613,0.4977717418702612,0.49619318938890034,0.4950973435058945,0.4935808292786273,0.49262860364057304,0.4923668468191317,0.4916159169127703,0.49039798120409295,0.48951283783634236,0.4888047849042898,0.4878884935564871,0.4866518923863451,0.4859420000893145,0.48537199072847825,0.48401022444683556,0.4835624766697903,0.4837117304019902,0.4829794276913394,0.4815920832764734,0.48091716259402795,0.4796792154914298,0.47915586120077697,0.48019089952446486,0.4800472258392619,0.47973341079203363,0.47868145661681466,0.47789606415087954,0.47709589132850716,0.4769476388962067,0.4774613183881158,0.4772020139825088,0.4763714932397514,0.47608857509123864,0.47620226250990083,0.47607533748682046,0.4764912823072523,0.4763334598158928,0.47522015572997467,0.47492907410982044,0.47529166299467823,0.4751810821557334,0.4749137617428089,0.47501776645693217,0.47537161318025745,0.4748626342695191,0.47443793763929465,0.47497482093789106,0.47466550896408516,0.4737898406459891,0.4735769608323199,0.47306018667812727,0.4729182519340251,0.4733335443974596,0.47327038213871075,0.47295196452033395,0.47277698189478157,0.4724144212052001,0.4722747347240645,0.4724108756765491,0.47248498031446506,0.472711611054425,0.47257568373677294,0.4722826352395431,0.47249342436227687,0.4726517562671212,0.4721955808037308,0.4720829988329905,0.4725772498295974,0.4727692547650758,0.47275009060262635,0.4729019550215872,0.4728681055509524,0.4730779930946606,0.47382926817552173,0.4739171304180216,0.47349100150538953,0.47362811770224533,0.4737469713174389,0.47382229690946087,0.47440925494449593,0.47462661425578245,0.4744392443128069,0.47420649980529744,0.4742893332391184,0.4746000702596956,0.4746691320066454,0.4749367221718688,0.47553535482739057,0.47581098956778345,0.47585859235116496,0.4756243951333629,0.47586200937879575,0.47601274284162426,0.4762405661676683,0.47712485443146163,0.4774224143862219,0.4769541039014543,0.4770754340032493,0.47770143667243975,0.47784715187363663,0.47785029931606054,0.47792705424830856,0.47823438169540256,0.47833545333447075,0.4784950588587324,0.4791075230797555,0.47939778243125336,0.4787443035884018,0.4786872657027767,0.47883635921603895,0.47905328706210754,0.4793895468514204,0.4795495521040296,0.47976082670379927,0.47984610675298156,0.4797711275018472,0.4797676090485295,0.4796265062473872,0.4797312174210201,0.48000567938977173,0.48014779879143393,0.48060482297506835,0.48075775263212983,0.4805741511739657,0.4803101268482832,0.4805396639862099,0.4804984675802982,0.4802663536105723,0.48059445639537823,0.48062591177250436,0.48037487478701363,0.480250900894698,0.48016458062317796,0.4803185461158904,0.48082910652271443,0.48069602596135386,0.48016764052107436,0.48020241221075216,0.48031905615478093,0.4800616176497785,0.47990779182416554,0.4799735664381027,0.47977814704398314,0.47944402258536317,0.47930432511197274,0.47949260656759246,0.47925834503729586,0.4787901715255441,0.4789320690890355,0.47914540988989285,0.47889356509442776,0.47805412879235704,0.47795120420626375,0.4781795001656059,0.4778701448363493,0.47753142162945456,0.477395965959637,0.4769871576251279,0.47666141500051806,0.47672540427486015,0.4766586751939863,0.4763574363480921,0.47592572509265196,0.47556277612825626,0.4752808716017939,0.4747020128657097,0.47428683454706433,0.4743739733595298,0.47405161049472855,0.4732959738626876,0.4727423126466528,0.47236005275766485,0.4719420056980008,0.4713542987556585,0.4707773008440584,0.47022247522055166,0.4695297178513045,0.46883202785420613,0.46810671245020685,0.4676940617582245,0.4675091431524829,0.4668361116916474,0.46629806157048354,0.4655589750724877,0.46415970520227573,0.46315138597452954,0.4624305046487927,0.4616177902335506,0.4607561907391158,0.45994149863236067,0.45933016717643266,0.4584653341987224,0.45734567995541675,0.45642146380395193,0.455589882241844,0.45462103391307146,0.45342536951180445,0.4522386752023737,0.4511931221274729,0.44995707625013337,0.448855199675961,0.4479955594254837,0.44709568092095503,0.4461591315301106,0.4451022238330188,0.4440722545453477,0.44315907878692146,0.44215352657721846,0.44109518927058516,0.4402044916202887,0.4392582029920639,0.4379754034277925,0.4370146536548272,0.43651176587311347,0.43562233097705483,0.43444570633447777,0.43357871544228255,0.43276885056225095,0.4318404039524049,0.43112896214387325,0.43031227117231663,0.42937930410406094,0.428276709122504,0.42717142393788343,0.4261060808085738,0.42490546620517433,0.42351369408369577,0.42227676203796505,0.4211451693416491,0.4198157801763816,0.4183847931817812,0.41704765578606634,0.4158363313835583,0.4141986278842422,0.4124348955204375,0.41062094092365914,0.40849097502509896,0.4063811336746874,0.40444945292712003,0.4021481183021355,0.3995876527177731,0.3968721814982413,0.39392888544599364,0.3909112329727396,0.387881547870845,0.38448272743230105,0.3808145949396926,0.377071167163414,0.3730139521637698,0.3689150831798929,0.3647145722390015,0.36053038085259864,0.35637905134984293,0.3519483242922659,0.3475212404061356,0.3430901300591219,0.3385472605924603,0.3336833495080298,0.3292519605266584,0.32497805191246437,0.32066040781054533,0.3164893650921306,0.3122972329782248,0.3079205340990168,0.3039353653491291,0.300090825965699,0.2964955935378563,0.29330953572041574,0.28990946702983306,0.28634736199230176,0.2833222265275582,0.2805450112617196,0.2777390045180676,0.2752918929026618,0.2728616941562282,0.2702350206613985,0.26790107803534835,0.2658395450281047,0.2639332428369622,0.26226624572551377,0.26053885943431093,0.2588141248359526,0.257360838696984,0.2561092562938158,0.2547579370409463,0.25356227124630076,0.2524197826489845,0.2513242295574522,0.25004141763030097,0.24911278015839303,0.24854068055148584,0.24768919398590206,0.24673105617083266,0.2460370076091575,0.24537615479896474,0.2448035765299622,0.2445359123737473,0.24399809753660245,0.24322153030648228,0.2427729851427244,0.24240726201106044,0.24207491525568112,0.24197003089544603,0.24176239480572975,0.24152242598414372,0.2412521152395023,0.24085642482373204,0.2407289429534314,0.2407908046788117,0.24067683069836032,0.24062439080900222,0.2406201875103791,0.24049362928657722,0.24039838877585365,0.24039673535297326,0.24046915685061585,0.2405842038266533,0.24059455189852544,0.24055175265640044,0.2406971196176756,0.24094813842415969,0.241029188502594,0.24110543970931855,0.24131882101573776,0.24149356156309412,0.24149638859683642,0.2418710714783031,0.242657685838868,0.24302136792156875,0.24323228831135976,0.243707865148885,0.24415399032571922,0.24467801112912158,0.2454465061937501,0.2460468699621068,0.24650394690733046,0.2471019173444275,0.24778336146910226,0.24844407045507394,0.24912700670554688,0.24979712978219965,0.25040939723040606,0.25119297951294095,0.2521321771002481,0.2528875838655535,0.253610830547561,0.25444325677987834,0.25520075721936547,0.25600938557268654,0.2569743387187832,0.2579024944065797,0.25875183423972653,0.259651249277506,0.2607408645387054,0.2616132782670165,0.262227025159868,0.2630826945455299,0.263949595125067,0.2648799665253556,0.2660863448618335,0.2670860143950167,0.26797604258659735,0.2688700787294577,0.26954196292593735,0.2704815733026084,0.27171115655759476,0.27270354316249984,0.27362883955615075,0.2746816142277783,0.2757535533833639,0.276659025803574,0.27754500551046096,0.27852506310677577,0.27944060978071794,0.2802468849259411,0.2809969133080256,0.2819443796640077,0.28292787836932143,0.2837830853916127,0.2847700091102809,0.2860880118355459,0.2869997847999471,0.2876308794055133,0.2885025862222814,0.28941598139730274,0.2902217941281421,0.29098460408425897,0.2919352353905456,0.2929524272352024,0.2937519857381834,0.2945789501765884,0.29549197520573345,0.2962867626276464,0.29700095974949936,0.2978476464610105,0.29863736547400355,0.29910923873005957,0.2998880330291247,0.3010015291586217,0.301861033656847,0.3026437487389839,0.30340827711789103,0.30408264331971624,0.30485516331662343,0.3056554854895424,0.306414548847721,0.30722307328763615,0.3079794723735281,0.3086301639441254,0.30938232857407566,0.31025391361228305,0.3109528680501343,0.31152299972337383,0.31226205684975417,0.31309211234059586,0.3137034212020085,0.31423525901910454,0.3149311809838737,0.3155206982691623,0.31614940403495867,0.31703082034878755,0.31776736667103916,0.318287794350995,0.3189347951316397,0.31981162694588117,0.3204030652569764,0.3206946811360312,0.32126898004716165,0.3219520828757676,0.3224675861723961,0.322991116514652,0.323619104433849,0.3240628530368718,0.3246927105413211,0.3257080839196295,0.3264552649551687,0.3271072381696391,0.3277113708332789,0.3282102277063476,0.32870114106102083,0.3289944064248633,0.32953719922609287,0.33027132669171066,0.3308886418311694,0.3316341893296411,0.3322849711222357,0.33272725917628354,0.33328597429188833,0.3339424670474868,0.3345581035253458,0.3351986532251781,0.33578803410160896,0.3362275480049917,0.33685852220894,0.3377687490840086,0.3383449196077716,0.33870683836073395,0.3392906132762421,0.33980148524122983,0.34028132681626805,0.34104266033870456,0.341615312670259,0.3417866636040939,0.34222853845667556,0.3428017345837246,0.3434201326100172,0.344357762414571,0.34496709844269435,0.34527903237245644,0.3458288555117155,0.34639263417619803,0.34687259400612397,0.34744078650681076,0.34802823411906914,0.34846139186188974,0.3489801171588669,0.34968110597030233,0.3503494635520887,0.3511717147245389,0.35164307889548413,0.35166769685056315,0.35212024144909065,0.3526693613000712,0.3530876495933486,0.3538390472221772,0.354416641713328,0.3546088629900658,0.3549235551311204,0.35529461003485613,0.3557759541791401,0.35637984215332374,0.35681422657902523,0.35719623640864134,0.35771187702681995,0.35825705165349886,0.35864464373002036,0.359159478959196,0.35952482892719334,0.3593943616732996,0.359652767233769,0.3602139068907062,0.36061779664282195,0.361209483870686,0.3616330746970071,0.3619233999583576,0.3621027135049685,0.3618415088327708,0.36210654182392243,0.36283324776934156,0.3631014306889252,0.3634753126963091,0.36383452577476183,0.3636124806129134,0.36373401544607203,0.36435233964340824,0.3646692504344321,0.364964746152357,0.3651577594859731,0.3651424100891484,0.36511825568697687,0.36483353502148325,0.3648679806015607,0.3651911230130266,0.36534332978142736,0.3656119998366288,0.36575749058229995,0.3655314660886997,0.3656823293986381,0.3664346569794551,0.36644459339537877,0.3658369541691539,0.3659269962810741,0.3659834309319152,0.36595927927307925,0.3667647242645904,0.36683912341513203,0.36583395056128853,0.36572299642784445,0.36612127010671697,0.3660726718249125,0.36618949163908615,0.3661426066447297,0.36571938104833757,0.3654766502187174,0.36512368998948036,0.3651084548114195,0.3656041891793002,0.3653473311151097,0.3647577125136048,0.3646582247010878,0.36420945575604213,0.3639776315465464,0.36460308367218436,0.3644684114793843,0.3636565869394412,0.3632404836555185,0.3628005755394066,0.36250140531672165,0.3624616001553596,0.3620625521151082,0.36144649690877034,0.36110618402500855,0.3607153860860481,0.36046656761517654,0.36050603915953205,0.36036787871739484,0.36006528015608824,0.35994356341345934,0.36008866029330544,0.3597965663600327,0.35929328708352254,0.3590070384683621,0.35852584420732775,0.3582009638523325,0.3581228567405765,0.35783816810975283,0.3574240075640471,0.3572931621653947,0.3574180777844903,0.3568030706275605,0.3560789635918039,0.35544507654373675,0.3552877349338571,0.3556020717323502,0.3551175961511322,0.3541785474212154,0.353896744760312,0.3537234008576835,0.35344132871442513,0.3532317570984491,0.3528454424723374,0.3524428596600332,0.35227281218411033,0.35212904043170473,0.3516343972751438,0.3507378294713786,0.3506563211430171,0.3514865952316827,0.351326619268272,0.35098938581282846,0.35088091979774216,0.3495473644250577,0.34917682525488486,0.34965804898703845,0.34948078965041474,0.34967828398146616,0.34924888875301857,0.3476440427837561,0.34710462385083957,0.34702546802762513,0.34653002120070203,0.3463354261216401,0.34612142998946704,0.34544499693381847,0.3450408971770768,0.34529504894223834,0.3450137208713404,0.34431687858634435,0.3437048392657285,0.3427799857701814,0.34221141047136233,0.34185932480921,0.3415871666843071,0.3416410754986325,0.3413834637686574,0.3409269301354712,0.3406544414292276,0.3402491590316504,0.3398662836789889,0.3395418236837901,0.3389407177241809,0.33870584708225565,0.33866750744183666,0.338053232637971,0.3376216036514579,0.3375149657837779,0.3371325579664722,0.33700439526205367,0.3369397842847528,0.3362406063854991,0.33569960441168406,0.3360076102583214,0.3363166260447323,0.3363524177103579,0.33657485653758346,0.33624948639603636,0.3356185276049491,0.33550876946403607,0.3353535867242577,0.33527139046313953,0.33550415002433515,0.33555490154230594,0.33536497527657816,0.3354952860552705,0.3359934886308268,0.336191837331053,0.3362702781858195,0.3364251169233212,0.33644503289445327,0.3364606804459249,0.336711297179591,0.3366898533136807,0.33670980579420623,0.3530267499973664,0.3539569766970734,0.3547236246403719,0.35617853800287347,0.356332807761719,0.35687947672190307,0.3577425215615975,0.3572699956069984,0.35528195084645664,0.3548011116247593,0.3535171497693946,0.35345314733283056,0.3542508635470819,0.35655304511921915,0.3570810141224485,0.35741843251199806,0.35768072391187,0.3568624988525089,0.3567811486203268,0.35693320163039066,0.3572220131411356,0.35763174566898,0.3585311429621091,0.35831623057640927,0.358452632171169,0.35869054938358935,0.357403169168731,0.3568328386266617,0.3563346565181371,0.35642351493292596,0.35695907245968034,0.35711851695854313,0.3574443787833215,0.35816294355300127,0.3580559357345571,0.3569587873568219,0.35763822780593685,0.3583523946424524,0.35788036449754573,0.3568788296436544,0.35665595474341777,0.35622588295494956,0.3544830175384406,0.3550911742961943,0.3554762862123705,0.353347231818928,0.3522864358810986,0.3520328247063575,0.3499474838622762,0.34803901723722347,0.3460418419501876,0.3455297783474532,0.34392317631701674,0.3417686472611729,0.341846661988874,0.34063065714388685,0.33816935118049124,0.33762345300095253,0.33651115927669584,0.3337249469527605,0.33169363096509874,0.32980385333806284,0.32753407799311707,0.3243501520288086,0.3223219858883693,0.31929521783211834,0.31477270111485045,0.3106893918363658,0.3066685628194851,0.30316907754198336,0.29978969846978404,0.2969300468025883,0.2944736671425819,0.2907850899031374,0.2850822643158546,0.28074967536410805,0.27730522010305797,0.27285640416256085,0.2692654799588385,0.2653117415303688,0.25991162429657055,0.255064738669599,0.25059665554476734,0.24631876900896293,0.2420062038807872,0.2380278157617617,0.23309601943962832,0.22859884904953015,0.22452925727942089,0.21987510522754844,0.2161980190015284,0.21383982870344112,0.2107106968210421,0.20741982237894477,0.2034898710972838,0.20016870278033336,0.1970070507795493,0.19448133878660118,0.19292581755937593,0.19107030008250964,0.18916512861684343,0.18738298493187566,0.18534408761844312,0.18349255085164462,0.1816473845500191,0.1807994761480048,0.1799842498752495,0.17855884583446727,0.17784474643761658,0.17697182249176677,0.1750619066894299,0.17475696032940308,0.17419601337491655,0.17340798625968679,0.17279944368815908,0.17229845768449614,0.17270532872093358,0.1726486903058915,0.17229443098231492,0.17191284892110795,0.17153299316808926,0.17121140210444638,0.17154839034334746,0.17173201335078184,0.17247502947615245,0.17227571598384575,0.17145222953344066,0.17095372091799818,0.17061974336848917,0.169280022332551,0.16846884176031096,0.1696124797098152,0.17028530506002715,0.1705345327430297,0.17102797876857867,0.1716297464426005,0.17169559881173085,0.17167173637924737,0.17176321479940013,0.1715624362590446,0.1714589715489156,0.17137084823199045,0.1712355551270601,0.1724781900973245,0.17340867465048296,0.17360810878545443,0.17450308508886567,0.17536930801825137,0.17612831730030323,0.1763395269637246,0.17633467346833862,0.1768126349589118,0.17709126698742741,0.17674712309926716,0.1777605830828547,0.17921342166697599,0.17867405714415935,0.17782739849118295,0.17792219360704942,0.17782521655155992,0.17825640093391898,0.17997034299213052,0.1809208194898691,0.18146080435800305,0.18228660687775197,0.18328121467556763,0.18423043989057802,0.18456301939290962,0.18479116253618197,0.18531263570503215,0.185612031817715,0.18581139191200705,0.18590775244899294,0.18676612435763498,0.18816160679827082,0.18882233685320718,0.18971493759147254,0.19056260479565149,0.1915034397409579,0.19200466106985178,0.19218485194619297,0.19299681656701206,0.19374928342446177,0.19375547270390145,0.1940035379425656,0.19499350199296353,0.19571276799593082,0.19567062408306765,0.1961466362421859,0.1975274649344429,0.19814857270126193,0.1985531126175676,0.19906283458701868,0.1992314146494164,0.19977127658129243,0.2006657622362357,0.20183231457718148,0.20302744712071008,0.20508196789365638,0.2060993545085912,0.20675744604881208,0.20713574150698433,0.20665615334008522,0.20648552359155492,0.20694609842867795,0.2072826076402036,0.2073480684480071,0.2076172895169074,0.20828837632972733,0.20922260067986398,0.20962406910764403,0.20981611075099077,0.2109853463221493,0.21255455247332253,0.213446810038976,0.21467530916691507,0.21609792128286556,0.21754661483598065,0.21804127922322847,0.21777056656315036,0.2185538436292494,0.2188556197747641,0.21740718154064992,0.2176623664938151,0.21955503190078862,0.22058044021715517,0.22165145331538563,0.22231004922425698,0.22222597168562974,0.22305929823128895,0.22392275090315641,0.22561375967896294,0.2266116775533585,0.22696026598167418,0.22680506922797358,0.22423333438967602,0.2247504567546309,0.2272664252414664,0.22780984513455643,0.22880418419525456,0.2294939800229819,0.22840625342815338,0.22838052449037355,0.22975461462130295,0.2303237189522941,0.23021069604971442,0.23039975141159239,0.2316317277903804,0.2320811794696906,0.23223012699763215,0.23208396055009625,0.23255465522711807,0.2327856643854926,0.2331007867468625,0.23392146222595325,0.23475978666674155,0.23573244559961767,0.23600596329212703,0.23594796788350356,0.23644256248652737,0.23707777790442922,0.2366961060386674,0.23693231671155826,0.2378890363877527,0.23832071262746235,0.2385454729471571,0.23847532136925254,0.23786904279792306,0.23811363727865087,0.2382578499593778,0.23865247709910287,0.24037699423491132,0.24117667429867096,0.24127031739834787,0.24152841304862238,0.2417925712618766,0.24164692281947286,0.2416517351426078,0.2415690860546942,0.2418136162889099,0.24228727739981043,0.24236613274910992,0.24242773695921502,0.24260362350159648,0.24222598299048975,0.2424812343741218,0.24394525663271485,0.24418611611005836,0.24312569647474433,0.2434803187340636,0.24420432044576465,0.24472418061283702,0.24650020253831317,0.24769000690055876,0.2482894110567492,0.24804842003592167,0.2480369852273053,0.24772400712540077,0.2476458693100049,0.2471057678398962,0.24733255766010212,0.24852049391974254,0.24873660321502983,0.24855886519633208,0.24894787715953773,0.2486377780526573,0.24911684312740295,0.2511036678060407,0.25249552514994095,0.25265480964749754,0.2526393345639336,0.2531826283789678,0.2537014220898115,0.25348854863255726,0.2528788648226808,0.25359965221955616,0.25450657934638776,0.25469902572671166,0.2556375579847513,0.25664062502116786,0.2567473042233669,0.2568006892841827,0.2576495786706777,0.25845938422833303,0.25842177512324777,0.25861282066565866,0.259773605382114,0.26031421909696895,0.2607564689040679,0.26079063466484487,0.26054035436071615,0.2596035451104462,0.2600246008376454,0.26095249742191673,0.26125006022627945,0.26226968484384916,0.2628218060260999,0.2621191638597763,0.26228011663236966,0.26358394514786826,0.26411830768907024,0.2635075304280228,0.26405595960286365,0.264670984211033,0.26651490408629686,0.26800055011547685,0.2687861150712594,0.26894204571995656,0.2675514128265236,0.26761823116210437,0.26810674921824496,0.26813848940609647,0.2684192962084889,0.2685320274229902,0.2681179768658882,0.26811203499909697,0.2680056658070536,0.26867975864593796,0.27029118466808416,0.2710117944057507,0.27201569428985745,0.2728212974057143,0.2726337185022998,0.2728310289895997,0.2741237560789098,0.274243645359342,0.27393060691445836,0.2726936434649223,0.27255976379961366,0.272234952122494,0.272218600588284,0.272984159607941,0.2735068037080358,0.27395494145584776,0.27416939881928076,0.2743826733188756,0.27481413122143683,0.2751193326125704,0.2752852101683505,0.2763211969494882,0.27611281742920357,0.27358703985669697,0.27339950215315023,0.2744462897541549,0.27473918348390425,0.275699282392754,0.27755861235090384,0.27788961916914867,0.2763241790954421,0.27667352960080455,0.2779549980789063,0.2784572213601956,0.27883097972361803,0.2798568597122978,0.28147542462391684,0.2814445366911384,0.28100354718768716,0.28107866237135987,0.2802866766953898,0.279278698024964,0.27818677529674385,0.2782357467858998,0.27781013128571674,0.27808715875928175,0.281223034037611,0.28215618446174884,0.28130585343260567,0.28122189474139836,0.28099390391150847,0.27983235893432923,0.2810725747718318,0.2826251895948259,0.2823685909659752,0.2816134536074069,0.2813739011377675,0.2794975572385633,0.2793385595545692,0.28092474837529713,0.28141560445401637,0.2818229948136286,0.28193154755781275,0.28241578673125234,0.28162135424423757,0.27920161605092436,0.2781425739942292,0.2765436553329642,0.2759503380306285,0.2767787620636047,0.2771670245740673,0.27817350607111446,0.27849524738063874,0.2787850915615127,0.27869074426464663,0.2787794115481918,0.27646842443043557,0.2763044321620445,0.27644078395119787,0.2732864075780773,0.2707320706906479,0.2702463672072433,0.26948134813878993,0.26890895619525595,0.27149819573396816,0.2712566411421277,0.26805914139424303,0.2671252614856024,0.26709737641549686,0.26671170495230156,0.266682514331616,0.26637348091520546,0.2661209934748948,0.2658613384501791,0.26581929254614856,0.2648602235125421,0.2625466538501646,0.26174908477558284,0.2624073683678767,0.26105863341566676,0.2585083375574138,0.25760242128114214,0.2555609787024719,0.2543610844767996,0.25461992141744055,0.2569571976631504,0.2559993065099769,0.25390138715836513,0.25314935365732905,0.25250779356501346,0.252578301049415,0.2527238939446713,0.2517192672192407,0.2506009126973475,0.25029522339738314,0.2509810218204428,0.24997782442229538,0.2482611497752856,0.24747165779867808,0.24548056685079117,0.245393117900372,0.24809423993095278,0.24769857915554816,0.24613941403984552,0.24532895462732274,0.24339297817779793,0.2422336418861101,0.24142132028327637,0.241518833611644,0.24282671526201666,0.24223345387804526,0.24107619225221616,0.24101946337655622,0.24066613776253115,0.23978840328224488,0.23921684424335002,0.23945145038540874,0.23954208825703008,0.23868172090571466,0.2380416072745577,0.23853277513709378,0.23987608022498172,0.237803017280876,0.2361912981296385,0.23790785761242744,0.23860279319278024,0.2379644327322325,0.23818681459488095,0.23685001049568924,0.23480567455189205,0.23467877160464787,0.2343545886252174,0.23552466184479104,0.23729391710321718,0.2356191742862579,0.23370923150491524,0.2340499834519887,0.23352809709926414,0.23058436579038677,0.230938185094958,0.23438327455625732,0.23528715849890153,0.23637697662450755,0.23586918517184874,0.23360865551554852,0.23286918754147867,0.23161292798610833,0.23135798652298506,0.23252552536620863,0.23219755773744113,0.23071726241218138,0.2310355471891569,0.2327256978007017,0.23260997306336825,0.2333848547213113,0.23267711434505883,0.22819089237360396,0.22697322585364513,0.2270389570919724,0.22649090989968743,0.22703056984972494,0.22789316119401276,0.23010979207821894,0.22994428235704842,0.22845523305096468,0.22842459127251669,0.22685961534127,0.22553004792839818,0.22600080131990147,0.22627404387482897,0.22512726881455858,0.22463077459909045,0.22691500363815417,0.22670566082113677,0.22421384789893595,0.22235475390081857,0.22349599083762825,0.2221449961073846,0.21932349351054342,0.2195661704981643,0.21959507048148816,0.21647607053079457,0.21785303191285055,0.2210781263786757,0.21960757175703333,0.22044304901511824,0.2199845296717948,0.21809320511426125,0.21944663721891708,0.219836874007935,0.2233034354895387,0.22514569084458882,0.22285994230418488,0.220870428378399,0.2161083818782392,0.2154253275193887,0.21894316035433056,0.22199881028776933,0.2240511124372373,0.22280038531158947,0.2201492473372537,0.2144049384782146,0.2106268212596704,0.21437067362006504,0.2150269662090491,0.21525835215090203,0.21698216350075583,0.21080858973992952,0.21174317083517324,0.21674441471759603,0.21597088689217953,0.2168003590164759,0.21022207626774558,0.20516721832935075,0.20819067692603813,0.20639890908997052,0.20302962981468892,0.2044514311631211,0.20723940264736296,0.2050890848080236,0.20780421034691518,0.21345298109309266,0.20837684301230727,0.2072362716376702,0.2091465353102009,0.20519258883975364,0.20035056382316235,0.19815250976253315,0.2029123384286371,0.20193054586568146,0.19886246707652128,0.20339502479674937,0.2041300406908843,0.20123992696058207,0.19879932920521468,0.19887198736792153,0.1986449153050086,0.19478620630351048,0.19425561430976138,0.1949057845272161,0.19284064073646312,0.19764916347660458,0.20426220120569835,0.20122750260161665,0.20206318467366197,0.20495680057381085,0.19952775563850653,0.19883438151616736,0.20073315489190777,0.1962136965923799,0.1962983372428146,0.20058077900099533,0.19537082410763815,0.19091970088725593,0.19593230613743837,0.19827900044157773,0.19616339902958896,0.19257527475373173,0.18744946155668563,0.1888768136661488,0.19612478331348587,0.19836116707653825,0.19744631961246714,0.19547255822974852,0.1960140799174879,0.2007271248684635,0.19928174685152314,0.1951992237078133,0.19482112293589426,0.1901935375707029,0.18429822201457258,0.18854985655924314,0.1889396822663396,0.17796207902633185,0.17181260478823712,0.16993802738618966,0.1710531627132763,0.18034416203688947,0.18782477675147158,0.1878106377361225,0.18300926785006805,0.17369684254854917,0.1741952148970492,0.1840547432589739,0.18814719420880768,0.18423739516876733,0.17301264479519585,0.17008945229626152,0.16568445732917822,0.16624262382097096,0.18158785533665567,0.18432371832351663,0.17098186698607493,0.1700622450561966,0.1775558300146202,0.17764398814880233,0.18212499293457773,0.18067062597234618,0.1667361111100638,0.16320255860853566,0.16256854872674412,0.1771109614291591,0.18419909280664903,0.1834563417446498,0.18608809272258714,0.17980093620951013,0.16959615279252072,0.1694593857269347,0.1666695872351574,0.16515121390089438,0.17012907709619793,0.1728003283776355,0.17675887573663024,0.1705710442921482,0.1646264210206196,0.17845294170306247,0.18537543097465117,0.1982988975974629,0.20581527216053908,0.16089022098037897,0.1476335248774327,0.17116406135008716
